version 2
run PerfectCC-0-20100909-19:39:57-1816
attr configname PerfectCC
attr datetime 20100909-19:39:57
attr experiment PerfectCC
attr inifile D:/Developement/Oversim2/multic/simulations/omnetpp.ini
attr iterationvars $rateIncoming=400000
attr iterationvars2 "$rateIncoming=400000, $repetition=0"
attr measurement $rateIncoming=400000
attr network oversim.underlay.simpleunderlay.SimpleUnderlayNetwork
attr processid 1816
attr rateIncoming 400000
attr repetition 0
attr replication #0
attr resultdir results
attr runnumber 0
attr seedset 0

vector 1  SimpleUnderlayNetwork.globalObserver.globalStatistics  incoming_bytes  ETV
vector 2  SimpleUnderlayNetwork.globalObserver.globalStatistics  drops  ETV
vector 3  SimpleUnderlayNetwork.globalObserver.globalStatistics  delayed_acks  ETV
vector 4  SimpleUnderlayNetwork.globalObserver.globalStatistics  timetotimeouts  ETV
vector 5  SimpleUnderlayNetwork.globalObserver.globalStatistics  rate  ETV
vector 6  SimpleUnderlayNetwork.globalObserver.globalStatistics  "GlobalNodeList: Number of nodes"  ETV
vector 7  SimpleUnderlayNetwork.globalObserver.globalStatistics  "GlobalNodeList: Number of bootstrapped malicious nodes"  ETV
1	41992580	517	89305
1	42076057	518	89093
1	42161291	519	91001
1	42245277	520	88669
1	42330406	521	92061
1	42414507	522	89517
1	42497321	523	86496
1	42581990	524	91796
1	42665846	525	88457
1	42748367	526	85701
1	42831840	527	88510
1	42915412	528	88033
1	42999380	529	90100
1	43083719	530	88669
1	43166636	531	87821
1	43250946	532	90471
1	43334483	533	88139
1	43417890	534	87715
1	43502901	535	91849
1	43587412	536	90100
1	43671949	537	90789
1	43755435	538	87715
1	43839539	539	89464
1	43923080	540	87768
1	44006420	541	88457
1	44090493	542	89146
1	44174254	543	89040
1	44258736	544	90100
1	44342692	545	89888
1	44425896	546	87026
1	44509644	547	89305
1	44593017	548	87874
1	44676283	549	88086
1	44760329	550	89464
1	44843766	551	87662
1	44927136	552	87556
1	45010213	553	87768
1	45094053	554	89464
1	45177946	555	88510
1	45262907	556	91849
1	45346068	557	87238
1	45429993	558	89411
1	45514231	559	89941
1	45598575	560	89623
1	45683974	561	91902
1	45767752	562	88404
1	45850953	563	86973
1	45934675	564	89888
1	46018670	565	88881
1	46101538	566	86443
1	46185275	567	88828
1	46268519	568	88775
1	46352968	569	89570
1	46436510	570	88139
1	46520225	571	89517
1	46603964	572	87980
1	46688210	573	89994
1	46771529	574	87132
1	46855871	575	91213
1	46939754	576	88722
1	47024203	577	89729
1	47106785	578	85966
1	47190906	579	90365
1	47274529	580	88669
1	47358443	581	89358
1	47442439	582	88934
1	47528285	583	92591
1	47610375	584	84694
1	47695012	585	91054
1	47779908	586	89782
1	47862942	587	87185
1	47946398	588	88669
1	48030087	589	88722
1	48113688	590	88828
1	48196664	591	86284
1	48279451	592	87609
1	48363876	593	89729
1	48447232	594	87344
1	48531835	595	91531
1	48616576	596	90577
1	48700966	597	91107
1	48785180	598	89517
1	48868571	599	87238
1	48953325	600	90577
1	49036546	601	88139
1	49120968	602	90418
1	49203671	603	86655
1	49288830	604	91478
1	49372249	605	87185
1	49456383	606	90365
1	49540672	607	89623
1	49623925	608	87768
1	49707190	609	87556
1	49791147	610	89411
1	49875445	611	89994
1	49960107	612	90630
1	50045211	613	91372
1	50129289	614	89411
1	50213889	615	90948
1	50298798	616	90259
1	50383251	617	90365
1	50466299	618	86655
1	50550177	619	89411
1	50633868	620	89464
1	50717702	621	88457
1	50801178	622	88457
1	50885592	623	89941
1	50969204	624	88192
1	51053152	625	89411
1	51137033	626	88510
1	51220082	627	87927
1	51304564	628	90630
1	51387298	629	86602
1	51471476	630	89676
1	51556466	631	91478
1	51639948	632	87662
1	51723065	633	87662
1	51806917	634	89941
1	51890357	635	86814
1	51974389	636	89676
1	52057872	637	87980
1	52140494	638	86390
1	52225006	639	91478
1	52308608	640	87185
1	52391744	641	87768
1	52476725	642	92220
1	52559446	643	85701
1	52643729	644	89994
1	52728234	645	89941
1	52812400	646	90100
1	52897029	647	90577
1	52981730	648	91372
1	53065054	649	86231
1	53148714	650	89994
1	53233631	651	90471
1	53317518	652	90259
1	53401253	653	87397
1	53484930	654	88775
1	53568593	655	88616
1	53651933	656	87662
1	53735977	657	90312
1	53819590	658	87238
1	53904105	659	90577
1	53987878	660	88457
1	54072507	661	90206
1	54155449	662	87450
1	54239776	663	89782
1	54323989	664	90259
1	54408041	665	89199
1	54492180	666	89570
1	54576414	667	90577
1	54661540	668	91425
1	54745258	669	88351
1	54829322	670	90206
1	54913674	671	88351
1	54997649	672	89782
1	55080125	673	85807
1	55164638	674	90577
1	55247771	675	87026
1	55331443	676	89570
1	55414923	677	87821
1	55498732	678	89782
1	55583882	679	91107
1	55667224	680	87980
1	55751823	681	90418
1	55835724	682	88669
1	55920862	683	91690
1	56005254	684	89941
1	56089487	685	89994
1	56173870	686	90153
1	56259050	687	91160
1	56342528	688	88775
1	56427624	689	91372
1	56511217	690	88828
1	56595802	691	90365
1	56678680	692	85754
1	56762479	693	90418
1	56846578	694	89199
1	56930761	695	89411
1	57014852	696	88722
1	57099771	697	91531
1	57184851	698	91584
1	57268160	699	87768
1	57352977	700	90895
1	57436016	701	87132
1	57520263	702	90471
1	57603848	703	87026
1	57688042	704	90789
1	57771322	705	87980
1	57854706	706	86920
1	57938181	707	89464
1	58023109	708	90842
1	58106734	709	88775
1	58190537	710	89093
1	58274481	711	88828
1	58358107	712	88510
1	58442488	713	90312
1	58527035	714	90524
1	58610833	715	88828
1	58695480	716	89517
1	58777866	717	86814
1	58862413	718	90365
1	58946591	719	89729
1	59030566	720	89464
1	59113358	721	86443
1	59197523	722	89676
1	59281218	723	88086
1	59365849	724	91107
1	59449614	725	87927
1	59533693	726	90365
1	59618049	727	90471
1	59702289	728	89199
1	59786674	729	90312
1	59869940	730	87450
1	59955024	731	91478
1	60038845	732	88245
1	60122273	733	88616
1	60206185	734	88457
1	60290086	735	89782
1	60373884	736	89994
1	60458246	737	88934
1	60541937	738	89570
1	60626228	739	89199
1	60710496	740	89729
1	60794121	741	88563
1	60877675	742	88881
1	60962610	743	90683
1	61045591	744	87238
1	61130391	745	91531
1	61214382	746	87556
1	61297807	747	88616
1	61382275	748	90948
1	61466803	749	89517
1	61551757	750	91319
1	61636461	751	91107
1	61720622	752	90471
1	61805815	753	91637
1	61890202	754	89464
1	61973914	755	89093
1	62058876	756	91319
1	62141014	757	85012
1	62224734	758	88828
1	62308849	759	89093
1	62393894	760	92220
1	62478136	761	89835
1	62561885	762	88722
1	62645875	763	88457
1	62728345	764	86125
1	62811972	765	89782
1	62896078	766	88775
1	62979218	767	87609
1	63063461	768	89941
1	63147125	769	88987
1	63231512	770	89358
1	63316361	771	91001
1	63400505	772	89040
1	63483761	773	87821
1	63568877	774	91637
1	63653657	775	90259
1	63737294	776	89358
1	63821822	777	90418
1	63906099	778	89782
1	63989645	779	88351
1	64074354	780	90630
1	64158434	781	88033
1	64243029	782	91319
1	64327390	783	89411
1	64412738	784	92750
1	64497064	785	90100
1	64581361	786	89623
1	64664763	787	88351
1	64749150	788	90047
1	64831736	789	85807
1	64915494	790	89040
1	64998026	791	85754
1	65082049	792	89994
1	65165421	793	87079
1	65249303	794	89835
1	65333361	795	89093
1	65415768	796	85860
1	65499843	797	89994
1	65583243	798	87079
1	65666604	799	89358
1	65751176	800	90577
1	65835140	801	88404
1	65918933	802	88563
1	66003294	803	90365
1	66086408	804	87132
1	66170762	805	90471
1	66254938	806	89570
1	66338270	807	86920
1	66423625	808	92962
1	66507421	809	88245
1	66591847	810	90630
1	66676070	811	90206
1	66761147	812	91478
1	66845024	813	87821
1	66929446	814	91107
1	67014695	815	90471
1	67098442	816	89517
1	67182616	817	89411
1	67266446	818	89782
1	67351034	819	90577
1	67435006	820	88722
1	67518275	821	88245
1	67602573	822	89782
1	67686385	823	88510
1	67768518	824	84747
1	67852345	825	89623
1	67936619	826	90100
1	68021138	827	89676
1	68106278	828	92962
1	68190086	829	87927
1	68274122	830	90524
1	68359131	831	91107
1	68441950	832	86178
1	68526043	833	90153
1	68609327	834	86867
1	68693544	835	90259
1	68777953	836	90842
1	68863200	837	90683
1	68947093	838	89040
1	69031224	839	89729
1	69114770	840	88722
1	69198621	841	88669
1	69280558	842	84906
1	69364341	843	88563
1	69447634	844	88086
1	69532307	845	91001
1	69616029	846	87768
1	69699484	847	89040
1	69783692	848	89411
1	69866847	849	87397
1	69950971	850	89888
1	70035793	851	91372
1	70119544	852	87185
1	70202941	853	88828
1	70288019	854	92114
1	70372579	855	90047
1	70456978	856	89411
1	70540465	857	88192
1	70625046	858	90948
1	70708749	859	88881
1	70793280	860	90471
1	70877852	861	90736
1	70961614	862	88404
1	71046062	863	90577
1	71129661	864	88563
1	71214166	865	89782
1	71298077	866	88828
1	71381732	867	89623
1	71466162	868	89464
1	71549746	869	88510
1	71633119	870	88722
1	71716831	871	87927
1	71799813	872	86443
1	71884484	873	91690
1	71968203	874	88563
1	72052674	875	90736
1	72136784	876	89252
1	72220476	877	87662
1	72304844	878	90365
1	72387916	879	87927
1	72472461	880	90312
1	72556609	881	88987
1	72642002	882	91266
1	72726486	883	90047
1	72812288	884	93863
1	72897379	885	90842
1	72982714	886	91637
1	73067478	887	91584
1	73152581	888	91266
1	73237767	889	92538
1	73322445	890	88881
1	73407448	891	92379
1	73491594	892	89358
1	73576293	893	91213
1	73660731	894	90630
1	73745139	895	89199
1	73828677	896	88510
1	73913893	897	91743
1	73998090	898	90259
1	74083154	899	90789
1	74167517	900	90630
1	74252212	901	90471
1	74336029	902	88934
1	74421008	903	91743
1	74504659	904	87344
1	74588128	905	89676
1	74673534	906	91637
1	74757163	907	88457
1	74841570	908	90312
1	74926417	909	89729
1	75010373	910	88934
1	75093841	911	89146
1	75178232	912	89941
1	75261701	913	88298
1	75344130	914	86390
1	75428644	915	89729
1	75512825	916	89835
1	75597255	917	90524
1	75681731	918	90100
1	75765826	919	89888
1	75850606	920	90259
1	75932483	921	84906
1	76016684	922	89994
1	76099197	923	86178
1	76184531	924	92061
1	76268550	925	88616
1	76352085	926	88881
1	76436844	927	90153
1	76520625	928	89199
1	76605056	929	90524
1	76689141	930	87980
1	76773508	931	91001
1	76857748	932	90365
1	76941493	933	87927
1	77025098	934	88881
1	77109241	935	89676
1	77192104	936	86496
1	77276526	937	90259
1	77359818	938	87079
1	77444703	939	91372
1	77529263	940	90842
1	77612707	941	87609
1	77696435	942	89623
1	77779618	943	87132
1	77863354	944	89729
1	77947216	945	88245
1	78030977	946	89146
1	78115325	947	89517
1	78198801	948	87768
1	78281896	949	87185
1	78365545	950	89570
1	78450135	951	90206
1	78532774	952	87821
1	78617594	953	89941
1	78700935	954	88722
1	78784979	955	87609
1	78868915	956	89782
1	78952652	957	89093
1	79037602	958	89941
1	79121364	959	89252
1	79205536	960	88722
1	79288237	961	86496
1	79371881	962	89782
1	79456811	963	90842
1	79540830	964	88669
1	79624226	965	87927
1	79707804	966	89040
1	79791374	967	87609
1	79875381	968	90789
1	79959750	969	89729
1	80044115	970	89570
1	80128318	971	89888
1	80212367	972	89358
1	80296863	973	90153
1	80380735	974	89358
1	80465478	975	91160
1	80550183	976	89888
1	80634608	977	90100
1	80718981	978	89994
1	80804129	979	91849
1	80888433	980	89358
1	80972358	981	88934
1	81056404	982	89782
1	81140566	983	89411
1	81223480	984	87397
1	81307100	985	89411
1	81391596	986	89517
1	81475356	987	88669
1	81559766	988	89464
1	81644411	989	91107
1	81728643	990	89411
1	81811841	991	87185
1	81895270	992	89305
1	81978889	993	87874
1	82063056	994	90471
1	82147374	995	89570
1	82230892	996	87715
1	82314958	997	89305
1	82399328	998	90736
1	82484554	999	91266
2	41992580	517	20
2	42076057	518	18
2	42161291	519	87
2	42245277	520	18
2	42330406	521	41
2	42414507	522	78
2	42497321	523	18
2	42581990	524	43
2	42665846	525	70
2	42748367	526	34
2	42831840	527	36
2	42915412	528	30
2	42999380	529	56
2	43083719	530	57
2	43166636	531	14
2	43250946	532	34
2	43334483	533	43
2	43417890	534	11
2	43502901	535	62
2	43587412	536	12
2	43671949	537	51
2	43755435	538	20
2	43839539	539	42
2	43923080	540	43
2	44006420	541	22
2	44090493	542	36
2	44174254	543	33
2	44258736	544	30
2	44342692	545	37
2	44425896	546	27
2	44509644	547	26
2	44593017	548	48
2	44676283	549	40
2	44760329	550	63
2	44843766	551	42
2	44927136	552	41
2	45010213	553	30
2	45094053	554	50
2	45177946	555	10
2	45262907	556	48
2	45346068	557	35
2	45429993	558	34
2	45514231	559	45
2	45598575	560	19
2	45683974	561	66
2	45767752	562	67
2	45850953	563	22
2	45934675	564	50
2	46018670	565	75
2	46101538	566	18
2	46185275	567	37
2	46268519	568	38
2	46352968	569	64
2	46436510	570	16
2	46520225	571	34
2	46603964	572	49
2	46688210	573	61
2	46771529	574	10
2	46855871	575	34
2	46939754	576	34
2	47024203	577	59
2	47106785	578	11
2	47190906	579	34
2	47274529	580	17
2	47358443	581	63
2	47442439	582	35
2	47528285	583	113
2	47610375	584	22
2	47695012	585	77
2	47779908	586	65
2	47862942	587	44
2	47946398	588	42
2	48030087	589	18
2	48113688	590	61
2	48196664	591	58
2	48279451	592	9
2	48363876	593	76
2	48447232	594	22
2	48531835	595	32
2	48616576	596	27
2	48700966	597	23
2	48785180	598	59
2	48868571	599	29
2	48953325	600	59
2	49036546	601	19
2	49120968	602	69
2	49203671	603	19
2	49288830	604	70
2	49372249	605	43
2	49456383	606	28
2	49540672	607	42
2	49623925	608	56
2	49707190	609	11
2	49791147	610	15
2	49875445	611	40
2	49960107	612	29
2	50045211	613	30
2	50129289	614	28
2	50213889	615	59
2	50298798	616	46
2	50383251	617	76
2	50466299	618	14
2	50550177	619	47
2	50633868	620	23
2	50717702	621	35
2	50801178	622	30
2	50885592	623	52
2	50969204	624	18
2	51053152	625	28
2	51137033	626	50
2	51220082	627	7
2	51304564	628	67
2	51387298	629	38
2	51471476	630	17
2	51556466	631	54
2	51639948	632	44
2	51723065	633	29
2	51806917	634	71
2	51890357	635	23
2	51974389	636	57
2	52057872	637	62
2	52140494	638	7
2	52225006	639	65
2	52308608	640	46
2	52391744	641	13
2	52476725	642	77
2	52559446	643	25
2	52643729	644	21
2	52728234	645	37
2	52812400	646	10
2	52897029	647	31
2	52981730	648	88
2	53065054	649	37
2	53148714	650	36
2	53233631	651	18
2	53317518	652	62
2	53401253	653	40
2	53484930	654	39
2	53568593	655	45
2	53651933	656	13
2	53735977	657	56
2	53819590	658	24
2	53904105	659	76
2	53987878	660	34
2	54072507	661	57
2	54155449	662	27
2	54239776	663	27
2	54323989	664	44
2	54408041	665	21
2	54492180	666	29
2	54576414	667	25
2	54661540	668	41
2	54745258	669	15
2	54829322	670	64
2	54913674	671	25
2	54997649	672	87
2	55080125	673	20
2	55164638	674	76
2	55247771	675	31
2	55331443	676	54
2	55414923	677	36
2	55498732	678	22
2	55583882	679	69
2	55667224	680	30
2	55751823	681	49
2	55835724	682	5
2	55920862	683	39
2	56005254	684	33
2	56089487	685	43
2	56173870	686	13
2	56259050	687	34
2	56342528	688	15
2	56427624	689	52
2	56511217	690	29
2	56595802	691	85
2	56678680	692	7
2	56762479	693	31
2	56846578	694	44
2	56930761	695	62
2	57014852	696	33
2	57099771	697	17
2	57184851	698	62
2	57268160	699	26
2	57352977	700	48
2	57436016	701	18
2	57520263	702	73
2	57603848	703	29
2	57688042	704	32
2	57771322	705	83
2	57854706	706	30
2	57938181	707	16
2	58023109	708	47
2	58106734	709	32
2	58190537	710	29
2	58274481	711	47
2	58358107	712	21
2	58442488	713	27
2	58527035	714	72
2	58610833	715	35
2	58695480	716	70
2	58777866	717	7
2	58862413	718	25
2	58946591	719	13
2	59030566	720	77
2	59113358	721	21
2	59197523	722	52
2	59281218	723	36
2	59365849	724	39
2	59449614	725	16
2	59533693	726	21
2	59618049	727	26
2	59702289	728	31
2	59786674	729	90
2	59869940	730	20
2	59955024	731	60
2	60038845	732	47
2	60122273	733	48
2	60206185	734	17
2	60290086	735	26
2	60373884	736	33
2	60458246	737	36
2	60541937	738	33
2	60626228	739	21
2	60710496	740	43
2	60794121	741	70
2	60877675	742	6
2	60962610	743	56
2	61045591	744	10
2	61130391	745	57
2	61214382	746	46
2	61297807	747	15
2	61382275	748	52
2	61466803	749	18
2	61551757	750	36
2	61636461	751	18
2	61720622	752	24
2	61805815	753	28
2	61890202	754	46
2	61973914	755	6
2	62058876	756	106
2	62141014	757	20
2	62224734	758	49
2	62308849	759	17
2	62393894	760	52
2	62478136	761	29
2	62561885	762	59
2	62645875	763	86
2	62728345	764	24
2	62811972	765	37
2	62896078	766	34
2	62979218	767	33
2	63063461	768	74
2	63147125	769	28
2	63231512	770	28
2	63316361	771	46
2	63400505	772	66
2	63483761	773	29
2	63568877	774	41
2	63653657	775	37
2	63737294	776	12
2	63821822	777	39
2	63906099	778	44
2	63989645	779	36
2	64074354	780	55
2	64158434	781	31
2	64243029	782	56
2	64327390	783	29
2	64412738	784	46
2	64497064	785	43
2	64581361	786	56
2	64664763	787	20
2	64749150	788	67
2	64831736	789	17
2	64915494	790	71
2	64998026	791	20
2	65082049	792	60
2	65165421	793	23
2	65249303	794	18
2	65333361	795	69
2	65415768	796	8
2	65499843	797	54
2	65583243	798	45
2	65666604	799	25
2	65751176	800	39
2	65835140	801	67
2	65918933	802	43
2	66003294	803	44
2	66086408	804	18
2	66170762	805	23
2	66254938	806	92
2	66338270	807	21
2	66423625	808	52
2	66507421	809	11
2	66591847	810	37
2	66676070	811	31
2	66761147	812	57
2	66845024	813	31
2	66929446	814	52
2	67014695	815	40
2	67098442	816	64
2	67182616	817	21
2	67266446	818	21
2	67351034	819	32
2	67435006	820	47
2	67518275	821	16
2	67602573	822	36
2	67686385	823	79
2	67768518	824	23
2	67852345	825	38
2	67936619	826	23
2	68021138	827	18
2	68106278	828	45
2	68190086	829	25
2	68274122	830	15
2	68359131	831	80
2	68441950	832	8
2	68526043	833	57
2	68609327	834	38
2	68693544	835	22
2	68777953	836	14
2	68863200	837	51
2	68947093	838	37
2	69031224	839	43
2	69114770	840	32
2	69198621	841	104
2	69280558	842	17
2	69364341	843	47
2	69447634	844	18
2	69532307	845	47
2	69616029	846	35
2	69699484	847	16
2	69783692	848	64
2	69866847	849	18
2	69950971	850	24
2	70035793	851	81
2	70119544	852	38
2	70202941	853	5
2	70288019	854	42
2	70372579	855	59
2	70456978	856	43
2	70540465	857	29
2	70625046	858	34
2	70708749	859	32
2	70793280	860	37
2	70877852	861	26
2	70961614	862	26
2	71046062	863	65
2	71129661	864	46
2	71214166	865	49
2	71298077	866	20
2	71381732	867	21
2	71466162	868	44
2	71549746	869	27
2	71633119	870	47
2	71716831	871	67
2	71799813	872	20
2	71884484	873	72
2	71968203	874	28
2	72052674	875	41
2	72136784	876	60
2	72220476	877	24
2	72304844	878	55
2	72387916	879	20
2	72472461	880	53
2	72556609	881	24
2	72642002	882	50
2	72726486	883	25
2	72812288	884	28
2	72897379	885	52
2	72982714	886	33
2	73067478	887	39
2	73152581	888	20
2	73237767	889	61
2	73322445	890	32
2	73407448	891	66
2	73491594	892	28
2	73576293	893	33
2	73660731	894	40
2	73745139	895	55
2	73828677	896	28
2	73913893	897	26
2	73998090	898	35
2	74083154	899	48
2	74167517	900	27
2	74252212	901	54
2	74336029	902	16
2	74421008	903	65
2	74504659	904	43
2	74588128	905	9
2	74673534	906	59
2	74757163	907	33
2	74841570	908	66
2	74926417	909	62
2	75010373	910	35
2	75093841	911	12
2	75178232	912	47
2	75261701	913	75
2	75344130	914	19
2	75428644	915	23
2	75512825	916	9
2	75597255	917	48
2	75681731	918	24
2	75765826	919	24
2	75850606	920	93
2	75932483	921	9
2	76016684	922	81
2	76099197	923	19
2	76184531	924	71
2	76268550	925	40
2	76352085	926	26
2	76436844	927	53
2	76520625	928	25
2	76605056	929	75
2	76689141	930	20
2	76773508	931	24
2	76857748	932	51
2	76941493	933	37
2	77025098	934	32
2	77109241	935	81
2	77192104	936	14
2	77276526	937	79
2	77359818	938	15
2	77444703	939	27
2	77529263	940	54
2	77612707	941	9
2	77696435	942	44
2	77779618	943	31
2	77863354	944	47
2	77947216	945	28
2	78030977	946	22
2	78115325	947	53
2	78198801	948	66
2	78281896	949	25
2	78365545	950	16
2	78450135	951	64
2	78532774	952	15
2	78617594	953	60
2	78700935	954	42
2	78784979	955	29
2	78868915	956	60
2	78952652	957	36
2	79037602	958	73
2	79121364	959	53
2	79205536	960	83
2	79288237	961	21
2	79371881	962	9
2	79456811	963	46
2	79540830	964	81
2	79624226	965	19
2	79707804	966	46
2	79791374	967	25
2	79875381	968	27
2	79959750	969	28
2	80044115	970	27
2	80128318	971	40
2	80212367	972	23
2	80296863	973	34
2	80380735	974	21
2	80465478	975	61
2	80550183	976	24
2	80634608	977	39
2	80718981	978	28
2	80804129	979	41
2	80888433	980	40
2	80972358	981	41
2	81056404	982	26
2	81140566	983	43
2	81223480	984	27
2	81307100	985	52
2	81391596	986	52
2	81475356	987	58
2	81559766	988	45
2	81644411	989	21
2	81728643	990	64
2	81811841	991	37
2	81895270	992	48
2	81978889	993	12
2	82063056	994	28
2	82147374	995	50
2	82230892	996	39
2	82314958	997	31
2	82399328	998	33
2	82484554	999	46
3	41992580	517	0
3	42076057	518	10
3	42161291	519	12
3	42245277	520	12
3	42330406	521	15
3	42414507	522	8
3	42497321	523	15
3	42581990	524	6
3	42665846	525	15
3	42748367	526	10
3	42831840	527	14
3	42915412	528	20
3	42999380	529	19
3	43083719	530	19
3	43166636	531	16
3	43250946	532	14
3	43334483	533	17
3	43417890	534	7
3	43502901	535	3
3	43587412	536	10
3	43671949	537	7
3	43755435	538	4
3	43839539	539	9
3	43923080	540	10
3	44006420	541	11
3	44090493	542	16
3	44174254	543	5
3	44258736	544	9
3	44342692	545	20
3	44425896	546	7
3	44509644	547	4
3	44593017	548	12
3	44676283	549	8
3	44760329	550	12
3	44843766	551	18
3	44927136	552	8
3	45010213	553	11
3	45094053	554	6
3	45177946	555	7
3	45262907	556	20
3	45346068	557	23
3	45429993	558	9
3	45514231	559	10
3	45598575	560	10
3	45683974	561	19
3	45767752	562	13
3	45850953	563	11
3	45934675	564	7
3	46018670	565	10
3	46101538	566	9
3	46185275	567	10
3	46268519	568	4
3	46352968	569	8
3	46436510	570	9
3	46520225	571	15
3	46603964	572	14
3	46688210	573	13
3	46771529	574	13
3	46855871	575	14
3	46939754	576	25
3	47024203	577	14
3	47106785	578	6
3	47190906	579	21
3	47274529	580	20
3	47358443	581	12
3	47442439	582	8
3	47528285	583	14
3	47610375	584	13
3	47695012	585	18
3	47779908	586	10
3	47862942	587	25
3	47946398	588	16
3	48030087	589	16
3	48113688	590	21
3	48196664	591	7
3	48279451	592	4
3	48363876	593	8
3	48447232	594	10
3	48531835	595	6
3	48616576	596	40
3	48700966	597	22
3	48785180	598	29
3	48868571	599	11
3	48953325	600	12
3	49036546	601	7
3	49120968	602	11
3	49203671	603	20
3	49288830	604	15
3	49372249	605	4
3	49456383	606	6
3	49540672	607	6
3	49623925	608	6
3	49707190	609	4
3	49791147	610	14
3	49875445	611	10
3	49960107	612	18
3	50045211	613	23
3	50129289	614	19
3	50213889	615	12
3	50298798	616	10
3	50383251	617	6
3	50466299	618	16
3	50550177	619	21
3	50633868	620	21
3	50717702	621	24
3	50801178	622	13
3	50885592	623	8
3	50969204	624	9
3	51053152	625	7
3	51137033	626	7
3	51220082	627	18
3	51304564	628	8
3	51387298	629	20
3	51471476	630	12
3	51556466	631	14
3	51639948	632	6
3	51723065	633	5
3	51806917	634	7
3	51890357	635	22
3	51974389	636	20
3	52057872	637	18
3	52140494	638	4
3	52225006	639	11
3	52308608	640	13
3	52391744	641	7
3	52476725	642	12
3	52559446	643	21
3	52643729	644	14
3	52728234	645	8
3	52812400	646	12
3	52897029	647	9
3	52981730	648	8
3	53065054	649	9
3	53148714	650	15
3	53233631	651	23
3	53317518	652	15
3	53401253	653	17
3	53484930	654	1
3	53568593	655	9
3	53651933	656	13
3	53735977	657	8
3	53819590	658	6
3	53904105	659	17
3	53987878	660	6
3	54072507	661	9
3	54155449	662	9
3	54239776	663	5
3	54323989	664	15
3	54408041	665	18
3	54492180	666	6
3	54576414	667	9
3	54661540	668	19
3	54745258	669	11
3	54829322	670	8
3	54913674	671	14
3	54997649	672	11
3	55080125	673	4
3	55164638	674	3
3	55247771	675	6
3	55331443	676	11
3	55414923	677	8
3	55498732	678	7
3	55583882	679	18
3	55667224	680	7
3	55751823	681	21
3	55835724	682	3
3	55920862	683	9
3	56005254	684	7
3	56089487	685	27
3	56173870	686	18
3	56259050	687	13
3	56342528	688	7
3	56427624	689	9
3	56511217	690	11
3	56595802	691	20
3	56678680	692	17
3	56762479	693	24
3	56846578	694	30
3	56930761	695	19
3	57014852	696	20
3	57099771	697	19
3	57184851	698	9
3	57268160	699	10
3	57352977	700	7
3	57436016	701	11
3	57520263	702	8
3	57603848	703	9
3	57688042	704	16
3	57771322	705	22
3	57854706	706	12
3	57938181	707	19
3	58023109	708	21
3	58106734	709	6
3	58190537	710	10
3	58274481	711	18
3	58358107	712	15
3	58442488	713	15
3	58527035	714	11
3	58610833	715	12
3	58695480	716	36
3	58777866	717	14
3	58862413	718	9
3	58946591	719	10
3	59030566	720	8
3	59113358	721	11
3	59197523	722	10
3	59281218	723	19
3	59365849	724	10
3	59449614	725	13
3	59533693	726	9
3	59618049	727	11
3	59702289	728	15
3	59786674	729	23
3	59869940	730	23
3	59955024	731	14
3	60038845	732	7
3	60122273	733	7
3	60206185	734	14
3	60290086	735	22
3	60373884	736	23
3	60458246	737	40
3	60541937	738	7
3	60626228	739	21
3	60710496	740	18
3	60794121	741	10
3	60877675	742	8
3	60962610	743	22
3	61045591	744	18
3	61130391	745	12
3	61214382	746	15
3	61297807	747	11
3	61382275	748	3
3	61466803	749	11
3	61551757	750	12
3	61636461	751	16
3	61720622	752	11
3	61805815	753	17
3	61890202	754	19
3	61973914	755	8
3	62058876	756	16
3	62141014	757	18
3	62224734	758	7
3	62308849	759	5
3	62393894	760	5
3	62478136	761	15
3	62561885	762	15
3	62645875	763	11
3	62728345	764	5
3	62811972	765	22
3	62896078	766	26
3	62979218	767	16
3	63063461	768	12
3	63147125	769	13
3	63231512	770	23
3	63316361	771	15
3	63400505	772	11
3	63483761	773	13
3	63568877	774	10
3	63653657	775	5
3	63737294	776	7
3	63821822	777	13
3	63906099	778	13
3	63989645	779	9
3	64074354	780	12
3	64158434	781	22
3	64243029	782	3
3	64327390	783	8
3	64412738	784	10
3	64497064	785	12
3	64581361	786	22
3	64664763	787	19
3	64749150	788	9
3	64831736	789	18
3	64915494	790	8
3	64998026	791	13
3	65082049	792	9
3	65165421	793	7
3	65249303	794	7
3	65333361	795	10
3	65415768	796	12
3	65499843	797	13
3	65583243	798	16
3	65666604	799	10
3	65751176	800	9
3	65835140	801	5
3	65918933	802	16
3	66003294	803	20
3	66086408	804	22
3	66170762	805	11
3	66254938	806	11
3	66338270	807	11
3	66423625	808	10
3	66507421	809	16
3	66591847	810	12
3	66676070	811	19
3	66761147	812	14
3	66845024	813	18
3	66929446	814	11
3	67014695	815	11
3	67098442	816	9
3	67182616	817	13
3	67266446	818	17
3	67351034	819	17
3	67435006	820	10
3	67518275	821	6
3	67602573	822	8
3	67686385	823	5
3	67768518	824	15
3	67852345	825	17
3	67936619	826	11
3	68021138	827	11
3	68106278	828	12
3	68190086	829	23
3	68274122	830	8
3	68359131	831	11
3	68441950	832	12
3	68526043	833	11
3	68609327	834	4
3	68693544	835	11
3	68777953	836	14
3	68863200	837	15
3	68947093	838	11
3	69031224	839	7
3	69114770	840	4
3	69198621	841	4
3	69280558	842	12
3	69364341	843	7
3	69447634	844	9
3	69532307	845	11
3	69616029	846	12
3	69699484	847	6
3	69783692	848	16
3	69866847	849	9
3	69950971	850	4
3	70035793	851	8
3	70119544	852	10
3	70202941	853	10
3	70288019	854	11
3	70372579	855	12
3	70456978	856	14
3	70540465	857	13
3	70625046	858	11
3	70708749	859	12
3	70793280	860	20
3	70877852	861	21
3	70961614	862	16
3	71046062	863	8
3	71129661	864	4
3	71214166	865	9
3	71298077	866	7
3	71381732	867	6
3	71466162	868	7
3	71549746	869	20
3	71633119	870	14
3	71716831	871	19
3	71799813	872	24
3	71884484	873	9
3	71968203	874	17
3	72052674	875	19
3	72136784	876	25
3	72220476	877	16
3	72304844	878	18
3	72387916	879	4
3	72472461	880	8
3	72556609	881	10
3	72642002	882	7
3	72726486	883	6
3	72812288	884	12
3	72897379	885	12
3	72982714	886	12
3	73067478	887	11
3	73152581	888	12
3	73237767	889	11
3	73322445	890	17
3	73407448	891	12
3	73491594	892	9
3	73576293	893	11
3	73660731	894	6
3	73745139	895	19
3	73828677	896	15
3	73913893	897	20
3	73998090	898	24
3	74083154	899	34
3	74167517	900	18
3	74252212	901	14
3	74336029	902	18
3	74421008	903	10
3	74504659	904	6
3	74588128	905	9
3	74673534	906	9
3	74757163	907	6
3	74841570	908	15
3	74926417	909	15
3	75010373	910	13
3	75093841	911	13
3	75178232	912	10
3	75261701	913	13
3	75344130	914	21
3	75428644	915	13
3	75512825	916	6
3	75597255	917	10
3	75681731	918	10
3	75765826	919	11
3	75850606	920	3
3	75932483	921	7
3	76016684	922	8
3	76099197	923	6
3	76184531	924	8
3	76268550	925	11
3	76352085	926	15
3	76436844	927	19
3	76520625	928	8
3	76605056	929	6
3	76689141	930	22
3	76773508	931	6
3	76857748	932	19
3	76941493	933	20
3	77025098	934	7
3	77109241	935	4
3	77192104	936	9
3	77276526	937	3
3	77359818	938	11
3	77444703	939	6
3	77529263	940	13
3	77612707	941	8
3	77696435	942	8
3	77779618	943	5
3	77863354	944	15
3	77947216	945	25
3	78030977	946	7
3	78115325	947	13
3	78198801	948	9
3	78281896	949	10
3	78365545	950	12
3	78450135	951	19
3	78532774	952	12
3	78617594	953	25
3	78700935	954	9
3	78784979	955	9
3	78868915	956	4
3	78952652	957	15
3	79037602	958	6
3	79121364	959	10
3	79205536	960	26
3	79288237	961	19
3	79371881	962	7
3	79456811	963	9
3	79540830	964	18
3	79624226	965	20
3	79707804	966	25
3	79791374	967	26
3	79875381	968	19
3	79959750	969	31
3	80044115	970	6
3	80128318	971	6
3	80212367	972	4
3	80296863	973	3
3	80380735	974	8
3	80465478	975	5
3	80550183	976	13
3	80634608	977	3
3	80718981	978	9
3	80804129	979	12
3	80888433	980	16
3	80972358	981	11
3	81056404	982	13
3	81140566	983	8
3	81223480	984	7
3	81307100	985	21
3	81391596	986	29
3	81475356	987	15
3	81559766	988	16
3	81644411	989	12
3	81728643	990	14
3	81811841	991	16
3	81895270	992	11
3	81978889	993	15
3	82063056	994	14
3	82147374	995	9
3	82230892	996	9
3	82314958	997	8
3	82399328	998	8
3	82484554	999	13
4	41992580	517	0.023458478756099
4	42076057	518	0.023416888514858
4	42161291	519	0.023379799461971
4	42245277	520	0.02334054043757
4	42330406	521	0.023303780834678
4	42414507	522	0.023279833512193
4	42497321	523	0.023257162536228
4	42581990	524	0.023220214662079
4	42665846	525	0.023183136879059
4	42748367	526	0.023151977353935
4	42831840	527	0.023137345622834
4	42915412	528	0.02310871185662
4	42999380	529	0.023082655137037
4	43083719	530	0.023049721976738
4	43166636	531	0.023025418850547
4	43250946	532	0.022989655352875
4	43334483	533	0.022947893076979
4	43417890	534	0.02291039389983
4	43502901	535	0.022902837532996
4	43587412	536	0.022872645488419
4	43671949	537	0.022838360152762
4	43755435	538	0.02279759988965
4	43839539	539	0.02276474252849
4	43923080	540	0.022730083408528
4	44006420	541	0.022689294621365
4	44090493	542	0.02265556019466
4	44174254	543	0.022630364265065
4	44258736	544	0.022596070801931
4	44342692	545	0.022560689274995
4	44425896	546	0.022524358460532
4	44509644	547	0.022490446306093
4	44593017	548	0.02245315492316
4	44676283	549	0.022423261290998
4	44760329	550	0.022389854277726
4	44843766	551	0.022350360149578
4	44927136	552	0.02232168345728
4	45010213	553	0.022285918625052
4	45094053	554	0.022245496859597
4	45177946	555	0.022214725647637
4	45262907	556	0.022184859755549
4	45346068	557	0.022147633884649
4	45429993	558	0.02210955907102
4	45514231	559	0.022076496935017
4	45598575	560	0.02204960996788
4	45683974	561	0.022019932442847
4	45767752	562	0.021986922358371
4	45850953	563	0.02195543319092
4	45934675	564	0.021927965985702
4	46018670	565	0.021908165830519
4	46101538	566	0.02188584882399
4	46185275	567	0.021851419062627
4	46268519	568	0.02182248278846
4	46352968	569	0.021786804432016
4	46436510	570	0.021759710578194
4	46520225	571	0.021725967797043
4	46603964	572	0.021696780397672
4	46688210	573	0.021669945421128
4	46771529	574	0.021641548676278
4	46855871	575	0.021615262075391
4	46939754	576	0.021583843943086
4	47024203	577	0.021549967536531
4	47106785	578	0.021515319120766
4	47190906	579	0.021483966966109
4	47274529	580	0.021457359788225
4	47358443	581	0.02142753205261
4	47442439	582	0.021404390084089
4	47528285	583	0.021379248308085
4	47610375	584	0.021362844012466
4	47695012	585	0.021339289857457
4	47779908	586	0.021342625246071
4	47862942	587	0.021313063801525
4	47946398	588	0.021301350533321
4	48030087	589	0.021270445705381
4	48113688	590	0.02123682303902
4	48196664	591	0.0212086487705
4	48279451	592	0.0211826217063
4	48363876	593	0.021147247539911
4	48447232	594	0.021130840519882
4	48531835	595	0.021120833514721
4	48616576	596	0.021097985085515
4	48700966	597	0.021068930325955
4	48785180	598	0.021039367870316
4	48868571	599	0.021005323901559
4	48953325	600	0.020977986216081
4	49036546	601	0.020956308538249
4	49120968	602	0.020930789838034
4	49203671	603	0.020910312223311
4	49288830	604	0.020876091644562
4	49372249	605	0.020844625573102
4	49456383	606	0.020816804794395
4	49540672	607	0.020799148701119
4	49623925	608	0.020772385661661
4	49707190	609	0.020742613283895
4	49791147	610	0.020709365737158
4	49875445	611	0.020678602694078
4	49960107	612	0.020666698886016
4	50045211	613	0.020665746625483
4	50129289	614	0.020639380286778
4	50213889	615	0.020627851205395
4	50298798	616	0.02061108244433
4	50383251	617	0.020585128791827
4	50466299	618	0.020567202706945
4	50550177	619	0.020556402992664
4	50633868	620	0.020533540235069
4	50717702	621	0.020510740344401
4	50801178	622	0.020492610837438
4	50885592	623	0.020462127764735
4	50969204	624	0.020442925109715
4	51053152	625	0.020414356258104
4	51137033	626	0.020385299371277
4	51220082	627	0.020356636406846
4	51304564	628	0.020341635154518
4	51387298	629	0.020318486425955
4	51471476	630	0.020292047557898
4	51556466	631	0.02029193932517
4	51639948	632	0.020266788745976
4	51723065	633	0.020241096018298
4	51806917	634	0.020216015519562
4	51890357	635	0.020197594435096
4	51974389	636	0.020170512010267
4	52057872	637	0.020141134818248
4	52140494	638	0.020116137385182
4	52225006	639	0.020092912865533
4	52308608	640	0.02007235394581
4	52391744	641	0.020051193720032
4	52476725	642	0.020028642473299
4	52559446	643	0.020003368988461
4	52643729	644	0.01998041136141
4	52728234	645	0.019951499749104
4	52812400	646	0.019922295807422
4	52897029	647	0.019893590212962
4	52981730	648	0.01987129703649
4	53065054	649	0.019844248807601
4	53148714	650	0.019820225697484
4	53233631	651	0.019801362737418
4	53317518	652	0.019773115808303
4	53401253	653	0.019743243637843
4	53484930	654	0.019712661623135
4	53568593	655	0.019682891444079
4	53651933	656	0.019659352888619
4	53735977	657	0.019635338366979
4	53819590	658	0.019612039758681
4	53904105	659	0.019593424313913
4	53987878	660	0.019566993730475
4	54072507	661	0.019550152088779
4	54155449	662	0.019534101780556
4	54239776	663	0.019518035194967
4	54323989	664	0.019500902819575
4	54408041	665	0.019494038814271
4	54492180	666	0.019467141237848
4	54576414	667	0.019451691954358
4	54661540	668	0.019446341054941
4	54745258	669	0.019418867244994
4	54829322	670	0.019393918266849
4	54913674	671	0.019376394429974
4	54997649	672	0.019358414161053
4	55080125	673	0.019339349979408
4	55164638	674	0.019315108711311
4	55247771	675	0.019296808142605
4	55331443	676	0.019275592612659
4	55414923	677	0.019249114787608
4	55498732	678	0.01922803277693
4	55583882	679	0.019199758204487
4	55667224	680	0.019176884007095
4	55751823	681	0.019154744570326
4	55835724	682	0.019134971723625
4	55920862	683	0.019106338199185
4	56005254	684	0.019090084507548
4	56089487	685	0.019067338741859
4	56173870	686	0.019052726960159
4	56259050	687	0.019039667015909
4	56342528	688	0.019023781512155
4	56427624	689	0.019018665725493
4	56511217	690	0.019006544068109
4	56595802	691	0.018981486829816
4	56678680	692	0.018965748252629
4	56762479	693	0.018953688353552
4	56846578	694	0.018932161670999
4	56930761	695	0.018915898419037
4	57014852	696	0.01889413971148
4	57099771	697	0.018874455976485
4	57184851	698	0.018852641401407
4	57268160	699	0.018836374366793
4	57352977	700	0.01881767575967
4	57436016	701	0.018792255429667
4	57520263	702	0.018766629447598
4	57603848	703	0.01874831388278
4	57688042	704	0.018724433393432
4	57771322	705	0.018700115613378
4	57854706	706	0.018677777478352
4	57938181	707	0.018663411847738
4	58023109	708	0.018639888008113
4	58106734	709	0.018623492294309
4	58190537	710	0.018605017001658
4	58274481	711	0.018586269722289
4	58358107	712	0.018567915875551
4	58442488	713	0.018553308382164
4	58527035	714	0.018544235809737
4	58610833	715	0.018521871580889
4	58695480	716	0.018502682044866
4	58777866	717	0.018493908528232
4	58862413	718	0.018473769298339
4	58946591	719	0.018451270727283
4	59030566	720	0.0184252522662
4	59113358	721	0.018405106327946
4	59197523	722	0.018383568045201
4	59281218	723	0.018366931378538
4	59365849	724	0.018356995136036
4	59449614	725	0.018333023129896
4	59533693	726	0.01831063020198
4	59618049	727	0.018303408351774
4	59702289	728	0.018285404277939
4	59786674	729	0.018275257821287
4	59869940	730	0.018273555597747
4	59955024	731	0.018260136481266
4	60038845	732	0.01824178236019
4	60122273	733	0.018219934180697
4	60206185	734	0.018211451661544
4	60290086	735	0.018199382342194
4	60373884	736	0.018178516026586
4	60458246	737	0.018164877354841
4	60541937	738	0.018146621913529
4	60626228	739	0.018134197040354
4	60710496	740	0.018148860922247
4	60794121	741	0.018145806807097
4	60877675	742	0.018134199187848
4	60962610	743	0.018115245533891
4	61045591	744	0.018106705644092
4	61130391	745	0.018085146647665
4	61214382	746	0.018061098143031
4	61297807	747	0.018040135321528
4	61382275	748	0.01802188617713
4	61466803	749	0.018011877545744
4	61551757	750	0.01799449101542
4	61636461	751	0.017971698959967
4	61720622	752	0.017956294073836
4	61805815	753	0.01793802252099
4	61890202	754	0.017915286947689
4	61973914	755	0.017904268199657
4	62058876	756	0.017893654316966
4	62141014	757	0.017878200007608
4	62224734	758	0.017858600619615
4	62308849	759	0.017845713275645
4	62393894	760	0.017836027518166
4	62478136	761	0.0178291129153
4	62561885	762	0.017808250011656
4	62645875	763	0.017799013716929
4	62728345	764	0.017790812436411
4	62811972	765	0.017772752822934
4	62896078	766	0.01775741738207
4	62979218	767	0.017734874487112
4	63063461	768	0.017713202436941
4	63147125	769	0.01770047542698
4	63231512	770	0.017676371980926
4	63316361	771	0.017660740300613
4	63400505	772	0.017644492392632
4	63483761	773	0.017625626558226
4	63568877	774	0.017617105848211
4	63653657	775	0.017608674525928
4	63737294	776	0.017592116964103
4	63821822	777	0.017573513883241
4	63906099	778	0.017566764644545
4	63989645	779	0.017570250350132
4	64074354	780	0.017584894760637
4	64158434	781	0.017575721472275
4	64243029	782	0.017570723237428
4	64327390	783	0.017559714835422
4	64412738	784	0.017548078424514
4	64497064	785	0.017533504455305
4	64581361	786	0.01751633152231
4	64664763	787	0.017499953337606
4	64749150	788	0.017478577015174
4	64831736	789	0.017461500691525
4	64915494	790	0.017440797506089
4	64998026	791	0.017424910635532
4	65082049	792	0.01740280132478
4	65165421	793	0.017393196758127
4	65249303	794	0.017376036577235
4	65333361	795	0.017362629242128
4	65415768	796	0.017343324638223
4	65499843	797	0.017326341167528
4	65583243	798	0.017315549257412
4	65666604	799	0.017307575951369
4	65751176	800	0.017312855186973
4	65835140	801	0.017293457087201
4	65918933	802	0.01728532768956
4	66003294	803	0.017275326274467
4	66086408	804	0.017256114219875
4	66170762	805	0.017237985283868
4	66254938	806	0.017218646601018
4	66338270	807	0.017220113456402
4	66423625	808	0.017205857745021
4	66507421	809	0.017189541692881
4	66591847	810	0.017171689708768
4	66676070	811	0.017164300126341
4	66761147	812	0.017146412676986
4	66845024	813	0.017129564147088
4	66929446	814	0.017127502738868
4	67014695	815	0.017108261776891
4	67098442	816	0.017093017765316
4	67182616	817	0.017081810043086
4	67266446	818	0.017064833658057
4	67351034	819	0.017059178856683
4	67435006	820	0.017057915927458
4	67518275	821	0.017040008044064
4	67602573	822	0.017023907115004
4	67686385	823	0.017002658313806
4	67768518	824	0.016984659041578
4	67852345	825	0.016969968285074
4	67936619	826	0.016962878574215
4	68021138	827	0.016953788874612
4	68106278	828	0.016936549778851
4	68190086	829	0.016920979138044
4	68274122	830	0.01690515772672
4	68359131	831	0.016904552068728
4	68441950	832	0.016889799331227
4	68526043	833	0.016871450409017
4	68609327	834	0.01685529557237
4	68693544	835	0.016839303323423
4	68777953	836	0.016823859477743
4	68863200	837	0.016817105398634
4	68947093	838	0.016810773949099
4	69031224	839	0.01679811593031
4	69114770	840	0.016781575409044
4	69198621	841	0.016764311325375
4	69280558	842	0.016750875904303
4	69364341	843	0.016733098345467
4	69447634	844	0.016713975380159
4	69532307	845	0.016705551545728
4	69616029	846	0.016691888455885
4	69699484	847	0.016677344784894
4	69783692	848	0.016662943452788
4	69866847	849	0.016650172202209
4	69950971	850	0.016637180356294
4	70035793	851	0.016638568334951
4	70119544	852	0.016625276185545
4	70202941	853	0.016618268347786
4	70288019	854	0.016603637518726
4	70372579	855	0.016591636654662
4	70456978	856	0.016575027263436
4	70540465	857	0.016571643648713
4	70625046	858	0.016586127176684
4	70708749	859	0.016575080699244
4	70793280	860	0.016564382316172
4	70877852	861	0.016559455760691
4	70961614	862	0.016543958730451
4	71046062	863	0.016526363619635
4	71129661	864	0.016510287646906
4	71214166	865	0.016503616984469
4	71298077	866	0.016490410214999
4	71381732	867	0.016474416999215
4	71466162	868	0.016456281340565
4	71549746	869	0.016440229613637
4	71633119	870	0.016423293615862
4	71716831	871	0.016408051598211
4	71799813	872	0.016393224479391
4	71884484	873	0.016390300411891
4	71968203	874	0.016400578827518
4	72052674	875	0.01638893483439
4	72136784	876	0.016372735390748
4	72220476	877	0.016359781507515
4	72304844	878	0.016352135646501
4	72387916	879	0.016336125720645
4	72472461	880	0.016321200560924
4	72556609	881	0.016306005111913
4	72642002	882	0.016293787954406
4	72726486	883	0.016283383840793
4	72812288	884	0.016266759665618
4	72897379	885	0.016250595774707
4	72982714	886	0.016231961138642
4	73067478	887	0.016221286059727
4	73152581	888	0.016215354310956
4	73237767	889	0.016201536125307
4	73322445	890	0.016192735725502
4	73407448	891	0.016184840452855
4	73491594	892	0.016181577370283
4	73576293	893	0.016166868818013
4	73660731	894	0.01615316360658
4	73745139	895	0.016137037329937
4	73828677	896	0.01613161348142
4	73913893	897	0.016124139206996
4	73998090	898	0.016116846286283
4	74083154	899	0.016111015346862
4	74167517	900	0.016100824021627
4	74252212	901	0.016086233804924
4	74336029	902	0.016071990179468
4	74421008	903	0.016060049032026
4	74504659	904	0.016042759098151
4	74588128	905	0.016029447647653
4	74673534	906	0.016015307046452
4	74757163	907	0.016004379381399
4	74841570	908	0.015988768498055
4	74926417	909	0.015982490383332
4	75010373	910	0.015976526476076
4	75093841	911	0.015964672321184
4	75178232	912	0.015956902587463
4	75261701	913	0.015945710703352
4	75344130	914	0.015929967663627
4	75428644	915	0.015917419513086
4	75512825	916	0.015904708896357
4	75597255	917	0.015889356398936
4	75681731	918	0.015878867833535
4	75765826	919	0.015866370023761
4	75850606	920	0.015860170690696
4	75932483	921	0.015845513362059
4	76016684	922	0.015832380458584
4	76099197	923	0.015825303970695
4	76184531	924	0.015818255366071
4	76268550	925	0.015812079616734
4	76352085	926	0.015805685674665
4	76436844	927	0.015798016895065
4	76520625	928	0.015790984783233
4	76605056	929	0.015776710975774
4	76689141	930	0.015766381441413
4	76773508	931	0.015758652820495
4	76857748	932	0.015755128953173
4	76941493	933	0.015741281595925
4	77025098	934	0.015730866555233
4	77109241	935	0.015715848590626
4	77192104	936	0.015703253319162
4	77276526	937	0.015688369073192
4	77359818	938	0.015683486524705
4	77444703	939	0.015674811440723
4	77529263	940	0.015665374781723
4	77612707	941	0.015653367964583
4	77696435	942	0.015641367904721
4	77779618	943	0.015626989487427
4	77863354	944	0.015614235471943
4	77947216	945	0.015606528195652
4	78030977	946	0.015593028589689
4	78115325	947	0.015588850268395
4	78198801	948	0.015575176407661
4	78281896	949	0.015572590852957
4	78365545	950	0.015558942815609
4	78450135	951	0.015547740316466
4	78532774	952	0.015536375950978
4	78617594	953	0.015525682378008
4	78700935	954	0.015515364605958
4	78784979	955	0.015503841343577
4	78868915	956	0.015492802428364
4	78952652	957	0.015495998013334
4	79037602	958	0.015484212387624
4	79121364	959	0.015468283474213
4	79205536	960	0.015460400416627
4	79288237	961	0.015448948406282
4	79371881	962	0.015437519912893
4	79456811	963	0.015422092302241
4	79540830	964	0.015414798914871
4	79624226	965	0.015429949305564
4	79707804	966	0.015419306616879
4	79791374	967	0.015412009773961
4	79875381	968	0.015402152990481
4	79959750	969	0.015388542785355
4	80044115	970	0.015408492760232
4	80128318	971	0.015402820556419
4	80212367	972	0.015398732400016
4	80296863	973	0.015393429023119
4	80380735	974	0.015387858083707
4	80465478	975	0.015375147219159
4	80550183	976	0.01536917539459
4	80634608	977	0.015364348402373
4	80718981	978	0.015369160036821
4	80804129	979	0.015366572928851
4	80888433	980	0.015358752058668
4	80972358	981	0.015350402028426
4	81056404	982	0.01533678409425
4	81140566	983	0.015327541001482
4	81223480	984	0.015317648252975
4	81307100	985	0.015306185541513
4	81391596	986	0.015302731576191
4	81475356	987	0.015291852058443
4	81559766	988	0.015294225694768
4	81644411	989	0.015292783279168
4	81728643	990	0.015282309058789
4	81811841	991	0.015276561621487
4	81895270	992	0.015267395813575
4	81978889	993	0.015252626221124
4	82063056	994	0.015238710183318
4	82147374	995	0.01522409269585
4	82230892	996	0.015208111971222
4	82314958	997	0.015197226829787
4	82399328	998	0.015190562303391
4	82484554	999	0.015175514885717
5	41992581	517	498428
5	42076058	518	488714
5	42161292	519	503000
5	42245278	520	503928
5	42330407	521	496285
5	42414508	522	490857
5	42497322	523	491714
5	42581991	524	495714
5	42665847	525	488285
5	42748368	526	483642
5	42831841	527	485000
5	42915413	528	486785
5	42999381	529	494642
5	43083720	530	495357
5	43166637	531	488857
5	43250947	532	488000
5	43334484	533	482000
5	43417891	534	491714
5	43502902	535	502000
5	43587413	536	498857
5	43671950	537	487642
5	43755436	538	492571
5	43839540	539	487142
5	43923081	540	486214
5	44006421	541	487571
5	44090494	542	486357
5	44174255	543	493928
5	44258737	544	494000
5	44342693	545	490214
5	44425897	546	482714
5	44509645	547	483071
5	44593018	548	486428
5	44676284	549	490142
5	44760330	550	492500
5	44843767	551	488285
5	44927137	552	484714
5	45010214	553	485714
5	45094054	554	487000
5	45177947	555	497785
5	45262908	556	492857
5	45346069	557	488785
5	45429994	558	485357
5	45514232	559	500357
5	45598576	560	497214
5	45683975	561	500714
5	45767753	562	492857
5	45850954	563	488714
5	45934676	564	491785
5	46018671	565	492571
5	46101539	566	484928
5	46185276	567	485285
5	46268520	568	490357
5	46352969	569	494071
5	46436511	570	492357
5	46520226	571	487357
5	46603965	572	487714
5	46688211	573	494357
5	46771530	574	489857
5	46855872	575	492214
5	46939755	576	488642
5	47024204	577	490642
5	47106786	578	483785
5	47190907	579	487857
5	47274530	580	488214
5	47358444	581	490857
5	47442440	582	502571
5	47528286	583	500642
5	47610376	584	491428
5	47695013	585	501142
5	47779909	586	501285
5	47862943	587	487928
5	47946399	588	491214
5	48030088	589	488642
5	48113689	590	481428
5	48196665	591	485142
5	48279452	592	488071
5	48363877	593	488071
5	48447233	594	494142
5	48531836	595	499000
5	48616577	596	496785
5	48700967	597	497928
5	48785181	598	484000
5	48868572	599	493785
5	48953326	600	495142
5	49036547	601	488071
5	49120969	602	495500
5	49203672	603	489928
5	49288831	604	496714
5	49372250	605	493071
5	49456384	606	495928
5	49540673	607	490214
5	49623926	608	486714
5	49707191	609	484785
5	49791148	610	487000
5	49875446	611	489071
5	49960108	612	503357
5	50045212	613	500357
5	50129290	614	490714
5	50213890	615	500714
5	50298799	616	505571
5	50383252	617	494071
5	50466300	618	488214
5	50550178	619	487857
5	50633869	620	492285
5	50717703	621	484428
5	50801179	622	489071
5	50885593	623	491785
5	50969205	624	489928
5	51053153	625	486285
5	51137034	626	486857
5	51220083	627	488785
5	51304565	628	488071
5	51387299	629	489785
5	51471477	630	491214
5	51556467	631	500142
5	51639949	632	486214
5	51723066	633	487571
5	51806918	634	489785
5	51890358	635	490285
5	51974390	636	490500
5	52057873	637	486071
5	52140495	638	489357
5	52225007	639	488285
5	52308609	640	492357
5	52391745	641	490285
5	52476726	642	496714
5	52559447	643	481785
5	52643730	644	495857
5	52728235	645	492785
5	52812401	646	494785
5	52897030	647	493785
5	52981731	648	498571
5	53065055	649	490857
5	53148715	650	496285
5	53233632	651	496071
5	53317519	652	489285
5	53401254	653	491642
5	53484931	654	488714
5	53568594	655	488642
5	53651934	656	487571
5	53735978	657	488500
5	53819591	658	489285
5	53904106	659	498571
5	53987879	660	494500
5	54072508	661	494857
5	54155450	662	488000
5	54239777	663	492428
5	54323990	664	495285
5	54408042	665	491142
5	54492181	666	490285
5	54576415	667	498428
5	54661541	668	494357
5	54745259	669	490357
5	54829323	670	491857
5	54913675	671	493285
5	54997650	672	491071
5	55080126	673	490928
5	55164639	674	491500
5	55247772	675	492000
5	55331444	676	489714
5	55414924	677	489928
5	55498733	678	495857
5	55583883	679	496142
5	55667225	680	490857
5	55751824	681	498571
5	55835725	682	488571
5	55920863	683	499642
5	56005255	684	496071
5	56089488	685	497142
5	56173871	686	497000
5	56259051	687	492642
5	56342529	688	487500
5	56427625	689	498500
5	56511218	690	497071
5	56595803	691	490928
5	56678681	692	487714
5	56762480	693	488714
5	56846579	694	489000
5	56930762	695	497428
5	57014853	696	498928
5	57099772	697	500500
5	57184852	698	496142
5	57268161	699	492785
5	57352978	700	494000
5	57436017	701	486642
5	57520264	702	489285
5	57603849	703	493857
5	57688043	704	493357
5	57771323	705	485214
5	57854707	706	493214
5	57938182	707	491357
5	58023110	708	493357
5	58106735	709	490214
5	58190538	710	489642
5	58274482	711	488285
5	58358108	712	491857
5	58442489	713	493285
5	58527036	714	497642
5	58610834	715	496785
5	58695481	716	491357
5	58777867	717	488428
5	58862414	718	486000
5	58946592	719	492857
5	59030567	720	486642
5	59113359	721	489071
5	59197524	722	486500
5	59281219	723	495285
5	59365850	724	497071
5	59449615	725	484142
5	59533694	726	494428
5	59618050	727	489571
5	59702290	728	493928
5	59786675	729	495071
5	59869941	730	498142
5	59955025	731	496785
5	60038846	732	493142
5	60122274	733	490571
5	60206186	734	490000
5	60290087	735	489785
5	60373885	736	492642
5	60458247	737	488928
5	60541938	738	492714
5	60626229	739	489928
5	60710497	740	490285
5	60794122	741	491642
5	60877676	742	496285
5	60962611	743	487214
5	61045592	744	493071
5	61130392	745	494857
5	61214383	746	489000
5	61297808	747	490571
5	61382276	748	492357
5	61466804	749	500928
5	61551758	750	500428
5	61636462	751	496000
5	61720623	752	495142
5	61805816	753	498571
5	61890203	754	490571
5	61973915	755	493142
5	62058877	756	492642
5	62141015	757	488857
5	62224735	758	482357
5	62308850	759	499785
5	62393895	760	500571
5	62478137	761	496571
5	62561886	762	486857
5	62645876	763	494857
5	62728346	764	489928
5	62811973	765	486428
5	62896079	766	489928
5	62979219	767	486000
5	63063462	768	494857
5	63147126	769	496357
5	63231513	770	493571
5	63316362	771	499714
5	63400506	772	491571
5	63483762	773	495214
5	63568878	774	502071
5	63653658	775	494500
5	63737295	776	491857
5	63821823	777	492000
5	63906100	778	494285
5	63989646	779	490785
5	64074355	780	495428
5	64158435	781	495357
5	64243030	782	501857
5	64327391	783	500500
5	64412739	784	504214
5	64497065	785	497214
5	64581362	786	495000
5	64664764	787	491714
5	64749151	788	489000
5	64831737	789	482857
5	64915495	790	482500
5	64998027	791	486428
5	65082050	792	488071
5	65165422	793	489571
5	65249304	794	488928
5	65333362	795	485071
5	65415769	796	483285
5	65499844	797	486285
5	65583244	798	486357
5	65666605	799	496142
5	65751177	800	493500
5	65835141	801	490642
5	65918934	802	497214
5	66003295	803	492285
5	66086409	804	487357
5	66170763	805	492928
5	66254939	806	488857
5	66338271	807	498857
5	66423626	808	502857
5	66507422	809	489642
5	66591848	810	494214
5	66676071	811	498571
5	66761148	812	497785
5	66845025	813	492785
5	66929447	814	502785
5	67014696	815	498928
5	67098443	816	495571
5	67182617	817	497500
5	67266447	818	492000
5	67351035	819	484857
5	67435007	820	494714
5	67518276	821	488714
5	67602574	822	488000
5	67686386	823	485785
5	67768519	824	482214
5	67852346	825	492142
5	67936620	826	490857
5	68021139	827	503000
5	68106279	828	495500
5	68190087	829	489642
5	68274123	830	494500
5	68359132	831	494071
5	68441951	832	488071
5	68526044	833	486285
5	68609328	834	489142
5	68693545	835	495500
5	68777954	836	494214
5	68863201	837	494785
5	68947094	838	495428
5	69031225	839	492285
5	69114771	840	489642
5	69198622	841	485714
5	69280559	842	487428
5	69364342	843	484928
5	69447635	844	489142
5	69532308	845	493428
5	69616030	846	488214
5	69699485	847	487857
5	69783693	848	484642
5	69866848	849	493785
5	69950972	850	490714
5	70035794	851	497571
5	70119545	852	492928
5	70202942	853	492214
5	70288020	854	497500
5	70372580	855	500500
5	70456979	856	494357
5	70540466	857	489928
5	70625047	858	496000
5	70708750	859	490857
5	70793281	860	496857
5	70877853	861	491500
5	70961615	862	495142
5	71046063	863	487642
5	71129662	864	501214
5	71214167	865	496500
5	71298078	866	491785
5	71381733	867	488285
5	71466163	868	488714
5	71549747	869	488857
5	71633120	870	485857
5	71716832	871	484142
5	71799814	872	493142
5	71884485	873	498071
5	71968204	874	496285
5	72052675	875	497071
5	72136785	876	492357
5	72220477	877	490785
5	72304845	878	494142
5	72387917	879	488571
5	72472462	880	493785
5	72556610	881	497500
5	72642003	882	501285
5	72726487	883	506000
5	72812289	884	505071
5	72897380	885	505000
5	72982715	886	506071
5	73067479	887	501071
5	73152582	888	502714
5	73237768	889	501928
5	73322446	890	500642
5	73407449	891	503500
5	73491595	892	499857
5	73576294	893	498214
5	73660732	894	498785
5	73745140	895	490000
5	73828678	896	497642
5	73913894	897	499214
5	73998091	898	495071
5	74083155	899	500785
5	74167518	900	501214
5	74252213	901	491142
5	74336030	902	498214
5	74421009	903	496071
5	74504660	904	491714
5	74588129	905	492285
5	74673535	906	498928
5	74757164	907	495214
5	74841571	908	497357
5	74926418	909	501714
5	75010374	910	495428
5	75093842	911	488571
5	75178233	912	489928
5	75261702	913	487714
5	75344131	914	487785
5	75428645	915	490857
5	75512826	916	491285
5	75597256	917	490071
5	75681732	918	499928
5	75765827	919	491142
5	75850607	920	491357
5	75932484	921	481428
5	76016685	922	491071
5	76099198	923	489428
5	76184532	924	502928
5	76268551	925	496000
5	76352086	926	491357
5	76436845	927	493857
5	76520626	928	498785
5	76605057	929	492642
5	76689142	930	496714
5	76773509	931	494000
5	76857749	932	493142
5	76941494	933	489928
5	77025099	934	489857
5	77109242	935	488857
5	77192105	936	492500
5	77276527	937	488785
5	77359819	938	495071
5	77444704	939	497214
5	77529264	940	494214
5	77612708	941	487857
5	77696436	942	481785
5	77779619	943	487357
5	77863355	944	492142
5	77947217	945	488928
5	78030978	946	486214
5	78115326	947	491214
5	78198802	948	488214
5	78281897	949	489285
5	78365546	950	489214
5	78450136	951	490142
5	78532775	952	490357
5	78617595	953	491642
5	78700936	954	493142
5	78784980	955	490928
5	78868916	956	486857
5	78952653	957	501500
5	79037603	958	499000
5	79121365	959	497785
5	79205537	960	492714
5	79288238	961	488857
5	79371882	962	487214
5	79456812	963	495285
5	79540831	964	492571
5	79624227	965	494357
5	79707805	966	484071
5	79791375	967	488785
5	79875382	968	496357
5	79959751	969	490357
5	80044116	970	489857
5	80128319	971	494142
5	80212368	972	492928
5	80296864	973	492571
5	80380736	974	493142
5	80465479	975	501571
5	80550184	976	497285
5	80634609	977	492642
5	80718982	978	499642
5	80804130	979	499857
5	80888434	980	491571
5	80972359	981	492000
5	81056405	982	494071
5	81140567	983	488285
5	81223481	984	484642
5	81307101	985	488642
5	81391597	986	499285
5	81475357	987	492214
5	81559767	988	503142
5	81644412	989	499714
5	81728644	990	488428
5	81811842	991	489000
5	81895271	992	490714
5	81978890	993	487357
5	82063057	994	491357
5	82147375	995	490500
5	82230893	996	488785
5	82314959	997	493214
5	82399329	998	500000
5	82484555	999	497571
6	44760328	550	20
6	48953324	600	20
6	53148713	650	20
6	57352976	700	20
6	61551756	750	20
6	65751175	800	20
6	69950970	850	20
6	74167516	900	20
6	78365544	950	20
6	82567695	1000	20
7	44760328	550	0
7	48953324	600	0
7	53148713	650	0
7	57352976	700	0
7	61551756	750	0
7	65751175	800	0
7	69950970	850	0
7	74167516	900	0
7	78365544	950	0
7	82567695	1000	0
