version 2
run PerfectCC-2-20100909-20:06:49-2564
attr configname PerfectCC
attr datetime 20100909-20:06:49
attr experiment PerfectCC
attr inifile D:/Developement/Oversim2/multic/simulations/omnetpp.ini
attr iterationvars $rateIncoming=200000
attr iterationvars2 "$rateIncoming=200000, $repetition=0"
attr measurement $rateIncoming=200000
attr network oversim.underlay.simpleunderlay.SimpleUnderlayNetwork
attr processid 2564
attr rateIncoming 200000
attr repetition 0
attr replication #0
attr resultdir results
attr runnumber 2
attr seedset 2

vector 1  SimpleUnderlayNetwork.globalObserver.globalStatistics  incoming_bytes  ETV
vector 2  SimpleUnderlayNetwork.globalObserver.globalStatistics  drops  ETV
vector 3  SimpleUnderlayNetwork.globalObserver.globalStatistics  delayed_acks  ETV
vector 4  SimpleUnderlayNetwork.globalObserver.globalStatistics  timetotimeouts  ETV
vector 5  SimpleUnderlayNetwork.globalObserver.globalStatistics  rate  ETV
vector 6  SimpleUnderlayNetwork.globalObserver.globalStatistics  "GlobalNodeList: Number of nodes"  ETV
vector 7  SimpleUnderlayNetwork.globalObserver.globalStatistics  "GlobalNodeList: Number of bootstrapped malicious nodes"  ETV
1	30894639	519	43248
1	30956010	520	43036
1	31016938	521	42294
1	31078888	522	44679
1	31140455	523	43460
1	31202088	524	43619
1	31263269	525	42877
1	31324926	526	43937
1	31386408	527	43672
1	31447860	528	43407
1	31509394	529	43990
1	31570367	530	41976
1	31632098	531	44255
1	31693281	532	42453
1	31753904	533	41817
1	31815029	534	42771
1	31875903	535	42082
1	31937086	536	43142
1	31998292	537	42930
1	32059377	538	42400
1	32120709	539	43301
1	32182049	540	43407
1	32243775	541	44202
1	32305057	542	42877
1	32367284	543	45156
1	32428860	544	43460
1	32490144	545	42983
1	32551727	546	43990
1	32613097	547	42983
1	32674538	548	43301
1	32735443	549	42347
1	32796754	550	43142
1	32857881	551	42559
1	32918857	552	42400
1	32980122	553	43089
1	33041232	554	42453
1	33102469	555	42983
1	33163433	556	42506
1	33225040	557	43884
1	33286537	558	43407
1	33347433	559	41605
1	33409030	560	43990
1	33470319	561	42824
1	33531943	562	43778
1	33593492	563	43937
1	33654772	564	42824
1	33716211	565	43619
1	33777715	566	43513
1	33838985	567	42983
1	33899881	568	41923
1	33960861	569	42135
1	34022526	570	44308
1	34084142	571	43619
1	34145273	572	42718
1	34206676	573	43672
1	34267810	574	42612
1	34328953	575	42718
1	34390251	576	43301
1	34451940	577	43990
1	34513104	578	42771
1	34574548	579	43831
1	34635961	580	42930
1	34697054	581	42824
1	34758709	582	43831
1	34819333	583	41393
1	34880653	584	43142
1	34942167	585	43725
1	35004138	586	44573
1	35065498	587	43089
1	35126647	588	42877
1	35188697	589	44785
1	35249359	590	41340
1	35310569	591	43301
1	35371919	592	43301
1	35433126	593	42718
1	35493932	594	42347
1	35555708	595	44149
1	35617011	596	43036
1	35678267	597	42930
1	35740193	598	44520
1	35801961	599	43884
1	35862980	600	42453
1	35924390	601	43195
1	35985122	602	41817
1	36046676	603	43937
1	36108127	604	43407
1	36169400	605	43513
1	36230641	606	42824
1	36291629	607	42188
1	36353171	608	43407
1	36414434	609	43089
1	36475892	610	43566
1	36537788	611	44520
1	36599127	612	42930
1	36659691	613	41234
1	36721091	614	43407
1	36782210	615	42400
1	36843200	616	42718
1	36904520	617	43248
1	36965696	618	42930
1	37027057	619	43195
1	37088567	620	43566
1	37149716	621	42453
1	37210706	622	42665
1	37271558	623	42347
1	37333407	624	44467
1	37394471	625	42506
1	37456119	626	43725
1	37517739	627	44096
1	37579023	628	43036
1	37640651	629	43990
1	37702128	630	43460
1	37763567	631	43566
1	37824925	632	43036
1	37886421	633	43513
1	37947998	634	43619
1	38009404	635	43407
1	38071104	636	44308
1	38132684	637	43672
1	38194660	638	44520
1	38255612	639	42347
1	38317062	640	43460
1	38377907	641	42294
1	38439785	642	44520
1	38500861	643	42506
1	38562771	644	44308
1	38623652	645	41976
1	38685103	646	43566
1	38746846	647	43990
1	38808498	648	43778
1	38870633	649	44891
1	38931954	650	43301
1	38993539	651	43831
1	39054700	652	42453
1	39116036	653	43089
1	39177284	654	43248
1	39239199	655	44467
1	39300496	656	42930
1	39362001	657	43619
1	39423415	658	43407
1	39484881	659	43672
1	39546167	660	42824
1	39607269	661	42930
1	39668922	662	43990
1	39729930	663	42347
1	39791429	664	43460
1	39852716	665	43566
1	39914382	666	43884
1	39976133	667	43831
1	40037599	668	43142
1	40098854	669	43301
1	40160627	670	44202
1	40221943	671	42983
1	40283308	672	43301
1	40344448	673	43195
1	40406231	674	44255
1	40468155	675	44520
1	40529603	676	43248
1	40590725	677	42718
1	40652220	678	43248
1	40713483	679	43195
1	40775200	680	43990
1	40837054	681	44520
1	40898116	682	42029
1	40959670	683	43778
1	41021228	684	43725
1	41082443	685	42983
1	41143982	686	43619
1	41206020	687	44785
1	41267665	688	43990
1	41329715	689	44891
1	41391419	690	43831
1	41453515	691	44679
1	41514186	692	41764
1	41576216	693	44891
1	41637668	694	43142
1	41699122	695	43460
1	41760960	696	44149
1	41823225	697	45262
1	41884737	698	43566
1	41946755	699	44626
1	42007680	700	42029
1	42068894	701	43248
1	42130091	702	42930
1	42191475	703	43354
1	42252863	704	43354
1	42314157	705	42877
1	42375472	706	43354
1	42437058	707	43672
1	42498736	708	43778
1	42559169	709	41234
1	42621192	710	44891
1	42681937	711	41711
1	42744158	712	45262
1	42805747	713	43460
1	42867226	714	43460
1	42928787	715	43672
1	42990287	716	43301
1	43051343	717	42718
1	43113036	718	43725
1	43174391	719	43301
1	43235705	720	43142
1	43297307	721	43884
1	43358776	722	43619
1	43420340	723	43725
1	43481809	724	43354
1	43543384	725	43937
1	43605628	726	45103
1	43666616	727	42082
1	43728907	728	45262
1	43790170	729	42877
1	43852094	730	44467
1	43913595	731	43566
1	43975356	732	43884
1	44036542	733	42930
1	44098028	734	43354
1	44159066	735	42877
1	44220429	736	43142
1	44282027	737	43884
1	44343902	738	44096
1	44405580	739	43725
1	44467320	740	44043
1	44529083	741	43990
1	44590062	742	42347
1	44651874	743	44573
1	44713873	744	44573
1	44775109	745	42612
1	44837135	746	44679
1	44898612	747	43301
1	44960524	748	44679
1	45022266	749	43831
1	45083453	750	42930
1	45145213	751	43831
1	45206851	752	43884
1	45268453	753	43513
1	45329992	754	43831
1	45391741	755	44202
1	45453330	756	43725
1	45514284	757	42347
1	45576170	758	44308
1	45636822	759	41393
1	45698600	760	44308
1	45760888	761	45368
1	45822536	762	43513
1	45883999	763	43301
1	45945487	764	43778
1	46006734	765	42877
1	46068556	766	44732
1	46130054	767	43248
1	46191249	768	42824
1	46253010	769	43990
1	46314968	770	44838
1	46376632	771	43672
1	46438153	772	43460
1	46499563	773	43301
1	46561333	774	44202
1	46622470	775	42559
1	46683839	776	43248
1	46745748	777	44308
1	46807072	778	42930
1	46868807	779	44043
1	46930892	780	44679
1	46992130	781	43354
1	47054370	782	45050
1	47115956	783	43831
1	47177410	784	43301
1	47239071	785	44096
1	47300206	786	42983
1	47361846	787	43301
1	47422807	788	42241
1	47483817	789	42294
1	47545055	790	43142
1	47606567	791	44043
1	47667820	792	42877
1	47729605	793	44255
1	47790533	794	42082
1	47851427	795	42188
1	47913045	796	43937
1	47973957	797	42294
1	48035797	798	44308
1	48097329	799	43513
1	48158461	800	42718
1	48220183	801	44149
1	48281575	802	43248
1	48343077	803	43460
1	48404071	804	42135
1	48465392	805	43248
1	48527311	806	44626
1	48588707	807	43301
1	48650207	808	43460
1	48711325	809	42506
1	48772930	810	43884
1	48834342	811	43354
1	48895706	812	43301
1	48956975	813	42824
1	49018407	814	43354
1	49080205	815	44573
1	49141536	816	43142
1	49203140	817	43725
1	49264541	818	42930
1	49326376	819	44520
1	49388032	820	43725
1	49449873	821	44520
1	49511732	822	44520
1	49573425	823	43619
1	49634949	824	43195
1	49696657	825	44149
1	49758027	826	43142
1	49819682	827	44096
1	49881780	828	44785
1	49943125	829	42930
1	50004812	830	43778
1	50066202	831	43619
1	50128353	832	44997
1	50189409	833	42294
1	50250524	834	42877
1	50312347	835	44149
1	50373992	836	44043
1	50435458	837	43301
1	50497209	838	44043
1	50558609	839	43354
1	50620249	840	43513
1	50681881	841	43990
1	50743164	842	43142
1	50804620	843	43619
1	50866261	844	43831
1	50927191	845	42135
1	50988645	846	43672
1	51050446	847	44096
1	51111905	848	43354
1	51173751	849	44255
1	51234970	850	42771
1	51296327	851	43301
1	51357764	852	43566
1	51419112	853	42930
1	51480709	854	43884
1	51542196	855	43460
1	51603490	856	42983
1	51664889	857	43460
1	51726610	858	43884
1	51788011	859	43407
1	51848616	860	41923
1	51910122	861	43619
1	51971355	862	42665
1	52032535	863	42877
1	52093767	864	43089
1	52155431	865	43884
1	52216411	866	42241
1	52277557	867	42930
1	52338871	868	43566
1	52400478	869	43619
1	52461277	870	41976
1	52522905	871	43725
1	52584028	872	42824
1	52645947	873	44679
1	52707436	874	43513
1	52768954	875	43566
1	52830005	876	42612
1	52891691	877	43937
1	52953204	878	43566
1	53014545	879	43354
1	53076393	880	43990
1	53137193	881	41976
1	53198914	882	44414
1	53260287	883	42983
1	53321274	884	42559
1	53383308	885	44785
1	53444298	886	42135
1	53506048	887	44361
1	53567578	888	43619
1	53629868	889	45050
1	53691340	890	43301
1	53752828	891	43725
1	53813999	892	42665
1	53875734	893	44096
1	53937475	894	43990
1	53998998	895	43407
1	54060590	896	43672
1	54121866	897	43566
1	54183524	898	43778
1	54244186	899	41764
1	54305450	900	43195
1	54367080	901	43937
1	54428642	902	43513
1	54490390	903	43884
1	54551321	904	42135
1	54612434	905	42824
1	54673914	906	43460
1	54735118	907	42877
1	54796704	908	43672
1	54857621	909	42241
1	54918505	910	42453
1	54979949	911	44043
1	55041581	912	43513
1	55102650	913	42665
1	55164364	914	44096
1	55225937	915	43672
1	55287296	916	42983
1	55348138	917	42294
1	55409532	918	43354
1	55471378	919	44308
1	55531970	920	41446
1	55593748	921	44255
1	55654287	922	41181
1	55715504	923	42983
1	55776702	924	42877
1	55838151	925	43513
1	55900109	926	44679
1	55961526	927	43354
1	56022504	928	42241
1	56084007	929	43566
1	56145272	930	42877
1	56206542	931	43195
1	56268375	932	44414
1	56329793	933	43460
1	56391579	934	43937
1	56453375	935	44361
1	56515294	936	44202
1	56576311	937	42241
1	56637969	938	44255
1	56699856	939	44414
1	56761841	940	44679
1	56823892	941	44520
1	56885413	942	43672
1	56947032	943	43407
1	57008578	944	43566
1	57070586	945	44679
1	57131981	946	42771
1	57193096	947	43195
1	57254945	948	44414
1	57316487	949	43460
1	57377889	950	43089
1	57439438	951	43725
1	57500543	952	42718
1	57562131	953	43566
1	57623259	954	42559
1	57685533	955	45474
1	57746661	956	42718
1	57808465	957	44096
1	57869637	958	42612
1	57931609	959	44573
1	57993063	960	43566
1	58055017	961	44308
1	58116546	962	43301
1	58177764	963	43248
1	58239595	964	44202
1	58300310	965	41552
1	58361589	966	43195
1	58422956	967	43248
1	58484386	968	43460
1	58545589	969	42930
1	58606878	970	43195
1	58668143	971	43301
1	58729644	972	43831
1	58791062	973	43354
1	58852455	974	43195
1	58913557	975	42453
1	58975128	976	43831
1	59035084	977	39909
1	59096340	978	43195
1	59157844	979	43937
1	59219332	980	43089
1	59280085	981	42029
1	59341561	982	43672
1	59402770	983	43036
1	59463653	984	41870
1	59525041	985	43460
1	59586713	986	43990
1	59648054	987	43142
1	59709100	988	42612
1	59770694	989	43884
1	59831794	990	42665
1	59892775	991	42400
1	59953788	992	42347
1	60014994	993	42824
1	60076344	994	43407
1	60137789	995	43566
1	60199369	996	43884
1	60261197	997	44255
1	60322295	998	42771
1	60383651	999	43195
2	30894639	519	25
2	30956010	520	49
2	31016938	521	13
2	31078888	522	24
2	31140455	523	17
2	31202088	524	42
2	31263269	525	6
2	31324926	526	37
2	31386408	527	13
2	31447860	528	23
2	31509394	529	35
2	31570367	530	13
2	31632098	531	31
2	31693281	532	41
2	31753904	533	19
2	31815029	534	35
2	31875903	535	15
2	31937086	536	21
2	31998292	537	28
2	32059377	538	28
2	32120709	539	13
2	32182049	540	3
2	32243775	541	52
2	32305057	542	20
2	32367284	543	28
2	32428860	544	32
2	32490144	545	7
2	32551727	546	27
2	32613097	547	30
2	32674538	548	40
2	32735443	549	33
2	32796754	550	38
2	32857881	551	34
2	32918857	552	41
2	32980122	553	31
2	33041232	554	24
2	33102469	555	26
2	33163433	556	19
2	33225040	557	10
2	33286537	558	56
2	33347433	559	17
2	33409030	560	41
2	33470319	561	19
2	33531943	562	29
2	33593492	563	44
2	33654772	564	21
2	33716211	565	26
2	33777715	566	31
2	33838985	567	30
2	33899881	568	34
2	33960861	569	26
2	34022526	570	13
2	34084142	571	33
2	34145273	572	16
2	34206676	573	30
2	34267810	574	25
2	34328953	575	23
2	34390251	576	16
2	34451940	577	28
2	34513104	578	11
2	34574548	579	22
2	34635961	580	29
2	34697054	581	14
2	34758709	582	44
2	34819333	583	27
2	34880653	584	28
2	34942167	585	18
2	35004138	586	25
2	35065498	587	34
2	35126647	588	10
2	35188697	589	47
2	35249359	590	11
2	35310569	591	6
2	35371919	592	33
2	35433126	593	34
2	35493932	594	6
2	35555708	595	27
2	35617011	596	27
2	35678267	597	20
2	35740193	598	21
2	35801961	599	35
2	35862980	600	25
2	35924390	601	49
2	35985122	602	7
2	36046676	603	16
2	36108127	604	19
2	36169400	605	23
2	36230641	606	25
2	36291629	607	39
2	36353171	608	38
2	36414434	609	20
2	36475892	610	10
2	36537788	611	46
2	36599127	612	53
2	36659691	613	25
2	36721091	614	33
2	36782210	615	23
2	36843200	616	12
2	36904520	617	33
2	36965696	618	23
2	37027057	619	17
2	37088567	620	43
2	37149716	621	24
2	37210706	622	25
2	37271558	623	9
2	37333407	624	35
2	37394471	625	20
2	37456119	626	10
2	37517739	627	17
2	37579023	628	13
2	37640651	629	23
2	37702128	630	25
2	37763567	631	29
2	37824925	632	31
2	37886421	633	18
2	37947998	634	19
2	38009404	635	19
2	38071104	636	14
2	38132684	637	6
2	38194660	638	25
2	38255612	639	16
2	38317062	640	36
2	38377907	641	6
2	38439785	642	41
2	38500861	643	9
2	38562771	644	42
2	38623652	645	17
2	38685103	646	24
2	38746846	647	24
2	38808498	648	13
2	38870633	649	26
2	38931954	650	11
2	38993539	651	40
2	39054700	652	32
2	39116036	653	22
2	39177284	654	7
2	39239199	655	18
2	39300496	656	21
2	39362001	657	16
2	39423415	658	21
2	39484881	659	18
2	39546167	660	24
2	39607269	661	7
2	39668922	662	20
2	39729930	663	18
2	39791429	664	20
2	39852716	665	18
2	39914382	666	18
2	39976133	667	31
2	40037599	668	33
2	40098854	669	9
2	40160627	670	22
2	40221943	671	20
2	40283308	672	13
2	40344448	673	11
2	40406231	674	14
2	40468155	675	33
2	40529603	676	30
2	40590725	677	26
2	40652220	678	42
2	40713483	679	10
2	40775200	680	20
2	40837054	681	33
2	40898116	682	19
2	40959670	683	17
2	41021228	684	21
2	41082443	685	18
2	41143982	686	18
2	41206020	687	17
2	41267665	688	10
2	41329715	689	25
2	41391419	690	9
2	41453515	691	48
2	41514186	692	11
2	41576216	693	23
2	41637668	694	21
2	41699122	695	28
2	41760960	696	14
2	41823225	697	30
2	41884737	698	11
2	41946755	699	36
2	42007680	700	14
2	42068894	701	25
2	42130091	702	12
2	42191475	703	22
2	42252863	704	18
2	42314157	705	24
2	42375472	706	14
2	42437058	707	23
2	42498736	708	50
2	42559169	709	11
2	42621192	710	57
2	42681937	711	9
2	42744158	712	35
2	42805747	713	24
2	42867226	714	20
2	42928787	715	30
2	42990287	716	32
2	43051343	717	17
2	43113036	718	23
2	43174391	719	22
2	43235705	720	12
2	43297307	721	20
2	43358776	722	16
2	43420340	723	23
2	43481809	724	17
2	43543384	725	15
2	43605628	726	63
2	43666616	727	10
2	43728907	728	54
2	43790170	729	12
2	43852094	730	27
2	43913595	731	18
2	43975356	732	35
2	44036542	733	19
2	44098028	734	28
2	44159066	735	12
2	44220429	736	27
2	44282027	737	21
2	44343902	738	27
2	44405580	739	16
2	44467320	740	21
2	44529083	741	37
2	44590062	742	11
2	44651874	743	13
2	44713873	744	49
2	44775109	745	22
2	44837135	746	31
2	44898612	747	16
2	44960524	748	17
2	45022266	749	39
2	45083453	750	23
2	45145213	751	28
2	45206851	752	19
2	45268453	753	23
2	45329992	754	8
2	45391741	755	21
2	45453330	756	30
2	45514284	757	21
2	45576170	758	61
2	45636822	759	12
2	45698600	760	7
2	45760888	761	29
2	45822536	762	31
2	45883999	763	24
2	45945487	764	19
2	46006734	765	11
2	46068556	766	16
2	46130054	767	35
2	46191249	768	22
2	46253010	769	16
2	46314968	770	23
2	46376632	771	29
2	46438153	772	19
2	46499563	773	14
2	46561333	774	37
2	46622470	775	28
2	46683839	776	13
2	46745748	777	46
2	46807072	778	13
2	46868807	779	12
2	46930892	780	36
2	46992130	781	10
2	47054370	782	23
2	47115956	783	22
2	47177410	784	10
2	47239071	785	33
2	47300206	786	16
2	47361846	787	42
2	47422807	788	45
2	47483817	789	18
2	47545055	790	17
2	47606567	791	22
2	47667820	792	14
2	47729605	793	29
2	47790533	794	31
2	47851427	795	24
2	47913045	796	37
2	47973957	797	10
2	48035797	798	23
2	48097329	799	41
2	48158461	800	7
2	48220183	801	15
2	48281575	802	19
2	48343077	803	39
2	48404071	804	20
2	48465392	805	12
2	48527311	806	26
2	48588707	807	27
2	48650207	808	27
2	48711325	809	15
2	48772930	810	19
2	48834342	811	26
2	48895706	812	20
2	48956975	813	31
2	49018407	814	6
2	49080205	815	32
2	49141536	816	29
2	49203140	817	28
2	49264541	818	14
2	49326376	819	28
2	49388032	820	23
2	49449873	821	2
2	49511732	822	31
2	49573425	823	50
2	49634949	824	11
2	49696657	825	29
2	49758027	826	17
2	49819682	827	11
2	49881780	828	31
2	49943125	829	21
2	50004812	830	37
2	50066202	831	8
2	50128353	832	33
2	50189409	833	24
2	50250524	834	13
2	50312347	835	20
2	50373992	836	23
2	50435458	837	17
2	50497209	838	25
2	50558609	839	24
2	50620249	840	22
2	50681881	841	23
2	50743164	842	16
2	50804620	843	13
2	50866261	844	38
2	50927191	845	14
2	50988645	846	11
2	51050446	847	37
2	51111905	848	18
2	51173751	849	36
2	51234970	850	22
2	51296327	851	30
2	51357764	852	22
2	51419112	853	15
2	51480709	854	21
2	51542196	855	24
2	51603490	856	24
2	51664889	857	22
2	51726610	858	17
2	51788011	859	34
2	51848616	860	16
2	51910122	861	26
2	51971355	862	31
2	52032535	863	18
2	52093767	864	9
2	52155431	865	33
2	52216411	866	13
2	52277557	867	10
2	52338871	868	4
2	52400478	869	50
2	52461277	870	10
2	52522905	871	27
2	52584028	872	12
2	52645947	873	26
2	52707436	874	20
2	52768954	875	33
2	52830005	876	6
2	52891691	877	33
2	52953204	878	30
2	53014545	879	12
2	53076393	880	43
2	53137193	881	9
2	53198914	882	10
2	53260287	883	38
2	53321274	884	11
2	53383308	885	34
2	53444298	886	13
2	53506048	887	24
2	53567578	888	15
2	53629868	889	41
2	53691340	890	16
2	53752828	891	27
2	53813999	892	29
2	53875734	893	19
2	53937475	894	23
2	53998998	895	14
2	54060590	896	17
2	54121866	897	7
2	54183524	898	44
2	54244186	899	19
2	54305450	900	13
2	54367080	901	24
2	54428642	902	13
2	54490390	903	31
2	54551321	904	21
2	54612434	905	17
2	54673914	906	38
2	54735118	907	14
2	54796704	908	31
2	54857621	909	17
2	54918505	910	6
2	54979949	911	12
2	55041581	912	49
2	55102650	913	9
2	55164364	914	17
2	55225937	915	17
2	55287296	916	46
2	55348138	917	18
2	55409532	918	10
2	55471378	919	43
2	55531970	920	13
2	55593748	921	48
2	55654287	922	21
2	55715504	923	27
2	55776702	924	31
2	55838151	925	11
2	55900109	926	19
2	55961526	927	33
2	56022504	928	22
2	56084007	929	28
2	56145272	930	25
2	56206542	931	11
2	56268375	932	22
2	56329793	933	19
2	56391579	934	23
2	56453375	935	24
2	56515294	936	47
2	56576311	937	10
2	56637969	938	27
2	56699856	939	21
2	56761841	940	10
2	56823892	941	44
2	56885413	942	21
2	56947032	943	24
2	57008578	944	18
2	57070586	945	37
2	57131981	946	28
2	57193096	947	9
2	57254945	948	19
2	57316487	949	27
2	57377889	950	25
2	57439438	951	42
2	57500543	952	25
2	57562131	953	45
2	57623259	954	3
2	57685533	955	34
2	57746661	956	20
2	57808465	957	39
2	57869637	958	12
2	57931609	959	34
2	57993063	960	22
2	58055017	961	37
2	58116546	962	34
2	58177764	963	7
2	58239595	964	36
2	58300310	965	18
2	58361589	966	15
2	58422956	967	14
2	58484386	968	22
2	58545589	969	14
2	58606878	970	21
2	58668143	971	17
2	58729644	972	29
2	58791062	973	27
2	58852455	974	20
2	58913557	975	14
2	58975128	976	65
2	59035084	977	18
2	59096340	978	16
2	59157844	979	15
2	59219332	980	47
2	59280085	981	7
2	59341561	982	18
2	59402770	983	32
2	59463653	984	24
2	59525041	985	17
2	59586713	986	22
2	59648054	987	31
2	59709100	988	4
2	59770694	989	27
2	59831794	990	23
2	59892775	991	25
2	59953788	992	34
2	60014994	993	24
2	60076344	994	16
2	60137789	995	15
2	60199369	996	13
2	60261197	997	32
2	60322295	998	12
2	60383651	999	32
3	30894639	519	2
3	30956010	520	5
3	31016938	521	2
3	31078888	522	7
3	31140455	523	2
3	31202088	524	3
3	31263269	525	4
3	31324926	526	6
3	31386408	527	3
3	31447860	528	2
3	31509394	529	4
3	31570367	530	5
3	31632098	531	10
3	31693281	532	7
3	31753904	533	5
3	31815029	534	5
3	31875903	535	1
3	31937086	536	3
3	31998292	537	5
3	32059377	538	5
3	32120709	539	3
3	32182049	540	9
3	32243775	541	3
3	32305057	542	3
3	32367284	543	8
3	32428860	544	3
3	32490144	545	7
3	32551727	546	6
3	32613097	547	7
3	32674538	548	3
3	32735443	549	1
3	32796754	550	4
3	32857881	551	6
3	32918857	552	3
3	32980122	553	5
3	33041232	554	2
3	33102469	555	2
3	33163433	556	3
3	33225040	557	6
3	33286537	558	6
3	33347433	559	7
3	33409030	560	2
3	33470319	561	3
3	33531943	562	3
3	33593492	563	5
3	33654772	564	7
3	33716211	565	1
3	33777715	566	5
3	33838985	567	8
3	33899881	568	7
3	33960861	569	3
3	34022526	570	2
3	34084142	571	9
3	34145273	572	3
3	34206676	573	2
3	34267810	574	5
3	34328953	575	9
3	34390251	576	4
3	34451940	577	10
3	34513104	578	5
3	34574548	579	7
3	34635961	580	10
3	34697054	581	0
3	34758709	582	6
3	34819333	583	2
3	34880653	584	1
3	34942167	585	1
3	35004138	586	2
3	35065498	587	5
3	35126647	588	9
3	35188697	589	5
3	35249359	590	2
3	35310569	591	3
3	35371919	592	3
3	35433126	593	3
3	35493932	594	6
3	35555708	595	5
3	35617011	596	5
3	35678267	597	2
3	35740193	598	5
3	35801961	599	10
3	35862980	600	6
3	35924390	601	2
3	35985122	602	1
3	36046676	603	1
3	36108127	604	6
3	36169400	605	7
3	36230641	606	3
3	36291629	607	5
3	36353171	608	2
3	36414434	609	7
3	36475892	610	5
3	36537788	611	1
3	36599127	612	4
3	36659691	613	3
3	36721091	614	5
3	36782210	615	6
3	36843200	616	5
3	36904520	617	5
3	36965696	618	7
3	37027057	619	5
3	37088567	620	6
3	37149716	621	3
3	37210706	622	1
3	37271558	623	5
3	37333407	624	3
3	37394471	625	3
3	37456119	626	4
3	37517739	627	3
3	37579023	628	7
3	37640651	629	9
3	37702128	630	3
3	37763567	631	2
3	37824925	632	5
3	37886421	633	3
3	37947998	634	5
3	38009404	635	5
3	38071104	636	3
3	38132684	637	2
3	38194660	638	7
3	38255612	639	3
3	38317062	640	5
3	38377907	641	7
3	38439785	642	5
3	38500861	643	1
3	38562771	644	8
3	38623652	645	9
3	38685103	646	3
3	38746846	647	2
3	38808498	648	5
3	38870633	649	7
3	38931954	650	0
3	38993539	651	5
3	39054700	652	11
3	39116036	653	3
3	39177284	654	5
3	39239199	655	6
3	39300496	656	6
3	39362001	657	4
3	39423415	658	8
3	39484881	659	6
3	39546167	660	5
3	39607269	661	4
3	39668922	662	4
3	39729930	663	3
3	39791429	664	4
3	39852716	665	7
3	39914382	666	1
3	39976133	667	6
3	40037599	668	3
3	40098854	669	2
3	40160627	670	5
3	40221943	671	4
3	40283308	672	3
3	40344448	673	2
3	40406231	674	7
3	40468155	675	9
3	40529603	676	7
3	40590725	677	5
3	40652220	678	9
3	40713483	679	3
3	40775200	680	7
3	40837054	681	6
3	40898116	682	5
3	40959670	683	5
3	41021228	684	5
3	41082443	685	6
3	41143982	686	11
3	41206020	687	6
3	41267665	688	6
3	41329715	689	6
3	41391419	690	6
3	41453515	691	4
3	41514186	692	5
3	41576216	693	4
3	41637668	694	6
3	41699122	695	7
3	41760960	696	5
3	41823225	697	4
3	41884737	698	4
3	41946755	699	5
3	42007680	700	3
3	42068894	701	2
3	42130091	702	3
3	42191475	703	4
3	42252863	704	2
3	42314157	705	7
3	42375472	706	4
3	42437058	707	6
3	42498736	708	5
3	42559169	709	6
3	42621192	710	8
3	42681937	711	2
3	42744158	712	5
3	42805747	713	12
3	42867226	714	6
3	42928787	715	5
3	42990287	716	6
3	43051343	717	7
3	43113036	718	8
3	43174391	719	3
3	43235705	720	3
3	43297307	721	12
3	43358776	722	2
3	43420340	723	9
3	43481809	724	4
3	43543384	725	3
3	43605628	726	6
3	43666616	727	8
3	43728907	728	7
3	43790170	729	3
3	43852094	730	5
3	43913595	731	7
3	43975356	732	7
3	44036542	733	4
3	44098028	734	9
3	44159066	735	4
3	44220429	736	5
3	44282027	737	14
3	44343902	738	8
3	44405580	739	10
3	44467320	740	7
3	44529083	741	9
3	44590062	742	1
3	44651874	743	3
3	44713873	744	2
3	44775109	745	11
3	44837135	746	9
3	44898612	747	2
3	44960524	748	6
3	45022266	749	3
3	45083453	750	4
3	45145213	751	7
3	45206851	752	9
3	45268453	753	5
3	45329992	754	3
3	45391741	755	12
3	45453330	756	9
3	45514284	757	4
3	45576170	758	4
3	45636822	759	3
3	45698600	760	7
3	45760888	761	3
3	45822536	762	5
3	45883999	763	5
3	45945487	764	6
3	46006734	765	4
3	46068556	766	6
3	46130054	767	7
3	46191249	768	4
3	46253010	769	7
3	46314968	770	6
3	46376632	771	9
3	46438153	772	10
3	46499563	773	7
3	46561333	774	6
3	46622470	775	3
3	46683839	776	3
3	46745748	777	4
3	46807072	778	5
3	46868807	779	3
3	46930892	780	3
3	46992130	781	5
3	47054370	782	9
3	47115956	783	6
3	47177410	784	2
3	47239071	785	6
3	47300206	786	4
3	47361846	787	3
3	47422807	788	3
3	47483817	789	1
3	47545055	790	5
3	47606567	791	4
3	47667820	792	8
3	47729605	793	7
3	47790533	794	5
3	47851427	795	9
3	47913045	796	3
3	47973957	797	3
3	48035797	798	11
3	48097329	799	8
3	48158461	800	6
3	48220183	801	6
3	48281575	802	3
3	48343077	803	5
3	48404071	804	7
3	48465392	805	9
3	48527311	806	9
3	48588707	807	6
3	48650207	808	2
3	48711325	809	1
3	48772930	810	12
3	48834342	811	9
3	48895706	812	3
3	48956975	813	2
3	49018407	814	2
3	49080205	815	11
3	49141536	816	3
3	49203140	817	5
3	49264541	818	4
3	49326376	819	6
3	49388032	820	7
3	49449873	821	7
3	49511732	822	6
3	49573425	823	4
3	49634949	824	1
3	49696657	825	9
3	49758027	826	7
3	49819682	827	8
3	49881780	828	4
3	49943125	829	3
3	50004812	830	3
3	50066202	831	4
3	50128353	832	4
3	50189409	833	3
3	50250524	834	2
3	50312347	835	5
3	50373992	836	0
3	50435458	837	8
3	50497209	838	7
3	50558609	839	1
3	50620249	840	2
3	50681881	841	8
3	50743164	842	5
3	50804620	843	8
3	50866261	844	4
3	50927191	845	3
3	50988645	846	4
3	51050446	847	4
3	51111905	848	6
3	51173751	849	6
3	51234970	850	3
3	51296327	851	10
3	51357764	852	2
3	51419112	853	6
3	51480709	854	4
3	51542196	855	7
3	51603490	856	5
3	51664889	857	1
3	51726610	858	11
3	51788011	859	3
3	51848616	860	0
3	51910122	861	14
3	51971355	862	1
3	52032535	863	4
3	52093767	864	9
3	52155431	865	8
3	52216411	866	5
3	52277557	867	7
3	52338871	868	6
3	52400478	869	2
3	52461277	870	5
3	52522905	871	2
3	52584028	872	0
3	52645947	873	14
3	52707436	874	4
3	52768954	875	1
3	52830005	876	4
3	52891691	877	9
3	52953204	878	4
3	53014545	879	5
3	53076393	880	4
3	53137193	881	4
3	53198914	882	2
3	53260287	883	5
3	53321274	884	8
3	53383308	885	10
3	53444298	886	9
3	53506048	887	2
3	53567578	888	6
3	53629868	889	3
3	53691340	890	4
3	53752828	891	8
3	53813999	892	5
3	53875734	893	2
3	53937475	894	2
3	53998998	895	5
3	54060590	896	8
3	54121866	897	2
3	54183524	898	2
3	54244186	899	7
3	54305450	900	10
3	54367080	901	9
3	54428642	902	16
3	54490390	903	8
3	54551321	904	2
3	54612434	905	8
3	54673914	906	3
3	54735118	907	6
3	54796704	908	5
3	54857621	909	11
3	54918505	910	9
3	54979949	911	3
3	55041581	912	11
3	55102650	913	6
3	55164364	914	4
3	55225937	915	3
3	55287296	916	6
3	55348138	917	11
3	55409532	918	6
3	55471378	919	2
3	55531970	920	3
3	55593748	921	9
3	55654287	922	8
3	55715504	923	6
3	55776702	924	8
3	55838151	925	6
3	55900109	926	4
3	55961526	927	2
3	56022504	928	5
3	56084007	929	2
3	56145272	930	5
3	56206542	931	4
3	56268375	932	7
3	56329793	933	7
3	56391579	934	6
3	56453375	935	9
3	56515294	936	9
3	56576311	937	3
3	56637969	938	3
3	56699856	939	6
3	56761841	940	4
3	56823892	941	4
3	56885413	942	5
3	56947032	943	7
3	57008578	944	6
3	57070586	945	5
3	57131981	946	7
3	57193096	947	4
3	57254945	948	6
3	57316487	949	2
3	57377889	950	3
3	57439438	951	2
3	57500543	952	7
3	57562131	953	5
3	57623259	954	0
3	57685533	955	6
3	57746661	956	3
3	57808465	957	4
3	57869637	958	7
3	57931609	959	3
3	57993063	960	7
3	58055017	961	6
3	58116546	962	13
3	58177764	963	5
3	58239595	964	5
3	58300310	965	11
3	58361589	966	8
3	58422956	967	4
3	58484386	968	3
3	58545589	969	8
3	58606878	970	4
3	58668143	971	3
3	58729644	972	3
3	58791062	973	6
3	58852455	974	0
3	58913557	975	6
3	58975128	976	2
3	59035084	977	3
3	59096340	978	7
3	59157844	979	5
3	59219332	980	9
3	59280085	981	3
3	59341561	982	6
3	59402770	983	4
3	59463653	984	2
3	59525041	985	5
3	59586713	986	6
3	59648054	987	7
3	59709100	988	5
3	59770694	989	5
3	59831794	990	1
3	59892775	991	5
3	59953788	992	5
3	60014994	993	5
3	60076344	994	4
3	60137789	995	7
3	60199369	996	7
3	60261197	997	2
3	60322295	998	3
3	60383651	999	4
4	30894639	519	0.016307560045135
4	30956010	520	0.016275640166242
4	31016938	521	0.016247068326245
4	31078888	522	0.016226387607439
4	31140455	523	0.016198128431653
4	31202088	524	0.01616581263134
4	31263269	525	0.016142268220392
4	31324926	526	0.016117182588336
4	31386408	527	0.01608835613639
4	31447860	528	0.016068198068073
4	31509394	529	0.016042204480035
4	31570367	530	0.016020401334595
4	31632098	531	0.015989828341333
4	31693281	532	0.015966552619862
4	31753904	533	0.015938460953504
4	31815029	534	0.015915748526429
4	31875903	535	0.015885679923673
4	31937086	536	0.015855162733988
4	31998292	537	0.015827755529455
4	32059377	538	0.015797873842996
4	32120709	539	0.015768030676115
4	32182049	540	0.0157374142896
4	32243775	541	0.015716462379962
4	32305057	542	0.01568789613982
4	32367284	543	0.015659355392288
4	32428860	544	0.015633181066119
4	32490144	545	0.015606164423334
4	32551727	546	0.015576533427301
4	32613097	547	0.015547662297092
4	32674538	548	0.015518611247124
4	32735443	549	0.015489882817273
4	32796754	550	0.01546161634757
4	32857881	551	0.015435288929315
4	32918857	552	0.015406554204935
4	32980122	553	0.015378454144974
4	33041232	554	0.015359172559984
4	33102469	555	0.015330387637196
4	33163433	556	0.015309861398757
4	33225040	557	0.015284031276835
4	33286537	558	0.015260182714045
4	33347433	559	0.015232619988004
4	33409030	560	0.015204469617042
4	33470319	561	0.01517697069469
4	33531943	562	0.015148923143413
4	33593492	563	0.0151214547154
4	33654772	564	0.015096159237454
4	33716211	565	0.01507065207658
4	33777715	566	0.015043239257223
4	33838985	567	0.015016193934635
4	33899881	568	0.014989612812868
4	33960861	569	0.014962926083323
4	34022526	570	0.014938983802973
4	34084142	571	0.014910928627743
4	34145273	572	0.014886274960596
4	34206676	573	0.014859995189369
4	34267810	574	0.014833808041625
4	34328953	575	0.014815629191495
4	34390251	576	0.014794360582907
4	34451940	577	0.014775065351672
4	34513104	578	0.01475026902181
4	34574548	579	0.014726559770838
4	34635961	580	0.014700337595596
4	34697054	581	0.014681501916776
4	34758709	582	0.014655419551563
4	34819333	583	0.01462990545196
4	34880653	584	0.014604638076378
4	34942167	585	0.014581334854338
4	35004138	586	0.014554794520548
4	35065498	587	0.014529351485873
4	35126647	588	0.014504153100588
4	35188697	589	0.014478389678704
4	35249359	590	0.01445774359831
4	35310569	591	0.014441351650654
4	35371919	592	0.014415833301322
4	35433126	593	0.014391355386585
4	35493932	594	0.014376079428955
4	35555708	595	0.014350440343442
4	35617011	596	0.014328287345748
4	35678267	597	0.014304093171277
4	35740193	598	0.014281157785565
4	35801961	599	0.014258272518139
4	35862980	600	0.014238531183099
4	35924390	601	0.014213906260507
4	35985122	602	0.014192684840576
4	36046676	603	0.014168014006752
4	36108127	604	0.014143931490267
4	36169400	605	0.014122194763559
4	36230641	606	0.014098447420459
4	36291629	607	0.014074633416749
4	36353171	608	0.014051833529594
4	36414434	609	0.01403013358379
4	36475892	610	0.014006147222883
4	36537788	611	0.013982387192489
4	36599127	612	0.013965068763008
4	36659691	613	0.013942319573616
4	36721091	614	0.013919415425673
4	36782210	615	0.013896643457698
4	36843200	616	0.013873633129498
4	36904520	617	0.013852631406663
4	36965696	618	0.013830221822787
4	37027057	619	0.01380927619572
4	37088567	620	0.013788259723339
4	37149716	621	0.013765896429566
4	37210706	622	0.01374532792773
4	37271558	623	0.013725188303506
4	37333407	624	0.013702841494024
4	37394471	625	0.013684384818551
4	37456119	626	0.013671485216774
4	37517739	627	0.013648813728509
4	37579023	628	0.013626573224246
4	37640651	629	0.013604541533771
4	37702128	630	0.013581955344966
4	37763567	631	0.013560257368966
4	37824925	632	0.013542053425636
4	37886421	633	0.013524259364444
4	37947998	634	0.013501871280569
4	38009404	635	0.013487984966558
4	38071104	636	0.013467873242146
4	38132684	637	0.013458046811114
4	38194660	638	0.013435434996175
4	38255612	639	0.013414063748873
4	38317062	640	0.013392865939323
4	38377907	641	0.01337215593307
4	38439785	642	0.013356510807971
4	38500861	643	0.013337438568554
4	38562771	644	0.013315920758426
4	38623652	645	0.013295018033604
4	38685103	646	0.013273766306766
4	38746846	647	0.013260376902586
4	38808498	648	0.013241167853106
4	38870633	649	0.013219204555828
4	38931954	650	0.013202292948176
4	38993539	651	0.013183447212966
4	39054700	652	0.013166619304727
4	39116036	653	0.013150250246579
4	39177284	654	0.01312954562098
4	39239199	655	0.013112501996217
4	39300496	656	0.013091796255919
4	39362001	657	0.01307183274192
4	39423415	658	0.013051305130513
4	39484881	659	0.013030966471314
4	39546167	660	0.01301636878057
4	39607269	661	0.012996568814335
4	39668922	662	0.012976137457986
4	39729930	663	0.012956164154486
4	39791429	664	0.012936473150841
4	39852716	665	0.012916646143004
4	39914382	666	0.012896123596993
4	39976133	667	0.012876371348657
4	40037599	668	0.012856606783567
4	40098854	669	0.012836999478462
4	40160627	670	0.012816656766247
4	40221943	671	0.012797387215752
4	40283308	672	0.012777504994434
4	40344448	673	0.01275849615168
4	40406231	674	0.012738901106293
4	40468155	675	0.012719033965305
4	40529603	676	0.012699914688165
4	40590725	677	0.012684737768156
4	40652220	678	0.012672873105987
4	40713483	679	0.01265426089214
4	40775200	680	0.012636806156022
4	40837054	681	0.012617882451252
4	40898116	682	0.012600186806168
4	40959670	683	0.012583102480311
4	41021228	684	0.012564205907956
4	41082443	685	0.012549433263257
4	41143982	686	0.01253268498555
4	41206020	687	0.012513489101539
4	41267665	688	0.012507431832942
4	41329715	689	0.012488560828991
4	41391419	690	0.012473326159514
4	41453515	691	0.012453950974518
4	41514186	692	0.012437901413266
4	41576216	693	0.012419089811444
4	41637668	694	0.012407856617101
4	41699122	695	0.012396926112655
4	41760960	696	0.012380447966508
4	41823225	697	0.012361633273351
4	41884737	698	0.012348638171565
4	41946755	699	0.012337037203653
4	42007680	700	0.01232107754175
4	42068894	701	0.012303347400454
4	42130091	702	0.012285602177259
4	42191475	703	0.012267534953619
4	42252863	704	0.012251701178543
4	42314157	705	0.012233801540553
4	42375472	706	0.012216215253347
4	42437058	707	0.012198332289829
4	42498736	708	0.012180717948354
4	42559169	709	0.01216378003033
4	42621192	710	0.012149828999127
4	42681937	711	0.012132917347596
4	42744158	712	0.012114940052239
4	42805747	713	0.012097335940903
4	42867226	714	0.012080123266564
4	42928787	715	0.012062577699002
4	42990287	716	0.012045463724015
4	43051343	717	0.012028292788986
4	43113036	718	0.012011107648239
4	43174391	719	0.012006294256491
4	43235705	720	0.011989231166763
4	43297307	721	0.011972362619449
4	43358776	722	0.011955250073121
4	43420340	723	0.011938248639627
4	43481809	724	0.011921316188304
4	43543384	725	0.011904472975269
4	43605628	726	0.011887677289464
4	43666616	727	0.011870990493873
4	43728907	728	0.011855667433683
4	43790170	729	0.011840551605257
4	43852094	730	0.01183920847025
4	43913595	731	0.011822399304201
4	43975356	732	0.011805779648333
4	44036542	733	0.011791163226792
4	44098028	734	0.011778016651148
4	44159066	735	0.011761769889117
4	44220429	736	0.011745567887368
4	44282027	737	0.011729670389614
4	44343902	738	0.011713197731919
4	44405580	739	0.011696910458544
4	44467320	740	0.011680509793737
4	44529083	741	0.011667110207832
4	44590062	742	0.011651626030711
4	44651874	743	0.011635553436824
4	44713873	744	0.011619034757508
4	44775109	745	0.011603403979851
4	44837135	746	0.011586976393408
4	44898612	747	0.011571314974119
4	44960524	748	0.011556676230079
4	45022266	749	0.01154036361198
4	45083453	750	0.011525235309678
4	45145213	751	0.011511048767724
4	45206851	752	0.011500259624038
4	45268453	753	0.011484153435493
4	45329992	754	0.011470502044677
4	45391741	755	0.011458187840453
4	45453330	756	0.011447491647682
4	45514284	757	0.01143701433731
4	45576170	758	0.011421824179755
4	45636822	759	0.011407070498243
4	45698600	760	0.011394811471118
4	45760888	761	0.011378780281839
4	45822536	762	0.011363262025392
4	45883999	763	0.011348084692011
4	45945487	764	0.011332724453322
4	46006734	765	0.011317795630041
4	46068556	766	0.011305904922926
4	46130054	767	0.011290552158882
4	46191249	768	0.011275793725358
4	46253010	769	0.011260816568298
4	46314968	770	0.011245640908646
4	46376632	771	0.011230469544613
4	46438153	772	0.011215594242846
4	46499563	773	0.011202344993922
4	46561333	774	0.011190642910864
4	46622470	775	0.011176385837849
4	46683839	776	0.011164622405874
4	46745748	777	0.011149697524496
4	46807072	778	0.011135351111842
4	46868807	779	0.011120271549753
4	46930892	780	0.011105214916301
4	46992130	781	0.011092749000657
4	47054370	782	0.011078804169146
4	47115956	783	0.011091908272722
4	47177410	784	0.011093142406516
4	47239071	785	0.011078787994971
4	47300206	786	0.011064664869091
4	47361846	787	0.011051466757169
4	47422807	788	0.01103776647549
4	47483817	789	0.01102504116312
4	47545055	790	0.011014058440064
4	47606567	791	0.011000282180462
4	47667820	792	0.01098742778616
4	47729605	793	0.010973216812739
4	47790533	794	0.010959180998612
4	47851427	795	0.010945560818047
4	47913045	796	0.010931716153422
4	47973957	797	0.010917992347966
4	48035797	798	0.01090384038286
4	48097329	799	0.010889844670645
4	48158461	800	0.010876157550702
4	48220183	801	0.010861875755166
4	48281575	802	0.010848089235694
4	48343077	803	0.010834557555074
4	48404071	804	0.010821059590671
4	48465392	805	0.010807494234186
4	48527311	806	0.010793711030271
4	48588707	807	0.010780063406655
4	48650207	808	0.010767851269927
4	48711325	809	0.010754420840118
4	48772930	810	0.01074233861733
4	48834342	811	0.010730419650129
4	48895706	812	0.010718646338696
4	48956975	813	0.010705195503941
4	49018407	814	0.01069184423535
4	49080205	815	0.010681240475535
4	49141536	816	0.010668067368861
4	49203140	817	0.010660915396816
4	49264541	818	0.010647359454855
4	49326376	819	0.01063413081664
4	49388032	820	0.010620853855523
4	49449873	821	0.010608990550962
4	49511732	822	0.010595277472498
4	49573425	823	0.010581841432225
4	49634949	824	0.0105722679058
4	49696657	825	0.010558653448988
4	49758027	826	0.01054584172592
4	49819682	827	0.010532725980977
4	49881780	828	0.010519324512008
4	49943125	829	0.010506274601652
4	50004812	830	0.010493447066423
4	50066202	831	0.01048372874049
4	50128353	832	0.010470345062227
4	50189409	833	0.010458892163349
4	50250524	834	0.010446499236336
4	50312347	835	0.010433384430319
4	50373992	836	0.010420645942225
4	50435458	837	0.010409247876855
4	50497209	838	0.010399760890682
4	50558609	839	0.01038683071063
4	50620249	840	0.01037405636188
4	50681881	841	0.010376187030436
4	50743164	842	0.010363564983077
4	50804620	843	0.010351327224629
4	50866261	844	0.010338642847288
4	50927191	845	0.010326387335099
4	50988645	846	0.010313870816881
4	51050446	847	0.010301475968396
4	51111905	848	0.01028941470372
4	51173751	849	0.010279467018999
4	51234970	850	0.010267264056181
4	51296327	851	0.010254969342482
4	51357764	852	0.010251535085464
4	51419112	853	0.010239138251114
4	51480709	854	0.010226981230257
4	51542196	855	0.010223577622619
4	51603490	856	0.010211378309412
4	51664889	857	0.010202412355654
4	51726610	858	0.010190192614335
4	51788011	859	0.010177883466513
4	51848616	860	0.010166136649759
4	51910122	861	0.010154357869518
4	51971355	862	0.010142223448356
4	52032535	863	0.010130676296973
4	52093767	864	0.010118613032947
4	52155431	865	0.010106753945034
4	52216411	866	0.010095053929411
4	52277557	867	0.01008486822256
4	52338871	868	0.010075900890509
4	52400478	869	0.010063914787964
4	52461277	870	0.010052593419493
4	52522905	871	0.010040633818602
4	52584028	872	0.010029163222192
4	52645947	873	0.010021818348629
4	52707436	874	0.010012800577315
4	52768954	875	0.010002388331214
4	52830005	876	0.0099908862090344
4	52891691	877	0.0099819651173409
4	52953204	878	0.0099748597619373
4	53014545	879	0.0099633580744625
4	53076393	880	0.0099513734857533
4	53137193	881	0.0099403070289432
4	53198914	882	0.0099285749749977
4	53260287	883	0.0099170813543568
4	53321274	884	0.0099061330555445
4	53383308	885	0.0098945514229691
4	53444298	886	0.0098832061747798
4	53506048	887	0.0098718729900816
4	53567578	888	0.0098605379832882
4	53629868	889	0.0098502619466088
4	53691340	890	0.0098387844884535
4	53752828	891	0.0098287790469131
4	53813999	892	0.0098178350558835
4	53875734	893	0.0098066956156324
4	53937475	894	0.0097951839762487
4	53998998	895	0.009783931768221
4	54060590	896	0.0097739921355796
4	54121866	897	0.0097672317392505
4	54183524	898	0.0097586723637518
4	54244186	899	0.0097481914301614
4	54305450	900	0.009738649012586
4	54367080	901	0.0097292765299423
4	54428642	902	0.0097182282293108
4	54490390	903	0.0097071108845949
4	54551321	904	0.0096962067343607
4	54612434	905	0.009685501044
4	54673914	906	0.0096746720701645
4	54735118	907	0.009664080478392
4	54796704	908	0.0096558543867961
4	54857621	909	0.0096453069411541
4	54918505	910	0.0096347957535988
4	54979949	911	0.0096282935105796
4	55041581	912	0.0096172040180004
4	55102650	913	0.0096070215904593
4	55164364	914	0.009597388525272
4	55225937	915	0.0095865812461052
4	55287296	916	0.0095760074260129
4	55348138	917	0.0095657829964969
4	55409532	918	0.0095552029203642
4	55471378	919	0.0095471336149717
4	55531970	920	0.0095382808804902
4	55593748	921	0.0095290330726278
4	55654287	922	0.0095204513399154
4	55715504	923	0.0095099271718398
4	55776702	924	0.0094998247539451
4	55838151	925	0.0094893461137613
4	55900109	926	0.0094785961955993
4	55961526	927	0.0094680876890583
4	56022504	928	0.0094645936624272
4	56084007	929	0.0094542890172788
4	56145272	930	0.0094440194822392
4	56206542	931	0.0094336962228957
4	56268375	932	0.0094285208395931
4	56329793	933	0.0094184644244942
4	56391579	934	0.0094080642462774
4	56453375	935	0.0093992124984123
4	56515294	936	0.0093887183130757
4	56576311	937	0.0093852557432162
4	56637969	938	0.009375
4	56699856	939	0.0093648414433171
4	56761841	940	0.0093542943989916
4	56823892	941	0.0093438331365395
4	56885413	942	0.0093338905805322
4	56947032	943	0.0093235613751425
4	57008578	944	0.0093135262585837
4	57070586	945	0.0093032912624441
4	57131981	946	0.0092931769455236
4	57193096	947	0.00928339084593
4	57254945	948	0.0092731608231034
4	57316487	949	0.0092685251997493
4	57377889	950	0.0092622917398298
4	57439438	951	0.0092527139279492
4	57500543	952	0.0092428404737185
4	57562131	953	0.0092342023421808
4	57623259	954	0.0092297536767739
4	57685533	955	0.0092195621656486
4	57746661	956	0.0092138194222086
4	57808465	957	0.0092065427552002
4	57869637	958	0.0091969373103262
4	57931609	959	0.0091882596631102
4	57993063	960	0.0091811291682717
4	58055017	961	0.0091724395231267
4	58116546	962	0.0091641971685397
4	58177764	963	0.0091545440629727
4	58239595	964	0.0091445202204429
4	58300310	965	0.0091353342092829
4	58361589	966	0.0091283398809786
4	58422956	967	0.0091185999286943
4	58484386	968	0.0091090570532284
4	58545589	969	0.0090996866222102
4	58606878	970	0.0090901598600999
4	58668143	971	0.0090807815209505
4	58729644	972	0.0090714108556221
4	58791062	973	0.009061873377682
4	58852455	974	0.0090524139770605
4	58913557	975	0.0090429163821673
4	58975128	976	0.0090334155755075
4	59035084	977	0.009024696140437
4	59096340	978	0.0090166603873588
4	59157844	979	0.009013894027737
4	59219332	980	0.0090043817501
4	59280085	981	0.0089953705354187
4	59341561	982	0.0089872377662402
4	59402770	983	0.0089780909676542
4	59463653	984	0.0089689058467975
4	59525041	985	0.0089599553650681
4	59586713	986	0.0089505238450518
4	59648054	987	0.0089438805660408
4	59709100	988	0.0089348695038796
4	59770694	989	0.0089279964035454
4	59831794	990	0.0089191211070307
4	59892775	991	0.0089100276248664
4	59953788	992	0.008900941460258
4	60014994	993	0.008892119846155
4	60076344	994	0.0088831036332773
4	60137789	995	0.0088739720250228
4	60199369	996	0.0088661575094009
4	60261197	997	0.0088593452125967
4	60322295	998	0.0088517611551085
4	60383651	999	0.0088526991857317
5	30894640	519	240428
5	30956011	520	240857
5	31016939	521	241642
5	31078889	522	243357
5	31140456	523	241000
5	31202089	524	240857
5	31263270	525	242857
5	31324927	526	240214
5	31386409	527	243285
5	31447861	528	239357
5	31509395	529	242214
5	31570368	530	237428
5	31632099	531	241142
5	31693282	532	238500
5	31753905	533	236000
5	31815030	534	236785
5	31875904	535	236571
5	31937087	536	236857
5	31998293	537	237714
5	32059378	538	238142
5	32120710	539	239142
5	32182050	540	238714
5	32243776	541	241285
5	32305058	542	246642
5	32367285	543	247357
5	32428861	544	241928
5	32490145	545	239785
5	32551728	546	239000
5	32613098	547	241214
5	32674539	548	241214
5	32735444	549	240500
5	32796755	550	240571
5	32857882	551	240642
5	32918858	552	239428
5	32980123	553	241928
5	33041233	554	238857
5	33102470	555	237714
5	33163434	556	238000
5	33225041	557	240785
5	33286538	558	238857
5	33347434	559	239571
5	33409031	560	241785
5	33470320	561	241928
5	33531944	562	242642
5	33593493	563	244928
5	33654773	564	242928
5	33716212	565	241500
5	33777716	566	241214
5	33838986	567	238785
5	33899882	568	236357
5	33960862	569	239142
5	34022527	570	243071
5	34084143	571	239642
5	34145274	572	240071
5	34206677	573	239285
5	34267811	574	238357
5	34328954	575	237571
5	34390252	576	240500
5	34451941	577	241642
5	34513105	578	238214
5	34574549	579	238785
5	34635962	580	238642
5	34697055	581	239214
5	34758710	582	239142
5	34819334	583	237071
5	34880654	584	241571
5	34942168	585	243500
5	35004139	586	243928
5	35065499	587	239928
5	35126648	588	241785
5	35188698	589	241571
5	35249360	590	237214
5	35310570	591	235714
5	35371920	592	236500
5	35433127	593	238857
5	35493933	594	238857
5	35555709	595	239000
5	35617012	596	239642
5	35678268	597	241428
5	35740194	598	244285
5	35801962	599	243071
5	35862981	600	238785
5	35924391	601	239000
5	35985123	602	239642
5	36046677	603	238142
5	36108128	604	239428
5	36169401	605	239000
5	36230642	606	237000
5	36291630	607	237357
5	36353172	608	245500
5	36414435	609	241142
5	36475893	610	241285
5	36537789	611	244928
5	36599128	612	241357
5	36659692	613	238500
5	36721092	614	240000
5	36782211	615	237428
5	36843201	616	237142
5	36904521	617	237571
5	36965697	618	241000
5	37027058	619	239500
5	37088568	620	239357
5	37149717	621	240000
5	37210707	622	237000
5	37271559	623	237285
5	37333408	624	241571
5	37394472	625	240214
5	37456120	626	240214
5	37517740	627	240000
5	37579024	628	238214
5	37640652	629	240571
5	37702129	630	240857
5	37763568	631	241357
5	37824926	632	241214
5	37886422	633	243071
5	37947999	634	240071
5	38009405	635	240428
5	38071105	636	242428
5	38132685	637	240071
5	38194661	638	240642
5	38255613	639	236928
5	38317063	640	238214
5	38377908	641	239357
5	38439786	642	241214
5	38500862	643	241857
5	38562772	644	239928
5	38623653	645	238285
5	38685104	646	240500
5	38746847	647	244428
5	38808499	648	244071
5	38870634	649	243357
5	38931955	650	240642
5	38993540	651	240571
5	39054701	652	239928
5	39116037	653	240642
5	39177285	654	240785
5	39239200	655	239928
5	39300497	656	238428
5	39362002	657	239642
5	39423416	658	239785
5	39484882	659	239928
5	39546168	660	237071
5	39607270	661	237428
5	39668923	662	238000
5	39729931	663	236000
5	39791430	664	240714
5	39852717	665	241214
5	39914383	666	239428
5	39976134	667	241357
5	40037600	668	242357
5	40098855	669	242571
5	40160628	670	239785
5	40221944	671	238928
5	40283309	672	237928
5	40344449	673	238071
5	40406232	674	242357
5	40468156	675	243642
5	40529604	676	241071
5	40590726	677	239571
5	40652221	678	241714
5	40713484	679	243214
5	40775201	680	241357
5	40837055	681	243285
5	40898117	682	237857
5	40959671	683	240785
5	41021229	684	240000
5	41082444	685	238714
5	41143983	686	241642
5	41206021	687	245428
5	41267666	688	242857
5	41329716	689	245285
5	41391420	690	243000
5	41453516	691	241571
5	41514187	692	241142
5	41576217	693	243071
5	41637669	694	240714
5	41699123	695	241000
5	41760961	696	246357
5	41823226	697	246785
5	41884738	698	244500
5	41946756	699	240357
5	42007681	700	237071
5	42068895	701	238428
5	42130092	702	237714
5	42191476	703	237714
5	42252864	704	239285
5	42314158	705	237357
5	42375473	706	240142
5	42437059	707	239928
5	42498737	708	241571
5	42559170	709	238714
5	42621193	710	243642
5	42681938	711	242857
5	42744159	712	245785
5	42805748	713	243642
5	42867227	714	241642
5	42928788	715	241428
5	42990288	716	240785
5	43051344	717	239642
5	43113037	718	241142
5	43174392	719	238714
5	43235706	720	239214
5	43297308	721	239928
5	43358777	722	241142
5	43420341	723	240428
5	43481810	724	241142
5	43543385	725	243071
5	43605629	726	246285
5	43666617	727	245142
5	43728908	728	247000
5	43790171	729	246285
5	43852095	730	242785
5	43913596	731	241928
5	43975357	732	241642
5	44036543	733	240857
5	44098029	734	239071
5	44159067	735	238214
5	44220430	736	238357
5	44282028	737	244500
5	44343903	738	244071
5	44405581	739	243142
5	44467321	740	242142
5	44529084	741	240928
5	44590063	742	240071
5	44651875	743	244285
5	44713874	744	243928
5	44775110	745	246428
5	44837136	746	243714
5	44898613	747	243142
5	44960525	748	244214
5	45022267	749	242214
5	45083454	750	242142
5	45145214	751	243142
5	45206852	752	243857
5	45268454	753	241000
5	45329993	754	241428
5	45391742	755	241428
5	45453331	756	240214
5	45514285	757	238500
5	45576171	758	243571
5	45636823	759	241642
5	45698601	760	243142
5	45760889	761	245285
5	45822537	762	243500
5	45884000	763	242000
5	45945488	764	240928
5	46006735	765	239071
5	46068557	766	241857
5	46130055	767	238714
5	46191250	768	241714
5	46253011	769	244571
5	46314969	770	244571
5	46376633	771	242071
5	46438154	772	241642
5	46499564	773	240142
5	46561334	774	241500
5	46622471	775	241357
5	46683840	776	240785
5	46745749	777	242928
5	46807073	778	243785
5	46868808	779	241571
5	46930893	780	245928
5	46992131	781	244000
5	47054371	782	244357
5	47115957	783	242071
5	47177411	784	239785
5	47239072	785	241285
5	47300207	786	239571
5	47361847	787	238785
5	47422808	788	240142
5	47483818	789	239214
5	47545056	790	238857
5	47606568	791	241357
5	47667821	792	239285
5	47729606	793	239928
5	47790534	794	236071
5	47851428	795	239000
5	47913046	796	241142
5	47973958	797	239428
5	48035798	798	241857
5	48097330	799	241428
5	48158462	800	241000
5	48220184	801	239071
5	48281576	802	238071
5	48343078	803	240142
5	48404072	804	238071
5	48465393	805	239642
5	48527312	806	243500
5	48588708	807	242214
5	48650208	808	239642
5	48711326	809	238285
5	48772931	810	240000
5	48834343	811	240071
5	48895707	812	239428
5	48956976	813	238428
5	49018408	814	242500
5	49080206	815	241071
5	49141537	816	243000
5	49203141	817	243071
5	49264542	818	240500
5	49326377	819	243714
5	49388033	820	244357
5	49449874	821	244928
5	49511733	822	241785
5	49573426	823	245071
5	49634950	824	246142
5	49696658	825	240428
5	49758028	826	241142
5	49819683	827	242642
5	49881781	828	243785
5	49943126	829	241285
5	50004813	830	242142
5	50066203	831	245571
5	50128354	832	242571
5	50189410	833	237928
5	50250525	834	239642
5	50312348	835	241000
5	50373993	836	242357
5	50435459	837	240928
5	50497210	838	242642
5	50558610	839	240142
5	50620250	840	242571
5	50681882	841	242214
5	50743165	842	238785
5	50804621	843	239642
5	50866262	844	240071
5	50927192	845	239142
5	50988646	846	238928
5	51050447	847	241928
5	51111906	848	244857
5	51173752	849	243071
5	51234971	850	239857
5	51296328	851	239785
5	51357765	852	242000
5	51419113	853	238642
5	51480710	854	241071
5	51542197	855	239571
5	51603491	856	239214
5	51664890	857	242071
5	51726611	858	241571
5	51788012	859	238642
5	51848617	860	237000
5	51910123	861	238571
5	51971356	862	237714
5	52032536	863	239642
5	52093768	864	238142
5	52155432	865	238500
5	52216412	866	235857
5	52277558	867	236428
5	52338872	868	236928
5	52400479	869	238000
5	52461278	870	239857
5	52522906	871	238357
5	52584029	872	241000
5	52645948	873	242928
5	52707437	874	241642
5	52768955	875	239714
5	52830006	876	239357
5	52891692	877	239857
5	52953205	878	243928
5	53014546	879	241500
5	53076394	880	239785
5	53137194	881	239785
5	53198915	882	239928
5	53260288	883	236357
5	53321275	884	242000
5	53383309	885	241571
5	53444299	886	239000
5	53506049	887	242785
5	53567579	888	243785
5	53629869	889	246928
5	53691341	890	243357
5	53752829	891	239142
5	53814000	892	240357
5	53875735	893	245142
5	53937476	894	241142
5	53998999	895	241285
5	54060591	896	239214
5	54121867	897	238928
5	54183525	898	237642
5	54244187	899	238285
5	54305451	900	238714
5	54367081	901	240500
5	54428643	902	241571
5	54490391	903	239142
5	54551322	904	236000
5	54612435	905	237357
5	54673915	906	240000
5	54735119	907	242000
5	54796705	908	237714
5	54857622	909	236714
5	54918506	910	235000
5	54979950	911	238642
5	55041582	912	239500
5	55102651	913	242857
5	55164365	914	239714
5	55225938	915	239857
5	55287297	916	238500
5	55348139	917	240142
5	55409533	918	238857
5	55471379	919	240428
5	55531971	920	238428
5	55593749	921	240071
5	55654288	922	236428
5	55715505	923	238000
5	55776703	924	239928
5	55838152	925	243214
5	55900110	926	242428
5	55961527	927	238857
5	56022505	928	238071
5	56084008	929	240714
5	56145273	930	240000
5	56206543	931	239928
5	56268376	932	241714
5	56329794	933	240785
5	56391580	934	243785
5	56453376	935	245714
5	56515295	936	244357
5	56576312	937	240642
5	56637970	938	243000
5	56699857	939	246928
5	56761842	940	246071
5	56823893	941	244071
5	56885414	942	245857
5	56947033	943	240857
5	57008579	944	243142
5	57070587	945	244428
5	57131982	946	241285
5	57193097	947	240714
5	57254946	948	241571
5	57316488	949	240071
5	57377890	950	240285
5	57439439	951	242642
5	57500544	952	242071
5	57562132	953	242285
5	57623260	954	243142
5	57685534	955	244500
5	57746662	956	241571
5	57808466	957	242857
5	57869638	958	241142
5	57931610	959	244071
5	57993064	960	244928
5	58055018	961	244285
5	58116547	962	243785
5	58177765	963	241785
5	58239596	964	239142
5	58300311	965	236000
5	58361590	966	236928
5	58422957	967	237357
5	58484387	968	238071
5	58545590	969	238071
5	58606879	970	237857
5	58668144	971	239571
5	58729645	972	241142
5	58791063	973	241571
5	58852456	974	239000
5	58913558	975	236214
5	58975129	976	238428
5	59035085	977	235714
5	59096341	978	237785
5	59157845	979	240285
5	59219333	980	237928
5	59280086	981	239785
5	59341562	982	236428
5	59402771	983	237500
5	59463654	984	235928
5	59525042	985	241071
5	59586714	986	241000
5	59648055	987	238785
5	59709101	988	238285
5	59770695	989	237857
5	59831795	990	237928
5	59892776	991	234571
5	59953789	992	236714
5	60014995	993	240714
5	60076345	994	240714
5	60137790	995	239714
5	60199370	996	240928
5	60261198	997	241571
5	60322296	998	239214
5	60383652	999	236214
6	32796753	550	20
6	35862979	600	20
6	38931953	650	20
6	42007679	700	20
6	45083452	750	20
6	48158460	800	20
6	51234969	850	20
6	54305449	900	20
6	57377888	950	20
6	60444512	1000	20
7	32796753	550	0
7	35862979	600	0
7	38931953	650	0
7	42007679	700	0
7	45083452	750	0
7	48158460	800	0
7	51234969	850	0
7	54305449	900	0
7	57377888	950	0
7	60444512	1000	0
