version 2
run PerfectCC-1-20100909-19:54:29-2156
attr configname PerfectCC
attr datetime 20100909-19:54:29
attr experiment PerfectCC
attr inifile D:/Developement/Oversim2/multic/simulations/omnetpp.ini
attr iterationvars $rateIncoming=300000
attr iterationvars2 "$rateIncoming=300000, $repetition=0"
attr measurement $rateIncoming=300000
attr network oversim.underlay.simpleunderlay.SimpleUnderlayNetwork
attr processid 2156
attr rateIncoming 300000
attr repetition 0
attr replication #0
attr resultdir results
attr runnumber 1
attr seedset 1

vector 1  SimpleUnderlayNetwork.globalObserver.globalStatistics  incoming_bytes  ETV
vector 2  SimpleUnderlayNetwork.globalObserver.globalStatistics  drops  ETV
vector 3  SimpleUnderlayNetwork.globalObserver.globalStatistics  delayed_acks  ETV
vector 4  SimpleUnderlayNetwork.globalObserver.globalStatistics  timetotimeouts  ETV
vector 5  SimpleUnderlayNetwork.globalObserver.globalStatistics  rate  ETV
vector 6  SimpleUnderlayNetwork.globalObserver.globalStatistics  "GlobalNodeList: Number of nodes"  ETV
vector 7  SimpleUnderlayNetwork.globalObserver.globalStatistics  "GlobalNodeList: Number of bootstrapped malicious nodes"  ETV
1	36094991	520	65084
1	36167795	521	66621
1	36240286	522	66091
1	36313131	523	66568
1	36385156	524	64978
1	36458561	525	67946
1	36531185	526	66091
1	36603182	527	64713
1	36674493	528	63335
1	36746436	529	65031
1	36818171	530	64183
1	36890680	531	66091
1	36962382	532	64236
1	37034638	533	65455
1	37106882	534	65137
1	37179263	535	65826
1	37251252	536	64766
1	37322854	537	64077
1	37394915	538	64819
1	37466437	539	63865
1	37538500	540	65137
1	37610488	541	65031
1	37682939	542	66038
1	37755108	543	65084
1	37827950	544	66886
1	37899920	545	64660
1	37973096	546	67681
1	38044381	547	62752
1	38116944	548	66091
1	38188472	549	63812
1	38261010	550	65985
1	38333372	551	65667
1	38405030	552	64236
1	38477859	553	66780
1	38550092	554	65349
1	38622387	555	65720
1	38694213	556	64077
1	38766361	557	65402
1	38838902	558	66250
1	38911563	559	66144
1	38983699	560	64978
1	39056112	561	65667
1	39128892	562	66621
1	39199790	563	62116
1	39271502	564	64342
1	39343453	565	64872
1	39415750	566	65508
1	39486837	567	62699
1	39559118	568	65826
1	39630770	569	63759
1	39702679	570	64660
1	39775156	571	66197
1	39847345	572	65349
1	39918930	573	63759
1	39990417	574	63706
1	40062623	575	65349
1	40133469	576	61851
1	40206130	577	66621
1	40278128	578	64819
1	40350935	579	66992
1	40422610	580	63759
1	40495050	581	65826
1	40567585	582	66250
1	40640176	583	66197
1	40712403	584	65296
1	40784888	585	65879
1	40856628	586	64183
1	40929151	587	65985
1	41001833	588	66409
1	41073319	589	63865
1	41146369	590	67151
1	41217725	591	63282
1	41290835	592	67257
1	41361791	593	61957
1	41434101	594	65349
1	41505700	595	64077
1	41577070	596	63653
1	41649713	597	66356
1	41721525	598	64077
1	41794134	599	66462
1	41866013	600	64713
1	41938485	601	65720
1	42010960	602	65773
1	42083596	603	66091
1	42156108	604	65985
1	42228686	605	66303
1	42300881	606	65402
1	42373950	607	67204
1	42446322	608	65349
1	42519301	609	66727
1	42591241	610	64660
1	42664249	611	67204
1	42736512	612	65137
1	42808782	613	65296
1	42881179	614	65826
1	42953039	615	64448
1	43025733	616	66356
1	43097755	617	64925
1	43169784	618	65296
1	43242796	619	67363
1	43315072	620	65296
1	43386962	621	64448
1	43459069	622	65031
1	43531149	623	64925
1	43603550	624	65614
1	43675252	625	64289
1	43748118	626	66780
1	43820404	627	65349
1	43892411	628	64872
1	43964523	629	65031
1	44036208	630	64289
1	44108270	631	65031
1	44180891	632	66303
1	44254031	633	67469
1	44325936	634	64660
1	44398193	635	65402
1	44470068	636	64501
1	44542444	637	65826
1	44614197	638	64077
1	44686496	639	66038
1	44758894	640	65667
1	44830504	641	63971
1	44902589	642	65243
1	44974726	643	65296
1	45046982	644	65508
1	45119162	645	65084
1	45190538	646	63229
1	45262388	647	65031
1	45335380	648	66727
1	45406572	649	62752
1	45479580	650	67098
1	45552421	651	66833
1	45624735	652	65243
1	45697134	653	65879
1	45769652	654	66303
1	45841555	655	64554
1	45913021	656	63494
1	45985658	657	66515
1	46057791	658	65031
1	46130484	659	66197
1	46202478	660	64607
1	46275627	661	67628
1	46347841	662	65402
1	46419139	663	63229
1	46491785	664	66303
1	46563649	665	64395
1	46635466	666	64289
1	46708814	667	67681
1	46779813	668	62434
1	46852263	669	66356
1	46924301	670	64660
1	46996150	671	64501
1	47068559	672	65879
1	47140713	673	64978
1	47213481	674	66409
1	47286189	675	66462
1	47359315	676	67204
1	47431176	677	64448
1	47504496	678	67840
1	47576441	679	64448
1	47648064	680	64183
1	47719929	681	64501
1	47791909	682	64925
1	47864634	683	66568
1	47936669	684	64978
1	48008840	685	65137
1	48080253	686	63388
1	48152388	687	65561
1	48225141	688	66303
1	48296702	689	63865
1	48369219	690	66038
1	48440415	691	63017
1	48513875	692	68052
1	48584708	693	62063
1	48657982	694	67734
1	48729337	695	63388
1	48801984	696	66091
1	48873972	697	65031
1	48946646	698	66250
1	49019280	699	66144
1	49091096	700	64660
1	49163430	701	65402
1	49235340	702	64660
1	49307452	703	64819
1	49378897	704	63759
1	49451022	705	65402
1	49522860	706	64554
1	49595700	707	66674
1	49667812	708	64872
1	49739965	709	65508
1	49812459	710	65985
1	49884472	711	64448
1	49957040	712	66091
1	50030127	713	67469
1	50102399	714	65190
1	50175339	715	66992
1	50247435	716	64766
1	50319562	717	65296
1	50392521	718	67045
1	50465076	719	66197
1	50537561	720	65773
1	50609889	721	65402
1	50682136	722	65402
1	50753939	723	64448
1	50825997	724	64872
1	50897606	725	64183
1	50969975	726	65879
1	51042610	727	66356
1	51114845	728	65243
1	51187840	729	66992
1	51259677	730	63971
1	51331458	731	64554
1	51404423	732	66886
1	51475757	733	63335
1	51548415	734	66409
1	51621367	735	67098
1	51694271	736	66939
1	51766604	737	65243
1	51839189	738	66038
1	51911019	739	64554
1	51983233	740	65720
1	52055828	741	66038
1	52127358	742	63600
1	52199796	743	66038
1	52271819	744	65031
1	52344256	745	65402
1	52416229	746	64554
1	52487797	747	64554
1	52560888	748	67045
1	52632439	749	63759
1	52705740	750	67522
1	52776735	751	62381
1	52849953	752	67681
1	52922553	753	65985
1	52995190	754	66462
1	53067202	755	64501
1	53139349	756	65349
1	53212130	757	66992
1	53283704	758	63759
1	53355368	759	64024
1	53427535	760	65243
1	53500145	761	66197
1	53571402	762	63017
1	53643247	763	64766
1	53715983	764	66621
1	53787818	765	64130
1	53860430	766	66462
1	53932557	767	64978
1	54004680	768	64978
1	54077539	769	66780
1	54149797	770	65031
1	54222354	771	66356
1	54294614	772	65455
1	54367175	773	66091
1	54438698	774	63494
1	54511458	775	66833
1	54583267	776	64183
1	54655565	777	65879
1	54728287	778	66356
1	54799658	779	63229
1	54871327	780	64130
1	54943262	781	64766
1	55014828	782	63918
1	55087262	783	66144
1	55159747	784	66091
1	55232070	785	65402
1	55304683	786	66144
1	55376726	787	64713
1	55449062	788	65455
1	55521021	789	65084
1	55593460	790	65932
1	55665012	791	63759
1	55737292	792	65826
1	55809210	793	64501
1	55880646	794	63388
1	55952506	795	64819
1	56024310	796	64289
1	56096346	797	65243
1	56168565	798	65402
1	56240309	799	64501
1	56312316	800	64978
1	56383975	801	63918
1	56456559	802	66091
1	56528440	803	64607
1	56601266	804	66780
1	56674226	805	66833
1	56745703	806	63494
1	56818147	807	66144
1	56891045	808	66727
1	56962098	809	62593
1	57033944	810	64236
1	57106032	811	65508
1	57178255	812	65561
1	57250407	813	65243
1	57322571	814	65402
1	57393986	815	63600
1	57465606	816	63971
1	57537295	817	64395
1	57609097	818	64395
1	57681409	819	65349
1	57754494	820	67575
1	57827150	821	65879
1	57898765	822	63494
1	57971374	823	66515
1	58043134	824	64130
1	58115271	825	65349
1	58187078	826	64236
1	58259863	827	66515
1	58332098	828	65084
1	58404216	829	65296
1	58477122	830	66939
1	58548887	831	64448
1	58621457	832	66038
1	58693835	833	65455
1	58765628	834	64554
1	58837817	835	65455
1	58910361	836	65985
1	58982050	837	64448
1	59054938	838	66780
1	59126999	839	64501
1	59198408	840	63653
1	59270393	841	64978
1	59342532	842	65243
1	59414256	843	64024
1	59485752	844	63865
1	59558462	845	66515
1	59630337	846	64342
1	59702434	847	65296
1	59774045	848	63918
1	59846706	849	66568
1	59918769	850	65031
1	59990299	851	63494
1	60062296	852	64978
1	60135376	853	67681
1	60208268	854	66621
1	60279850	855	63759
1	60351296	856	63600
1	60423790	857	66091
1	60495452	858	63971
1	60567672	859	65455
1	60640555	860	66674
1	60711850	861	63123
1	60783986	862	65508
1	60856271	863	65826
1	60928554	864	65137
1	60999397	865	62275
1	61071787	866	65932
1	61143232	867	63441
1	61215595	868	65826
1	61287918	869	65561
1	61359902	870	64925
1	61432226	871	65667
1	61503794	872	63547
1	61575075	873	63282
1	61647184	874	65084
1	61719954	875	66780
1	61791939	876	65031
1	61865025	877	67098
1	61937305	878	65402
1	62008946	879	63653
1	62081141	880	65614
1	62153329	881	65349
1	62224579	882	62911
1	62296341	883	64554
1	62368555	884	65296
1	62439808	885	63229
1	62511791	886	64872
1	62583126	887	63176
1	62655456	888	65614
1	62728180	889	66674
1	62800073	890	64554
1	62871707	891	63865
1	62943539	892	64554
1	63015621	893	64925
1	63087168	894	64130
1	63159484	895	65508
1	63231561	896	64766
1	63303258	897	64395
1	63374966	898	64183
1	63447344	899	65932
1	63519402	900	65031
1	63591464	901	65084
1	63663556	902	64925
1	63735067	903	63653
1	63807465	904	65826
1	63879433	905	65031
1	63951440	906	64819
1	64023681	907	65508
1	64095825	908	65243
1	64167256	909	63706
1	64240767	910	67999
1	64311707	911	62116
1	64383683	912	65084
1	64454898	913	63123
1	64527292	914	65985
1	64599415	915	65243
1	64671134	916	64077
1	64743590	917	65985
1	64816338	918	66568
1	64887743	919	63388
1	64960031	920	65455
1	65032575	921	66038
1	65104138	922	64024
1	65176897	923	66568
1	65249859	924	67045
1	65322657	925	66727
1	65395260	926	66091
1	65468089	927	66780
1	65540619	928	65773
1	65612465	929	64289
1	65684900	930	66038
1	65758173	931	67840
1	65829681	932	63600
1	65901494	933	64554
1	65973793	934	65243
1	66046211	935	65879
1	66118333	936	64978
1	66190652	937	65667
1	66262794	938	65402
1	66335622	939	66568
1	66407529	940	64713
1	66480070	941	65932
1	66552526	942	65985
1	66624777	943	65349
1	66695934	944	62805
1	66768885	945	67045
1	66841489	946	66303
1	66913520	947	64819
1	66985623	948	65243
1	67057953	949	65455
1	67129780	950	64501
1	67202640	951	66674
1	67274771	952	64819
1	67346983	953	65561
1	67418746	954	64501
1	67491329	955	66303
1	67563240	956	64766
1	67635898	957	66303
1	67708012	958	64925
1	67780314	959	65508
1	67852606	960	65561
1	67924405	961	64554
1	67996965	962	66303
1	68069745	963	66409
1	68141286	964	63494
1	68213222	965	64978
1	68285390	966	64978
1	68357670	967	65508
1	68429884	968	65561
1	68502843	969	66939
1	68575323	970	65455
1	68646955	971	64130
1	68719121	972	65349
1	68791161	973	64925
1	68863166	974	65031
1	68936098	975	66886
1	69008556	976	65614
1	69080955	977	65402
1	69154124	978	67522
1	69226892	979	66303
1	69299024	980	65084
1	69371379	981	65508
1	69442967	982	63812
1	69514605	983	64077
1	69586954	984	65985
1	69658867	985	64872
1	69731724	986	66515
1	69802460	987	61533
1	69874694	988	65985
1	69947454	989	66780
1	70020149	990	65932
1	70092327	991	65243
1	70165037	992	66356
1	70236684	993	63918
1	70309178	994	65932
1	70381778	995	66197
1	70454164	996	65985
1	70526555	997	66038
1	70599123	998	65826
1	70670926	999	63971
2	36094991	520	30
2	36167795	521	19
2	36240286	522	13
2	36313131	523	29
2	36385156	524	13
2	36458561	525	30
2	36531185	526	37
2	36603182	527	40
2	36674493	528	15
2	36746436	529	35
2	36818171	530	24
2	36890680	531	34
2	36962382	532	22
2	37034638	533	40
2	37106882	534	17
2	37179263	535	34
2	37251252	536	32
2	37322854	537	25
2	37394915	538	34
2	37466437	539	19
2	37538500	540	22
2	37610488	541	18
2	37682939	542	31
2	37755108	543	18
2	37827950	544	43
2	37899920	545	2
2	37973096	546	70
2	38044381	547	30
2	38116944	548	36
2	38188472	549	20
2	38261010	550	16
2	38333372	551	41
2	38405030	552	12
2	38477859	553	24
2	38550092	554	16
2	38622387	555	32
2	38694213	556	25
2	38766361	557	17
2	38838902	558	18
2	38911563	559	45
2	38983699	560	38
2	39056112	561	18
2	39128892	562	59
2	39199790	563	27
2	39271502	564	21
2	39343453	565	34
2	39415750	566	56
2	39486837	567	11
2	39559118	568	39
2	39630770	569	35
2	39702679	570	25
2	39775156	571	11
2	39847345	572	48
2	39918930	573	41
2	39990417	574	14
2	40062623	575	71
2	40133469	576	8
2	40206130	577	27
2	40278128	578	8
2	40350935	579	41
2	40422610	580	31
2	40495050	581	12
2	40567585	582	20
2	40640176	583	33
2	40712403	584	32
2	40784888	585	30
2	40856628	586	25
2	40929151	587	18
2	41001833	588	42
2	41073319	589	12
2	41146369	590	46
2	41217725	591	13
2	41290835	592	81
2	41361791	593	23
2	41434101	594	37
2	41505700	595	41
2	41577070	596	29
2	41649713	597	29
2	41721525	598	27
2	41794134	599	43
2	41866013	600	31
2	41938485	601	22
2	42010960	602	28
2	42083596	603	19
2	42156108	604	13
2	42228686	605	28
2	42300881	606	15
2	42373950	607	38
2	42446322	608	27
2	42519301	609	40
2	42591241	610	17
2	42664249	611	34
2	42736512	612	34
2	42808782	613	29
2	42881179	614	29
2	42953039	615	21
2	43025733	616	22
2	43097755	617	19
2	43169784	618	5
2	43242796	619	25
2	43315072	620	30
2	43386962	621	32
2	43459069	622	35
2	43531149	623	24
2	43603550	624	42
2	43675252	625	10
2	43748118	626	39
2	43820404	627	32
2	43892411	628	17
2	43964523	629	33
2	44036208	630	17
2	44108270	631	28
2	44180891	632	11
2	44254031	633	24
2	44325936	634	23
2	44398193	635	35
2	44470068	636	15
2	44542444	637	32
2	44614197	638	19
2	44686496	639	6
2	44758894	640	31
2	44830504	641	23
2	44902589	642	24
2	44974726	643	18
2	45046982	644	19
2	45119162	645	50
2	45190538	646	20
2	45262388	647	16
2	45335380	648	64
2	45406572	649	12
2	45479580	650	25
2	45552421	651	24
2	45624735	652	25
2	45697134	653	21
2	45769652	654	33
2	45841555	655	56
2	45913021	656	6
2	45985658	657	41
2	46057791	658	22
2	46130484	659	39
2	46202478	660	17
2	46275627	661	21
2	46347841	662	46
2	46419139	663	21
2	46491785	664	59
2	46563649	665	32
2	46635466	666	16
2	46708814	667	66
2	46779813	668	8
2	46852263	669	33
2	46924301	670	50
2	46996150	671	13
2	47068559	672	32
2	47140713	673	21
2	47213481	674	27
2	47286189	675	16
2	47359315	676	51
2	47431176	677	11
2	47504496	678	37
2	47576441	679	41
2	47648064	680	20
2	47719929	681	28
2	47791909	682	14
2	47864634	683	13
2	47936669	684	28
2	48008840	685	47
2	48080253	686	20
2	48152388	687	27
2	48225141	688	35
2	48296702	689	18
2	48369219	690	48
2	48440415	691	7
2	48513875	692	84
2	48584708	693	9
2	48657982	694	56
2	48729337	695	24
2	48801984	696	23
2	48873972	697	30
2	48946646	698	26
2	49019280	699	30
2	49091096	700	21
2	49163430	701	49
2	49235340	702	18
2	49307452	703	53
2	49378897	704	11
2	49451022	705	28
2	49522860	706	9
2	49595700	707	44
2	49667812	708	16
2	49739965	709	23
2	49812459	710	41
2	49884472	711	24
2	49957040	712	18
2	50030127	713	45
2	50102399	714	21
2	50175339	715	41
2	50247435	716	12
2	50319562	717	19
2	50392521	718	30
2	50465076	719	25
2	50537561	720	30
2	50609889	721	25
2	50682136	722	43
2	50753939	723	16
2	50825997	724	35
2	50897606	725	4
2	50969975	726	16
2	51042610	727	18
2	51114845	728	18
2	51187840	729	53
2	51259677	730	44
2	51331458	731	10
2	51404423	732	51
2	51475757	733	13
2	51548415	734	11
2	51621367	735	12
2	51694271	736	38
2	51766604	737	28
2	51839189	738	41
2	51911019	739	19
2	51983233	740	13
2	52055828	741	52
2	52127358	742	14
2	52199796	743	28
2	52271819	744	20
2	52344256	745	47
2	52416229	746	23
2	52487797	747	11
2	52560888	748	74
2	52632439	749	14
2	52705740	750	66
2	52776735	751	6
2	52849953	752	36
2	52922553	753	6
2	52995190	754	38
2	53067202	755	26
2	53139349	756	7
2	53212130	757	30
2	53283704	758	42
2	53355368	759	27
2	53427535	760	23
2	53500145	761	40
2	53571402	762	38
2	53643247	763	17
2	53715983	764	44
2	53787818	765	17
2	53860430	766	30
2	53932557	767	39
2	54004680	768	14
2	54077539	769	46
2	54149797	770	18
2	54222354	771	26
2	54294614	772	20
2	54367175	773	37
2	54438698	774	12
2	54511458	775	40
2	54583267	776	16
2	54655565	777	11
2	54728287	778	37
2	54799658	779	48
2	54871327	780	24
2	54943262	781	31
2	55014828	782	17
2	55087262	783	8
2	55159747	784	31
2	55232070	785	19
2	55304683	786	31
2	55376726	787	25
2	55449062	788	23
2	55521021	789	14
2	55593460	790	49
2	55665012	791	8
2	55737292	792	33
2	55809210	793	49
2	55880646	794	20
2	55952506	795	28
2	56024310	796	24
2	56096346	797	23
2	56168565	798	19
2	56240309	799	13
2	56312316	800	45
2	56383975	801	20
2	56456559	802	34
2	56528440	803	30
2	56601266	804	19
2	56674226	805	46
2	56745703	806	15
2	56818147	807	23
2	56891045	808	60
2	56962098	809	33
2	57033944	810	12
2	57106032	811	10
2	57178255	812	25
2	57250407	813	13
2	57322571	814	33
2	57393986	815	37
2	57465606	816	20
2	57537295	817	31
2	57609097	818	29
2	57681409	819	16
2	57754494	820	30
2	57827150	821	62
2	57898765	822	16
2	57971374	823	47
2	58043134	824	23
2	58115271	825	45
2	58187078	826	19
2	58259863	827	28
2	58332098	828	37
2	58404216	829	16
2	58477122	830	31
2	58548887	831	19
2	58621457	832	22
2	58693835	833	33
2	58765628	834	9
2	58837817	835	24
2	58910361	836	21
2	58982050	837	18
2	59054938	838	34
2	59126999	839	57
2	59198408	840	13
2	59270393	841	40
2	59342532	842	32
2	59414256	843	41
2	59485752	844	15
2	59558462	845	36
2	59630337	846	13
2	59702434	847	37
2	59774045	848	7
2	59846706	849	41
2	59918769	850	47
2	59990299	851	33
2	60062296	852	8
2	60135376	853	24
2	60208268	854	34
2	60279850	855	49
2	60351296	856	10
2	60423790	857	45
2	60495452	858	26
2	60567672	859	14
2	60640555	860	47
2	60711850	861	11
2	60783986	862	12
2	60856271	863	32
2	60928554	864	54
2	60999397	865	9
2	61071787	866	48
2	61143232	867	15
2	61215595	868	33
2	61287918	869	16
2	61359902	870	8
2	61432226	871	39
2	61503794	872	63
2	61575075	873	31
2	61647184	874	9
2	61719954	875	19
2	61791939	876	16
2	61865025	877	31
2	61937305	878	51
2	62008946	879	23
2	62081141	880	35
2	62153329	881	49
2	62224579	882	33
2	62296341	883	21
2	62368555	884	54
2	62439808	885	20
2	62511791	886	59
2	62583126	887	26
2	62655456	888	20
2	62728180	889	28
2	62800073	890	35
2	62871707	891	31
2	62943539	892	32
2	63015621	893	34
2	63087168	894	25
2	63159484	895	44
2	63231561	896	16
2	63303258	897	26
2	63374966	898	14
2	63447344	899	26
2	63519402	900	20
2	63591464	901	30
2	63663556	902	43
2	63735067	903	14
2	63807465	904	24
2	63879433	905	23
2	63951440	906	21
2	64023681	907	15
2	64095825	908	54
2	64167256	909	17
2	64240767	910	71
2	64311707	911	12
2	64383683	912	46
2	64454898	913	26
2	64527292	914	10
2	64599415	915	30
2	64671134	916	20
2	64743590	917	26
2	64816338	918	47
2	64887743	919	21
2	64960031	920	14
2	65032575	921	36
2	65104138	922	23
2	65176897	923	7
2	65249859	924	22
2	65322657	925	15
2	65395260	926	29
2	65468089	927	14
2	65540619	928	54
2	65612465	929	15
2	65684900	930	12
2	65758173	931	45
2	65829681	932	26
2	65901494	933	25
2	65973793	934	27
2	66046211	935	33
2	66118333	936	23
2	66190652	937	14
2	66262794	938	20
2	66335622	939	33
2	66407529	940	13
2	66480070	941	36
2	66552526	942	21
2	66624777	943	48
2	66695934	944	13
2	66768885	945	30
2	66841489	946	28
2	66913520	947	17
2	66985623	948	23
2	67057953	949	40
2	67129780	950	19
2	67202640	951	37
2	67274771	952	16
2	67346983	953	23
2	67418746	954	11
2	67491329	955	23
2	67563240	956	18
2	67635898	957	29
2	67708012	958	28
2	67780314	959	16
2	67852606	960	34
2	67924405	961	18
2	67996965	962	17
2	68069745	963	45
2	68141286	964	30
2	68213222	965	32
2	68285390	966	39
2	68357670	967	15
2	68429884	968	19
2	68502843	969	44
2	68575323	970	40
2	68646955	971	11
2	68719121	972	24
2	68791161	973	35
2	68863166	974	7
2	68936098	975	46
2	69008556	976	42
2	69080955	977	18
2	69154124	978	26
2	69226892	979	41
2	69299024	980	27
2	69371379	981	41
2	69442967	982	26
2	69514605	983	15
2	69586954	984	20
2	69658867	985	16
2	69731724	986	75
2	69802460	987	12
2	69874694	988	10
2	69947454	989	24
2	70020149	990	56
2	70092327	991	9
2	70165037	992	39
2	70236684	993	15
2	70309178	994	32
2	70381778	995	9
2	70454164	996	14
2	70526555	997	27
2	70599123	998	44
2	70670926	999	27
3	36094991	520	5
3	36167795	521	16
3	36240286	522	16
3	36313131	523	14
3	36385156	524	19
3	36458561	525	21
3	36531185	526	23
3	36603182	527	16
3	36674493	528	20
3	36746436	529	24
3	36818171	530	20
3	36890680	531	24
3	36962382	532	14
3	37034638	533	7
3	37106882	534	17
3	37179263	535	17
3	37251252	536	17
3	37322854	537	15
3	37394915	538	25
3	37466437	539	13
3	37538500	540	31
3	37610488	541	13
3	37682939	542	10
3	37755108	543	21
3	37827950	544	26
3	37899920	545	30
3	37973096	546	21
3	38044381	547	25
3	38116944	548	17
3	38188472	549	27
3	38261010	550	12
3	38333372	551	15
3	38405030	552	16
3	38477859	553	13
3	38550092	554	20
3	38622387	555	18
3	38694213	556	11
3	38766361	557	14
3	38838902	558	29
3	38911563	559	19
3	38983699	560	24
3	39056112	561	17
3	39128892	562	17
3	39199790	563	18
3	39271502	564	13
3	39343453	565	18
3	39415750	566	18
3	39486837	567	27
3	39559118	568	14
3	39630770	569	20
3	39702679	570	13
3	39775156	571	19
3	39847345	572	21
3	39918930	573	21
3	39990417	574	14
3	40062623	575	16
3	40133469	576	10
3	40206130	577	14
3	40278128	578	29
3	40350935	579	16
3	40422610	580	33
3	40495050	581	15
3	40567585	582	15
3	40640176	583	22
3	40712403	584	18
3	40784888	585	20
3	40856628	586	19
3	40929151	587	22
3	41001833	588	20
3	41073319	589	25
3	41146369	590	23
3	41217725	591	23
3	41290835	592	19
3	41361791	593	20
3	41434101	594	16
3	41505700	595	25
3	41577070	596	14
3	41649713	597	27
3	41721525	598	29
3	41794134	599	16
3	41866013	600	19
3	41938485	601	16
3	42010960	602	18
3	42083596	603	16
3	42156108	604	11
3	42228686	605	20
3	42300881	606	18
3	42373950	607	24
3	42446322	608	22
3	42519301	609	27
3	42591241	610	16
3	42664249	611	11
3	42736512	612	25
3	42808782	613	19
3	42881179	614	17
3	42953039	615	14
3	43025733	616	8
3	43097755	617	19
3	43169784	618	13
3	43242796	619	27
3	43315072	620	22
3	43386962	621	12
3	43459069	622	9
3	43531149	623	15
3	43603550	624	32
3	43675252	625	28
3	43748118	626	19
3	43820404	627	13
3	43892411	628	11
3	43964523	629	26
3	44036208	630	26
3	44108270	631	21
3	44180891	632	10
3	44254031	633	28
3	44325936	634	17
3	44398193	635	21
3	44470068	636	20
3	44542444	637	13
3	44614197	638	13
3	44686496	639	20
3	44758894	640	23
3	44830504	641	13
3	44902589	642	18
3	44974726	643	23
3	45046982	644	20
3	45119162	645	18
3	45190538	646	17
3	45262388	647	14
3	45335380	648	25
3	45406572	649	10
3	45479580	650	13
3	45552421	651	24
3	45624735	652	27
3	45697134	653	19
3	45769652	654	19
3	45841555	655	13
3	45913021	656	23
3	45985658	657	18
3	46057791	658	17
3	46130484	659	17
3	46202478	660	15
3	46275627	661	22
3	46347841	662	23
3	46419139	663	23
3	46491785	664	16
3	46563649	665	16
3	46635466	666	24
3	46708814	667	21
3	46779813	668	18
3	46852263	669	20
3	46924301	670	20
3	46996150	671	17
3	47068559	672	23
3	47140713	673	16
3	47213481	674	24
3	47286189	675	18
3	47359315	676	18
3	47431176	677	17
3	47504496	678	23
3	47576441	679	33
3	47648064	680	18
3	47719929	681	14
3	47791909	682	12
3	47864634	683	21
3	47936669	684	31
3	48008840	685	18
3	48080253	686	27
3	48152388	687	13
3	48225141	688	17
3	48296702	689	9
3	48369219	690	10
3	48440415	691	24
3	48513875	692	22
3	48584708	693	23
3	48657982	694	22
3	48729337	695	26
3	48801984	696	25
3	48873972	697	9
3	48946646	698	14
3	49019280	699	18
3	49091096	700	23
3	49163430	701	23
3	49235340	702	22
3	49307452	703	28
3	49378897	704	9
3	49451022	705	27
3	49522860	706	15
3	49595700	707	17
3	49667812	708	25
3	49739965	709	17
3	49812459	710	19
3	49884472	711	26
3	49957040	712	19
3	50030127	713	13
3	50102399	714	20
3	50175339	715	12
3	50247435	716	20
3	50319562	717	11
3	50392521	718	21
3	50465076	719	21
3	50537561	720	27
3	50609889	721	27
3	50682136	722	20
3	50753939	723	12
3	50825997	724	12
3	50897606	725	12
3	50969975	726	30
3	51042610	727	21
3	51114845	728	27
3	51187840	729	25
3	51259677	730	23
3	51331458	731	27
3	51404423	732	21
3	51475757	733	20
3	51548415	734	12
3	51621367	735	17
3	51694271	736	22
3	51766604	737	32
3	51839189	738	18
3	51911019	739	14
3	51983233	740	22
3	52055828	741	25
3	52127358	742	18
3	52199796	743	19
3	52271819	744	12
3	52344256	745	24
3	52416229	746	19
3	52487797	747	15
3	52560888	748	26
3	52632439	749	28
3	52705740	750	17
3	52776735	751	14
3	52849953	752	14
3	52922553	753	22
3	52995190	754	24
3	53067202	755	20
3	53139349	756	16
3	53212130	757	18
3	53283704	758	17
3	53355368	759	14
3	53427535	760	17
3	53500145	761	26
3	53571402	762	18
3	53643247	763	12
3	53715983	764	12
3	53787818	765	20
3	53860430	766	18
3	53932557	767	14
3	54004680	768	14
3	54077539	769	6
3	54149797	770	30
3	54222354	771	32
3	54294614	772	22
3	54367175	773	16
3	54438698	774	11
3	54511458	775	15
3	54583267	776	27
3	54655565	777	12
3	54728287	778	23
3	54799658	779	24
3	54871327	780	9
3	54943262	781	14
3	55014828	782	22
3	55087262	783	21
3	55159747	784	16
3	55232070	785	14
3	55304683	786	16
3	55376726	787	20
3	55449062	788	19
3	55521021	789	16
3	55593460	790	14
3	55665012	791	14
3	55737292	792	16
3	55809210	793	17
3	55880646	794	24
3	55952506	795	33
3	56024310	796	17
3	56096346	797	8
3	56168565	798	18
3	56240309	799	13
3	56312316	800	22
3	56383975	801	17
3	56456559	802	16
3	56528440	803	19
3	56601266	804	22
3	56674226	805	20
3	56745703	806	16
3	56818147	807	15
3	56891045	808	16
3	56962098	809	20
3	57033944	810	23
3	57106032	811	22
3	57178255	812	11
3	57250407	813	27
3	57322571	814	29
3	57393986	815	28
3	57465606	816	14
3	57537295	817	14
3	57609097	818	24
3	57681409	819	27
3	57754494	820	21
3	57827150	821	25
3	57898765	822	18
3	57971374	823	14
3	58043134	824	22
3	58115271	825	22
3	58187078	826	21
3	58259863	827	8
3	58332098	828	25
3	58404216	829	17
3	58477122	830	13
3	58548887	831	21
3	58621457	832	22
3	58693835	833	10
3	58765628	834	11
3	58837817	835	19
3	58910361	836	22
3	58982050	837	20
3	59054938	838	31
3	59126999	839	29
3	59198408	840	16
3	59270393	841	11
3	59342532	842	8
3	59414256	843	22
3	59485752	844	15
3	59558462	845	11
3	59630337	846	23
3	59702434	847	9
3	59774045	848	17
3	59846706	849	11
3	59918769	850	25
3	59990299	851	23
3	60062296	852	22
3	60135376	853	14
3	60208268	854	18
3	60279850	855	16
3	60351296	856	13
3	60423790	857	15
3	60495452	858	16
3	60567672	859	21
3	60640555	860	17
3	60711850	861	13
3	60783986	862	7
3	60856271	863	16
3	60928554	864	35
3	60999397	865	22
3	61071787	866	8
3	61143232	867	19
3	61215595	868	9
3	61287918	869	16
3	61359902	870	26
3	61432226	871	21
3	61503794	872	23
3	61575075	873	23
3	61647184	874	22
3	61719954	875	12
3	61791939	876	14
3	61865025	877	27
3	61937305	878	12
3	62008946	879	23
3	62081141	880	22
3	62153329	881	26
3	62224579	882	14
3	62296341	883	13
3	62368555	884	23
3	62439808	885	16
3	62511791	886	16
3	62583126	887	18
3	62655456	888	23
3	62728180	889	27
3	62800073	890	22
3	62871707	891	18
3	62943539	892	16
3	63015621	893	23
3	63087168	894	15
3	63159484	895	28
3	63231561	896	34
3	63303258	897	10
3	63374966	898	18
3	63447344	899	20
3	63519402	900	19
3	63591464	901	14
3	63663556	902	15
3	63735067	903	19
3	63807465	904	12
3	63879433	905	13
3	63951440	906	21
3	64023681	907	23
3	64095825	908	14
3	64167256	909	23
3	64240767	910	21
3	64311707	911	25
3	64383683	912	19
3	64454898	913	9
3	64527292	914	12
3	64599415	915	17
3	64671134	916	14
3	64743590	917	12
3	64816338	918	24
3	64887743	919	26
3	64960031	920	22
3	65032575	921	14
3	65104138	922	20
3	65176897	923	19
3	65249859	924	18
3	65322657	925	15
3	65395260	926	31
3	65468089	927	12
3	65540619	928	23
3	65612465	929	19
3	65684900	930	15
3	65758173	931	20
3	65829681	932	33
3	65901494	933	27
3	65973793	934	23
3	66046211	935	19
3	66118333	936	21
3	66190652	937	22
3	66262794	938	21
3	66335622	939	26
3	66407529	940	13
3	66480070	941	22
3	66552526	942	13
3	66624777	943	18
3	66695934	944	28
3	66768885	945	22
3	66841489	946	13
3	66913520	947	32
3	66985623	948	10
3	67057953	949	6
3	67129780	950	17
3	67202640	951	15
3	67274771	952	27
3	67346983	953	25
3	67418746	954	20
3	67491329	955	20
3	67563240	956	15
3	67635898	957	22
3	67708012	958	19
3	67780314	959	14
3	67852606	960	20
3	67924405	961	19
3	67996965	962	17
3	68069745	963	22
3	68141286	964	13
3	68213222	965	17
3	68285390	966	24
3	68357670	967	19
3	68429884	968	17
3	68502843	969	23
3	68575323	970	25
3	68646955	971	24
3	68719121	972	25
3	68791161	973	21
3	68863166	974	17
3	68936098	975	22
3	69008556	976	24
3	69080955	977	26
3	69154124	978	18
3	69226892	979	28
3	69299024	980	18
3	69371379	981	28
3	69442967	982	13
3	69514605	983	12
3	69586954	984	18
3	69658867	985	15
3	69731724	986	12
3	69802460	987	20
3	69874694	988	21
3	69947454	989	17
3	70020149	990	19
3	70092327	991	20
3	70165037	992	35
3	70236684	993	15
3	70309178	994	8
3	70381778	995	20
3	70454164	996	20
3	70526555	997	14
3	70599123	998	26
3	70670926	999	29
4	36094991	520	0.010331671449542
4	36167795	521	0.010310502855597
4	36240286	522	0.0102910840787
4	36313131	523	0.010270320892077
4	36385156	524	0.010249859804349
4	36458561	525	0.010228726833595
4	36531185	526	0.010208230927135
4	36603182	527	0.010188281927412
4	36674493	528	0.010168940077922
4	36746436	529	0.010148946464348
4	36818171	530	0.010129425243027
4	36890680	531	0.010109275919676
4	36962382	532	0.010089613718388
4	37034638	533	0.010069654754694
4	37106882	534	0.010050065435556
4	37179263	535	0.010030326856116
4	37251252	536	0.010010922170725
4	37322854	537	0.0099920396164949
4	37394915	538	0.0099726235450276
4	37466437	539	0.0099540277107647
4	37538500	540	0.0099347905207064
4	37610488	541	0.0099156275429516
4	37682939	542	0.0098964130054477
4	37755108	543	0.0098774600816933
4	37827950	544	0.0098585951620178
4	37899920	545	0.0098398486322437
4	37973096	546	0.0098206486561218
4	38044381	547	0.0098025686462074
4	38116944	548	0.0097838659339593
4	38188472	549	0.0097671933535593
4	38261010	550	0.009748430614937
4	38333372	551	0.0097298609619676
4	38405030	552	0.0097117088848467
4	38477859	553	0.009693023255814
4	38550092	554	0.0096747836636666
4	38622387	555	0.0096565380106481
4	38694213	556	0.0096386136553194
4	38766361	557	0.0096207853281485
4	38838902	558	0.0096026098455934
4	38911563	559	0.0095877747440168
4	38983699	560	0.0095699197865054
4	39056112	561	0.0095521020275688
4	39128892	562	0.0095339289879309
4	39199790	563	0.0095171861755795
4	39271502	564	0.0094997805055512
4	39343453	565	0.0094823952524343
4	39415750	566	0.0094652024409144
4	39486837	567	0.0094484858098972
4	39559118	568	0.0094310458447753
4	39630770	569	0.0094141802783912
4	39702679	570	0.0093970784011444
4	39775156	571	0.0093798978620012
4	39847345	572	0.0093627519963591
4	39918930	573	0.0093460876894361
4	39990417	574	0.0093296774443785
4	40062623	575	0.0093127006534079
4	40133469	576	0.0092966422680596
4	40206130	577	0.0092797716113773
4	40278128	578	0.00926308555246
4	40350935	579	0.0092464320511437
4	40422610	580	0.0092300835194158
4	40495050	581	0.0092134533508154
4	40567585	582	0.0091981641905395
4	40640176	583	0.0091816783315327
4	40712403	584	0.0091653320399787
4	40784888	585	0.0091488966474523
4	40856628	586	0.0091329734654633
4	40929151	587	0.0091166538163872
4	41001833	588	0.009100379146092
4	41073319	589	0.0090862613868749
4	41146369	590	0.0090698476857101
4	41217725	591	0.0090543448842807
4	41290835	592	0.0090381245313712
4	41361791	593	0.0090232244180915
4	41434101	594	0.0090073098004887
4	41505700	595	0.0089918518529165
4	41577070	596	0.0089765885519798
4	41649713	597	0.0089610432396119
4	41721525	598	0.008945692383149
4	41794134	599	0.0089301008347703
4	41866013	600	0.0089146778689132
4	41938485	601	0.0088991561733628
4	42010960	602	0.0088836505896637
4	42083596	603	0.0088681486605637
4	42156108	604	0.0088528260128179
4	42228686	605	0.0088373439938975
4	42300881	606	0.0088221772840216
4	42373950	607	0.0088067773895563
4	42446322	608	0.0087918883025444
4	42519301	609	0.0087765692536689
4	42591241	610	0.0087617084210998
4	42664249	611	0.0087463353050802
4	42736512	612	0.008731686278998
4	42808782	613	0.0087167825931871
4	42881179	614	0.0087019175932855
4	42953039	615	0.0086874289181957
4	43025733	616	0.0086725555758876
4	43097755	617	0.0086580206403005
4	43169784	618	0.0086434388064981
4	43242796	619	0.0086286679769663
4	43315072	620	0.0086141966256473
4	43386962	621	0.0086012666145211
4	43459069	622	0.0085869245991991
4	43531149	623	0.0085728300066862
4	43603550	624	0.0085586879505383
4	43675252	625	0.0085448141840911
4	43748118	626	0.0085303572743211
4	43820404	627	0.0085161462430688
4	43892411	628	0.0085022135377742
4	43964523	629	0.0084882572551062
4	44036208	630	0.0084746451403186
4	44108270	631	0.008460744821394
4	44180891	632	0.0084466619688269
4	44254031	633	0.0084325577320908
4	44325936	634	0.0084188629892951
4	44398193	635	0.0084050545851675
4	44470068	636	0.0083928013422045
4	44542444	637	0.0083791140740463
4	44614197	638	0.0083657062190697
4	44686496	639	0.0083520625243568
4	44758894	640	0.0083384077078972
4	44830504	641	0.0083252958353566
4	44902589	642	0.0083118828845342
4	44974726	643	0.0082985571013132
4	45046982	644	0.0082851971937833
4	45119162	645	0.0082718802335372
4	45190538	646	0.0082590419880826
4	45262388	647	0.0082459718862167
4	45335380	648	0.0082323799049948
4	45406572	649	0.0082223016139879
4	45479580	650	0.0082088456212496
4	45552421	651	0.008195819870019
4	45624735	652	0.0081826642545671
4	45697134	653	0.0081696041135131
4	45769652	654	0.0081564368097648
4	45841555	655	0.0081437568216973
4	45913021	656	0.008131316870664
4	45985658	657	0.0081181989010604
4	46057791	658	0.008105626936578
4	46130484	659	0.0080926021206237
4	46202478	660	0.0080801301081653
4	46275627	661	0.0080669687269653
4	46347841	662	0.0080544719045609
4	46419139	663	0.008042344356227
4	46491785	664	0.0080295322605057
4	46563649	665	0.0080186474215713
4	46635466	666	0.0080063733852343
4	46708814	667	0.0079935346973794
4	46779813	668	0.0079817240064914
4	46852263	669	0.0079691873363618
4	46924301	670	0.0079570236842507
4	46996150	671	0.0079450080071874
4	47068559	672	0.0079326767747796
4	47140713	673	0.00792055409722
4	47213481	674	0.0079082186866875
4	47286189	675	0.0078958121046419
4	47359315	676	0.0078834245364506
4	47431176	677	0.0078715705675426
4	47504496	678	0.0078592687528479
4	47576441	679	0.0078475167704479
4	47648064	680	0.0078357704611102
4	47719929	681	0.0078239028291513
4	47791909	682	0.0078121295757918
4	47864634	683	0.0078002459301304
4	47936669	684	0.007788504957848
4	48008840	685	0.0077770117940787
4	48080253	686	0.0077655043422825
4	48152388	687	0.0077538580428475
4	48225141	688	0.0077418636858245
4	48296702	689	0.007730440848731
4	48369219	690	0.0077187756968904
4	48440415	691	0.0077076675349744
4	48513875	692	0.007695872303341
4	48584708	693	0.0076848110525773
4	48657982	694	0.0076730574088327
4	48729337	695	0.0076621272346341
4	48801984	696	0.0076505269589125
4	48873972	697	0.0076392693339646
4	48946646	698	0.0076277195299346
4	49019280	699	0.0076163343061058
4	49091096	700	0.0076052324387883
4	49163430	701	0.0075939970914542
4	49235340	702	0.0075831438859464
4	49307452	703	0.007571982817005
4	49378897	704	0.0075611924004038
4	49451022	705	0.0075501504362349
4	49522860	706	0.0075391860665341
4	49595700	707	0.0075280272023778
4	49667812	708	0.0075171088966262
4	49739965	709	0.0075061412247922
4	49812459	710	0.0074952414016018
4	49884472	711	0.0074844626571815
4	49957040	712	0.0074734115568712
4	50030127	713	0.0074659064091898
4	50102399	714	0.0074550660887324
4	50175339	715	0.0074440714222051
4	50247435	716	0.0074333296546421
4	50319562	717	0.0074225924565416
4	50392521	718	0.0074117108344209
4	50465076	719	0.0074010447004668
4	50537561	720	0.0073915890441667
4	50609889	721	0.0073810606578275
4	50682136	722	0.0073704321555544
4	50753939	723	0.0073600417284409
4	50825997	724	0.0073494994949785
4	50897606	725	0.0073392625359056
4	50969975	726	0.0073289425967736
4	51042610	727	0.007318403711885
4	51114845	728	0.0073081678837226
4	51187840	729	0.0072975441114119
4	51259677	730	0.0072874427996808
4	51331458	731	0.0072785056412484
4	51404423	732	0.0072680960047511
4	51475757	733	0.0072580355581193
4	51548415	734	0.0072476675835171
4	51621367	735	0.0072372623143762
4	51694271	736	0.0072270285794033
4	51766604	737	0.0072180752490391
4	51839189	738	0.0072078889982794
4	51911019	739	0.0071979629316969
4	51983233	740	0.0071878910358385
4	52055828	741	0.0071778061820531
4	52127358	742	0.0071681185147228
4	52199796	743	0.0071580154467849
4	52271819	744	0.0071481527950452
4	52344256	745	0.0071383742002504
4	52416229	746	0.0071284844776028
4	52487797	747	0.0071187838431891
4	52560888	748	0.0071088434602497
4	52632439	749	0.0070993972252651
4	52705740	750	0.0070892542425799
4	52776735	751	0.0070798519636507
4	52849953	752	0.0070698364924045
4	52922553	753	0.0070601356375189
4	52995190	754	0.0070503979137932
4	53067202	755	0.0070409322297634
4	53139349	756	0.0070311921500167
4	53212130	757	0.0070214553806509
4	53283704	758	0.0070121535042865
4	53355368	759	0.0070027666906536
4	53427535	760	0.0069933269355235
4	53500145	761	0.0069837258127064
4	53571402	762	0.0069746399997329
4	53643247	763	0.0069652526473962
4	53715983	764	0.0069556434830382
4	53787818	765	0.0069464303528082
4	53860430	766	0.006936995872338
4	53932557	767	0.0069276023001364
4	54004680	768	0.0069183105059629
4	54077539	769	0.0069088836536055
4	54149797	770	0.0068997711085985
4	54222354	771	0.0068904628605481
4	54294614	772	0.0068813534755941
4	54367175	773	0.0068730933964354
4	54438698	774	0.0068640989446503
4	54511458	775	0.0068548731061062
4	54583267	776	0.0068459337250704
4	54655565	777	0.0068367342486791
4	54728287	778	0.00682879006563
4	54799658	779	0.0068275425415951
4	54871327	780	0.006818692953474
4	54943262	781	0.0068098071639692
4	55014828	782	0.0068010403120936
4	55087262	783	0.0067919946235454
4	55159747	784	0.0067829949581467
4	55232070	785	0.0067740117994737
4	55304683	786	0.0067650524032859
4	55376726	787	0.0067562912310316
4	55449062	788	0.0067474511600004
4	55521021	789	0.0067386341918041
4	55593460	790	0.0067298113701214
4	55665012	791	0.0067211699719202
4	55737292	792	0.0067123856135052
4	55809210	793	0.006705903716126
4	55880646	794	0.0066975549337126
4	55952506	795	0.0066890202258157
4	56024310	796	0.0066815358061791
4	56096346	797	0.0066729439170893
4	56168565	798	0.0066642892167789
4	56240309	799	0.0066557909833589
4	56312316	800	0.0066473566197255
4	56383975	801	0.0066389506249855
4	56456559	802	0.006630355815368
4	56528440	803	0.0066219508336761
4	56601266	804	0.0066133233345305
4	56674226	805	0.0066046835505618
4	56745703	806	0.0065964543663821
4	56818147	807	0.0065878723973497
4	56891045	808	0.006579429929438
4	56962098	809	0.0065714079390646
4	57033944	810	0.0065631585108874
4	57106032	811	0.0065548544966364
4	57178255	812	0.0065464827382001
4	57250407	813	0.006538384241234
4	57322571	814	0.0065302446319704
4	57393986	815	0.0065221523622158
4	57465606	816	0.0065140598496755
4	57537295	817	0.0065060008765849
4	57609097	818	0.0064980559646234
4	57681409	819	0.0064898554020113
4	57754494	820	0.0064815483870968
4	57827150	821	0.0064733159996783
4	57898765	822	0.0064654240366734
4	57971374	823	0.006457245813434
4	58043134	824	0.0064493333429199
4	58115271	825	0.0064413411202538
4	58187078	826	0.0064334543725768
4	58259863	827	0.0064253567766587
4	58332098	828	0.0064173188913849
4	58404216	829	0.0064093730573598
4	58477122	830	0.0064013098268618
4	58548887	831	0.0063935142334351
4	58621457	832	0.0063854908305816
4	58693835	833	0.0063775199278454
4	58765628	834	0.0063697175168753
4	58837817	835	0.0063618890524646
4	58910361	836	0.0063539704979048
4	58982050	837	0.0063463538534466
4	59054938	838	0.0063385378863666
4	59126999	839	0.0063308496587048
4	59198408	840	0.00632328194345
4	59270393	841	0.00631548455427
4	59342532	842	0.0063078204315518
4	59414256	843	0.0063012541301811
4	59485752	844	0.0062937896932178
4	59558462	845	0.0062859968409863
4	59630337	846	0.0062784303924019
4	59702434	847	0.0062707819505327
4	59774045	848	0.0062632770502758
4	59846706	849	0.0062555408353338
4	59918769	850	0.006248202895465
4	59990299	851	0.0062408263331071
4	60062296	852	0.0062333186764322
4	60135376	853	0.0062255821861112
4	60208268	854	0.0062179818490377
4	60279850	855	0.0062105965831829
4	60351296	856	0.0062033207521823
4	60423790	857	0.0061957624142163
4	60495452	858	0.0061885273768429
4	60567672	859	0.0061811632004252
4	60640555	860	0.006173604106823
4	60711850	861	0.0061663964776915
4	60783986	862	0.0061590184015386
4	60856271	863	0.006151724246022
4	60928554	864	0.0061444713944526
4	60999397	865	0.0061374815411333
4	61071787	866	0.0061301066326192
4	61143232	867	0.006123030002847
4	61215595	868	0.0061156778518
4	61287918	869	0.0061084918736632
4	61359902	870	0.0061013701850911
4	61432226	871	0.0060941231498077
4	61503794	872	0.006087158808933
4	61575075	873	0.0060803222183494
4	61647184	874	0.0060731426869401
4	61719954	875	0.0060658804847682
4	61791939	876	0.0060587876057273
4	61865025	877	0.006051524685499
4	61937305	878	0.0060444187781227
4	62008946	879	0.0060375617095529
4	62081141	880	0.0060305232823332
4	62153329	881	0.0060235012464235
4	62224579	882	0.0060167088219514
4	62296341	883	0.0060098454283068
4	62368555	884	0.0060028714372289
4	62439808	885	0.0059961368837847
4	62511791	886	0.0059892003654557
4	62583126	887	0.0059825477270129
4	62655456	888	0.0059757165150535
4	62728180	889	0.005968662620395
4	62800073	890	0.0059618517435568
4	62871707	891	0.0059550846276318
4	62943539	892	0.0059483722961191
4	63015621	893	0.0059415851354407
4	63087168	894	0.0059349424461791
4	63159484	895	0.0059281914768088
4	63231561	896	0.0059214725985741
4	63303258	897	0.0059147800747259
4	63374966	898	0.0059081137782294
4	63447344	899	0.0059013293966079
4	63519402	900	0.0058945937751963
4	63591464	901	0.0058878900727173
4	63663556	902	0.0058812511706312
4	63735067	903	0.0058747426292093
4	63807465	904	0.0058679852814484
4	63879433	905	0.0058613528711762
4	63951440	906	0.0058548009367682
4	64023681	907	0.005848132927689
4	64095825	908	0.0058415126913374
4	64167256	909	0.0058351405544127
4	64240767	910	0.0058293046691051
4	64311707	911	0.0058230573044093
4	64383683	912	0.0058164570266524
4	64454898	913	0.0058101565347379
4	64527292	914	0.0058035211046371
4	64599415	915	0.0057970131676464
4	64671134	916	0.0057905998862347
4	64743590	917	0.0057840516356222
4	64816338	918	0.0057775606938224
4	64887743	919	0.0057712964145557
4	64960031	920	0.0057648393444549
4	65032575	921	0.0057583755898416
4	65104138	922	0.0057521528217236
4	65176897	923	0.0057456018382999
4	65249859	924	0.0057390290524069
4	65322657	925	0.0057326020865905
4	65395260	926	0.0057261477366173
4	65468089	927	0.0057196766529556
4	65540619	928	0.0057133501007409
4	65612465	929	0.0057070945700371
4	65684900	930	0.005700764761087
4	65758173	931	0.0056942992639386
4	65829681	932	0.0056882708055229
4	65901494	933	0.0056821471477992
4	65973793	934	0.0056758776555128
4	66046211	935	0.0056696578075819
4	66118333	936	0.0056634515766324
4	66190652	937	0.0056572589179963
4	66262794	938	0.0056510899558871
4	66335622	939	0.0056448177499456
4	66407529	940	0.0056387720566122
4	66480070	941	0.0056325119963269
4	66552526	942	0.0056263262982607
4	66624777	943	0.0056202748664279
4	66695934	944	0.0056143618970662
4	66768885	945	0.0056081208375484
4	66841489	946	0.0056020535214182
4	66913520	947	0.0055959793765753
4	66985623	948	0.0055899034649214
4	67057953	949	0.0055838258408187
4	67129780	950	0.0055778802989197
4	67202640	951	0.0055717744074501
4	67274771	952	0.00556586435277
4	67346983	953	0.0055598683901875
4	67418746	954	0.0055539295311479
4	67491329	955	0.0055479151374789
4	67563240	956	0.0055420360033812
4	67635898	957	0.0055360375685504
4	67708012	958	0.0055301397458654
4	67780314	959	0.0055242156071184
4	67852606	960	0.0055182653617051
4	67924405	961	0.005512492408365
4	67996965	962	0.0055065384116341
4	68069745	963	0.0055005635428498
4	68141286	964	0.0054948563909965
4	68213222	965	0.0054891130988014
4	68285390	966	0.0054833530778276
4	68357670	967	0.0054774761575867
4	68429884	968	0.0054716642535939
4	68502843	969	0.0054658313746205
4	68575323	970	0.0054600536356168
4	68646955	971	0.0054544538772561
4	68719121	972	0.0054487048807592
4	68791161	973	0.0054429868574528
4	68863166	974	0.0054373278922542
4	68936098	975	0.0054314787094855
4	69008556	976	0.0054258014524666
4	69080955	977	0.0054201266968638
4	69154124	978	0.0054143377801991
4	69226892	979	0.0054085938172737
4	69299024	980	0.0054030432871424
4	69371379	981	0.0053973046989462
4	69442967	982	0.0053918004458687
4	69514605	983	0.0053862335040703
4	69586954	984	0.0053806042964309
4	69658867	985	0.0053750144409121
4	69731724	986	0.0053693306160411
4	69802460	987	0.0053640756385052
4	69874694	988	0.0053585246269465
4	69947454	989	0.0053528345478981
4	70020149	990	0.0053472293757933
4	70092327	991	0.0053418040176217
4	70165037	992	0.005336199243026
4	70236684	993	0.0053307826600614
4	70309178	994	0.0053252100070878
4	70381778	995	0.0053213654134116
4	70454164	996	0.0053166962367707
4	70526555	997	0.0053120097906637
4	70599123	998	0.0053065873450768
4	70670926	999	0.0053012877447892
5	36094992	520	363857
5	36167796	521	367285
5	36240287	522	361285
5	36313132	523	361857
5	36385157	524	362071
5	36458562	525	368500
5	36531186	526	364071
5	36603183	527	355928
5	36674494	528	354000
5	36746437	529	355000
5	36818172	530	358928
5	36890681	531	360500
5	36962383	532	357357
5	37034639	533	359571
5	37106883	534	361428
5	37179264	535	360071
5	37251253	536	358071
5	37322855	537	356285
5	37394916	538	355000
5	37466438	539	354357
5	37538501	540	356071
5	37610489	541	357214
5	37682940	542	361785
5	37755109	543	361071
5	37827951	544	364357
5	37899921	545	361000
5	37973097	546	364214
5	38044382	547	360714
5	38116945	548	361428
5	38188473	549	356214
5	38261011	550	360785
5	38333373	551	359142
5	38405031	552	358714
5	38477860	553	361928
5	38550093	554	359428
5	38622388	555	357285
5	38694214	556	356928
5	38766362	557	359928
5	38838903	558	360928
5	38911564	559	362357
5	38983700	560	363928
5	39056113	561	364857
5	39128893	562	360928
5	39199791	563	354071
5	39271503	564	353714
5	39343454	565	356857
5	39415751	566	361571
5	39486838	567	355357
5	39559119	568	355857
5	39630771	569	356428
5	39702680	570	360357
5	39775157	571	361071
5	39847346	572	355857
5	39918931	573	357928
5	39990418	574	355000
5	40062624	575	354714
5	40133470	576	356428
5	40206131	577	359642
5	40278129	578	359071
5	40350936	579	361428
5	40422611	580	358000
5	40495051	581	362500
5	40567586	582	361000
5	40640177	583	362214
5	40712404	584	362714
5	40784889	585	362357
5	40856629	586	356500
5	40929152	587	362071
5	41001834	588	362214
5	41073320	589	358642
5	41146370	590	361928
5	41217726	591	357857
5	41290836	592	363071
5	41361792	593	358857
5	41434102	594	357357
5	41505701	595	356928
5	41577071	596	356642
5	41649714	597	362714
5	41721526	598	357214
5	41794135	599	364142
5	41866014	600	361571
5	41938486	601	362428
5	42010961	602	362071
5	42083597	603	364000
5	42156109	604	361000
5	42228687	605	360071
5	42300882	606	362428
5	42373951	607	365500
5	42446323	608	364571
5	42519302	609	366428
5	42591242	610	361142
5	42664250	611	365571
5	42736513	612	360857
5	42808783	613	361428
5	42881180	614	361357
5	42953040	615	357928
5	43025734	616	362000
5	43097756	617	356928
5	43169785	618	358785
5	43242797	619	362714
5	43315073	620	359000
5	43386963	621	357357
5	43459070	622	359000
5	43531150	623	360000
5	43603551	624	360857
5	43675253	625	359571
5	43748119	626	363500
5	43820405	627	362142
5	43892412	628	357142
5	43964524	629	356142
5	44036209	630	355571
5	44108271	631	357785
5	44180892	632	365857
5	44254032	633	363714
5	44325937	634	356642
5	44398194	635	358857
5	44470069	636	359357
5	44542445	637	357214
5	44614198	638	355714
5	44686497	639	359500
5	44758895	640	355928
5	44830505	641	356785
5	44902590	642	356071
5	44974727	643	359500
5	45046983	644	357785
5	45119163	645	355071
5	45190539	646	356571
5	45262389	647	358428
5	45335381	648	362285
5	45406573	649	359000
5	45479581	650	365142
5	45552422	651	364928
5	45624736	652	359928
5	45697135	653	362357
5	45769653	654	361214
5	45841556	655	357642
5	45913022	656	359357
5	45985659	657	360785
5	46057792	658	362928
5	46130485	659	362142
5	46202479	660	363285
5	46275628	661	365428
5	46347842	662	357500
5	46419140	663	357928
5	46491786	664	361500
5	46563650	665	361214
5	46635467	666	359928
5	46708815	667	365428
5	46779814	668	357214
5	46852264	669	358500
5	46924302	670	359928
5	46996151	671	361142
5	47068560	672	358500
5	47140714	673	361571
5	47213482	674	364000
5	47286190	675	365428
5	47359316	676	366214
5	47431177	677	364357
5	47504497	678	365500
5	47576442	679	359357
5	47648065	680	355071
5	47719930	681	354357
5	47791910	682	359285
5	47864635	683	360928
5	47936670	684	355357
5	48008841	685	358500
5	48080254	686	357571
5	48152389	687	358071
5	48225142	688	363142
5	48296703	689	356142
5	48369220	690	359142
5	48440416	691	357571
5	48513876	692	366285
5	48584709	693	361500
5	48657983	694	363571
5	48729338	695	359714
5	48801985	696	361714
5	48873973	697	360857
5	48946647	698	363571
5	49019281	699	362500
5	49091097	700	357928
5	49163431	701	359000
5	49235341	702	360714
5	49307453	703	355642
5	49378898	704	358500
5	49451023	705	355142
5	49522861	706	357428
5	49595701	707	361857
5	49667813	708	361357
5	49739966	709	359285
5	49812460	710	361071
5	49884473	711	360857
5	49957041	712	364428
5	50030128	713	366928
5	50102400	714	365571
5	50175340	715	365000
5	50247436	716	360285
5	50319563	717	358071
5	50392522	718	366500
5	50465077	719	364500
5	50537562	720	361642
5	50609890	721	361071
5	50682137	722	359714
5	50753940	723	357714
5	50825998	724	354714
5	50897607	725	356142
5	50969976	726	357857
5	51042611	727	360642
5	51114846	728	359500
5	51187841	729	364785
5	51259678	730	361142
5	51331459	731	359928
5	51404424	732	362142
5	51475758	733	357571
5	51548416	734	361714
5	51621368	735	364928
5	51694272	736	363857
5	51766605	737	363000
5	51839190	738	363285
5	51911020	739	359928
5	51983234	740	359071
5	52055829	741	359500
5	52127359	742	358785
5	52199797	743	358500
5	52271820	744	358857
5	52344257	745	360500
5	52416230	746	358928
5	52487798	747	356857
5	52560889	748	364000
5	52632440	749	367000
5	52705741	750	363214
5	52776736	751	358357
5	52849954	752	366285
5	52922554	753	364785
5	52995191	754	360142
5	53067203	755	359428
5	53139350	756	359714
5	53212131	757	360857
5	53283705	758	354500
5	53355369	759	356714
5	53427536	760	359785
5	53500146	761	360214
5	53571403	762	354785
5	53643248	763	360357
5	53715984	764	361714
5	53787819	765	360500
5	53860431	766	361071
5	53932558	767	359285
5	54004681	768	362642
5	54077540	769	364000
5	54149798	770	364000
5	54222355	771	361214
5	54294615	772	361071
5	54367176	773	360285
5	54438699	774	355642
5	54511459	775	361357
5	54583268	776	358571
5	54655566	777	359785
5	54728288	778	360428
5	54799659	779	352857
5	54871328	780	356785
5	54943263	781	355428
5	55014829	782	356214
5	55087263	783	360214
5	55159748	784	358785
5	55232071	785	362357
5	55304684	786	360214
5	55376727	787	359000
5	55449063	788	360571
5	55521022	789	358285
5	55593461	790	357000
5	55665013	791	357857
5	55737293	792	357214
5	55809211	793	358285
5	55880647	794	355071
5	55952507	795	353571
5	56024311	796	355714
5	56096347	797	358285
5	56168566	798	357285
5	56240310	799	354142
5	56312317	800	354714
5	56383976	801	358928
5	56456560	802	361357
5	56528441	803	360500
5	56601267	804	367857
5	56674227	805	362714
5	56745704	806	357142
5	56818148	807	361214
5	56891046	808	363357
5	56962099	809	355857
5	57033945	810	355142
5	57106033	811	356642
5	57178256	812	357000
5	57250408	813	359000
5	57322572	814	355000
5	57393987	815	352714
5	57465607	816	354428
5	57537296	817	354000
5	57609098	818	357642
5	57681410	819	363000
5	57754495	820	367571
5	57827151	821	362071
5	57898766	822	361785
5	57971375	823	360500
5	58043135	824	360071
5	58115272	825	358000
5	58187079	826	361785
5	58259864	827	362142
5	58332099	828	360357
5	58404217	829	362214
5	58477123	830	362714
5	58548888	831	358214
5	58621458	832	360857
5	58693836	833	358714
5	58765629	834	356857
5	58837818	835	357214
5	58910362	836	360857
5	58982051	837	356000
5	59054939	838	363071
5	59127000	839	358357
5	59198409	840	356857
5	59270394	841	356857
5	59342533	842	362071
5	59414257	843	354642
5	59485753	844	356785
5	59558463	845	361357
5	59630338	846	357000
5	59702435	847	355071
5	59774046	848	356785
5	59846707	849	361000
5	59918770	850	361642
5	59990300	851	355928
5	60062297	852	361642
5	60135377	853	366357
5	60208269	854	362785
5	60279851	855	354785
5	60351297	856	357428
5	60423791	857	358214
5	60495453	858	358857
5	60567673	859	361714
5	60640556	860	360571
5	60711851	861	354571
5	60783987	862	355642
5	60856272	863	359142
5	60928555	864	358214
5	60999398	865	353642
5	61071788	866	356500
5	61143233	867	357857
5	61215596	868	358714
5	61287919	869	360785
5	61359903	870	355500
5	61432227	871	355571
5	61503795	872	355785
5	61575076	873	358357
5	61647185	874	360571
5	61719955	875	360642
5	61791940	876	359785
5	61865026	877	363857
5	61937306	878	361428
5	62008947	879	358285
5	62081142	880	360071
5	62153330	881	360571
5	62224580	882	354357
5	62296342	883	356714
5	62368556	884	357642
5	62439809	885	356142
5	62511792	886	356142
5	62583127	887	360142
5	62655457	888	361214
5	62728181	889	361714
5	62800074	890	356357
5	62871708	891	354214
5	62943540	892	357857
5	63015622	893	358500
5	63087169	894	357000
5	63159485	895	359285
5	63231562	896	359785
5	63303259	897	352571
5	63374967	898	354785
5	63447345	899	358714
5	63519403	900	357714
5	63591465	901	357071
5	63663557	902	359071
5	63735068	903	356000
5	63807466	904	357857
5	63879434	905	357714
5	63951441	906	356500
5	64023682	907	357571
5	64095826	908	357000
5	64167257	909	362071
5	64240768	910	367357
5	64311708	911	355714
5	64383684	912	352857
5	64454899	913	356285
5	64527293	914	360000
5	64599416	915	355571
5	64671135	916	356285
5	64743591	917	361285
5	64816339	918	363428
5	64887744	919	356642
5	64960032	920	359642
5	65032576	921	358857
5	65104139	922	357357
5	65176898	923	365000
5	65249860	924	363714
5	65322658	925	364928
5	65395261	926	362928
5	65468090	927	366142
5	65540620	928	358428
5	65612466	929	361785
5	65684901	930	362428
5	65758174	931	365785
5	65829682	932	356071
5	65901495	933	355642
5	65973794	934	359928
5	66046212	935	362071
5	66118334	936	359357
5	66190653	937	360000
5	66262795	938	359071
5	66335623	939	362571
5	66407530	940	358500
5	66480071	941	361285
5	66552527	942	364928
5	66624778	943	355928
5	66695935	944	356357
5	66768886	945	364500
5	66841490	946	364642
5	66913521	947	356071
5	66985624	948	358214
5	67057954	949	358928
5	67129781	950	360285
5	67202641	951	363428
5	67274772	952	361285
5	67346984	953	356285
5	67418747	954	354714
5	67491330	955	359428
5	67563241	956	358071
5	67635899	957	361285
5	67708013	958	359785
5	67780315	959	359214
5	67852607	960	358714
5	67924406	961	358000
5	67996966	962	362500
5	68069746	963	361428
5	68141287	964	356642
5	68213223	965	358428
5	68285391	966	361142
5	68357671	967	361642
5	68429885	968	360285
5	68502844	969	366428
5	68575324	970	362857
5	68646956	971	357428
5	68719122	972	354785
5	68791162	973	357857
5	68863167	974	360714
5	68936099	975	364285
5	69008557	976	367500
5	69080956	977	365214
5	69154125	978	367428
5	69226893	979	365214
5	69299025	980	362785
5	69371380	981	358785
5	69442968	982	354500
5	69514606	983	354500
5	69586955	984	358785
5	69658868	985	356785
5	69731725	986	361928
5	69802461	987	355357
5	69874695	988	358500
5	69947455	989	363285
5	70020150	990	363928
5	70092328	991	365214
5	70165038	992	358785
5	70236685	993	357428
5	70309179	994	360714
5	70381779	995	363571
5	70454165	996	358571
5	70526556	997	360928
5	70599124	998	362214
5	70670927	999	361142
6	38261009	550	20
6	41866012	600	20
6	45479579	650	20
6	49091095	700	20
6	52705739	750	20
6	56312315	800	20
6	59918768	850	20
6	63519401	900	20
6	67129779	950	20
6	70743629	1000	20
7	38261009	550	0
7	41866012	600	0
7	45479579	650	0
7	49091095	700	0
7	52705739	750	0
7	56312315	800	0
7	59918768	850	0
7	63519401	900	0
7	67129779	950	0
7	70743629	1000	0
