version 2
run PerfectCC-3-20100909-20:17:22-776
attr configname PerfectCC
attr datetime 20100909-20:17:22
attr experiment PerfectCC
attr inifile D:/Developement/Oversim2/multic/simulations/omnetpp.ini
attr iterationvars $rateIncoming=100000
attr iterationvars2 "$rateIncoming=100000, $repetition=0"
attr measurement $rateIncoming=100000
attr network oversim.underlay.simpleunderlay.SimpleUnderlayNetwork
attr processid 776
attr rateIncoming 100000
attr repetition 0
attr replication #0
attr resultdir results
attr runnumber 3
attr seedset 3

vector 1  SimpleUnderlayNetwork.globalObserver.globalStatistics  incoming_bytes  ETV
vector 2  SimpleUnderlayNetwork.globalObserver.globalStatistics  drops  ETV
vector 3  SimpleUnderlayNetwork.globalObserver.globalStatistics  delayed_acks  ETV
vector 4  SimpleUnderlayNetwork.globalObserver.globalStatistics  timetotimeouts  ETV
vector 5  SimpleUnderlayNetwork.globalObserver.globalStatistics  rate  ETV
vector 6  SimpleUnderlayNetwork.globalObserver.globalStatistics  "GlobalNodeList: Number of nodes"  ETV
vector 7  SimpleUnderlayNetwork.globalObserver.globalStatistics  "GlobalNodeList: Number of bootstrapped malicious nodes"  ETV
1	25538394	520	21730
1	25589691	521	23002
1	25640938	522	22684
1	25692003	523	22737
1	25743164	524	22578
1	25794241	525	21995
1	25845285	526	22843
1	25896362	527	21836
1	25947125	528	21200
1	25998250	529	23426
1	26048752	530	19928
1	26099932	531	23108
1	26151242	532	22472
1	26202603	533	23426
1	26253891	534	22896
1	26305270	535	23267
1	26356617	536	22366
1	26407768	537	22896
1	26458921	538	22260
1	26510123	539	22949
1	26561420	540	22684
1	26612431	541	21412
1	26662910	542	21359
1	26713745	543	21624
1	26764954	544	23055
1	26815938	545	22260
1	26866803	546	21730
1	26917909	547	22154
1	26968869	548	22631
1	27020129	549	22525
1	27071182	550	22048
1	27122547	551	23426
1	27173725	552	22578
1	27225053	553	22313
1	27275809	554	22048
1	27326842	555	22207
1	27377928	556	22737
1	27429486	557	23108
1	27480471	558	21836
1	27531562	559	22631
1	27582871	560	22472
1	27634226	561	23479
1	27685281	562	21147
1	27735915	563	21836
1	27786583	564	21942
1	27837251	565	21200
1	27888443	566	22419
1	27939164	567	22048
1	27989957	568	21465
1	28040778	569	21783
1	28091686	570	22419
1	28142181	571	21465
1	28192759	572	20935
1	28243442	573	22154
1	28293946	574	20829
1	28344835	575	22154
1	28395611	576	22154
1	28446435	577	21412
1	28497053	578	20988
1	28548265	579	23161
1	28599394	580	22737
1	28650525	581	22472
1	28701557	582	22048
1	28752604	583	22419
1	28803949	584	23002
1	28854958	585	22048
1	28906036	586	22101
1	28957038	587	22313
1	29008297	588	22737
1	29059534	589	22631
1	29110539	590	22154
1	29161762	591	22896
1	29213010	592	22737
1	29264395	593	22896
1	29315505	594	22313
1	29366643	595	22631
1	29417885	596	22737
1	29469014	597	22737
1	29520332	598	23108
1	29571400	599	22207
1	29622658	600	22790
1	29673848	601	22419
1	29725144	602	23267
1	29776318	603	22207
1	29827632	604	23320
1	29878568	605	21677
1	29929676	606	22472
1	29980706	607	21518
1	30031653	608	22737
1	30082645	609	22207
1	30133377	610	21359
1	30184442	611	22684
1	30235330	612	21730
1	30286171	613	21200
1	30337258	614	23479
1	30387974	615	20882
1	30439176	616	22472
1	30490271	617	22684
1	30541546	618	22737
1	30592846	619	23002
1	30644161	620	23267
1	30695277	621	21041
1	30746045	622	21995
1	30797143	623	22419
1	30848490	624	22843
1	30899648	625	22313
1	30950813	626	22684
1	31001941	627	22843
1	31053359	628	23002
1	31104724	629	23161
1	31155848	630	21889
1	31206869	631	22525
1	31257785	632	21942
1	31308899	633	22472
1	31359999	634	22631
1	31410724	635	21147
1	31461657	636	22419
1	31512751	637	22260
1	31563988	638	23108
1	31614874	639	21836
1	31665684	640	21253
1	31716787	641	22896
1	31767856	642	22737
1	31818923	643	21995
1	31869919	644	21836
1	31921298	645	23320
1	31972409	646	22631
1	32023394	647	22154
1	32074657	648	22684
1	32125749	649	23002
1	32176606	650	20723
1	32227589	651	22790
1	32277979	652	20299
1	32329121	653	23108
1	32379906	654	21677
1	32430597	655	21412
1	32481351	656	21147
1	32532071	657	21783
1	32582628	658	21041
1	32633451	659	22101
1	32684524	660	22684
1	32735407	661	21624
1	32785811	662	21041
1	32836793	663	22048
1	32887702	664	21836
1	32938769	665	22737
1	32989878	666	21836
1	33041039	667	22949
1	33092019	668	22101
1	33143204	669	22154
1	33194195	670	21889
1	33245446	671	23267
1	33295839	672	20670
1	33346933	673	22631
1	33397784	674	21465
1	33448895	675	22843
1	33499922	676	22260
1	33551050	677	22578
1	33602588	678	23426
1	33653612	679	21677
1	33705263	680	23903
1	33756180	681	21889
1	33807605	682	23214
1	33858724	683	22737
1	33909920	684	21677
1	33960857	685	22578
1	34011481	686	21094
1	34062483	687	22260
1	34113474	688	22313
1	34164694	689	23002
1	34215596	690	21041
1	34266750	691	23161
1	34317627	692	21783
1	34368633	693	22154
1	34419661	694	21995
1	34470779	695	22684
1	34521832	696	22154
1	34573077	697	23108
1	34624085	698	21518
1	34675462	699	23532
1	34725861	700	20564
1	34776769	701	21995
1	34827736	702	22419
1	34878500	703	21253
1	34929205	704	21889
1	34980141	705	22260
1	35031130	706	22101
1	35082243	707	22525
1	35133184	708	22101
1	35184051	709	21518
1	35235167	710	22684
1	35286042	711	21889
1	35336694	712	21200
1	35387664	713	22313
1	35437891	714	20246
1	35488851	715	22366
1	35539596	716	21624
1	35590605	717	22207
1	35641468	718	21942
1	35692433	719	22207
1	35743330	720	22260
1	35793988	721	20776
1	35845143	722	22737
1	35895822	723	21571
1	35946975	724	22472
1	35997941	725	22048
1	36048716	726	21624
1	36099873	727	23214
1	36150877	728	21730
1	36202101	729	22684
1	36253154	730	22366
1	36304578	731	23267
1	36355666	732	22154
1	36406742	733	22790
1	36458178	734	23161
1	36509686	735	23479
1	36560683	736	21624
1	36611894	737	23161
1	36662840	738	21518
1	36714076	739	23214
1	36765099	740	22366
1	36816320	741	22366
1	36867583	742	22949
1	36918726	743	22525
1	36969794	744	22260
1	37021079	745	22949
1	37072273	746	22578
1	37123487	747	22313
1	37174787	748	23479
1	37226087	749	22419
1	37277066	750	22737
1	37328199	751	22313
1	37379530	752	22684
1	37430673	753	22313
1	37481432	754	21942
1	37532735	755	22737
1	37583651	756	22101
1	37634969	757	23055
1	37686376	758	23055
1	37737431	759	22260
1	37788681	760	22631
1	37840002	761	23214
1	37891176	762	22578
1	37942500	763	22949
1	37993787	764	22419
1	38045040	765	22366
1	38096339	766	23797
1	38147568	767	21995
1	38198836	768	22737
1	38250243	769	23797
1	38301526	770	22631
1	38352562	771	22207
1	38403779	772	22313
1	38455211	773	23161
1	38506408	774	22631
1	38557467	775	22419
1	38608772	776	22366
1	38660140	777	23532
1	38711475	778	22578
1	38762514	779	22578
1	38813941	780	23267
1	38865165	781	22737
1	38916651	782	23320
1	38967339	783	21306
1	39018677	784	23214
1	39069978	785	22790
1	39121328	786	22472
1	39172343	787	22472
1	39223668	788	22949
1	39275027	789	22790
1	39326341	790	23108
1	39377474	791	22154
1	39428677	792	22949
1	39480021	793	23055
1	39531407	794	22949
1	39582127	795	20776
1	39633494	796	23638
1	39684033	797	21359
1	39735108	798	21889
1	39786108	799	22366
1	39837208	800	22419
1	39887873	801	20458
1	39938642	802	22101
1	39989257	803	21677
1	40040136	804	21995
1	40090718	805	21412
1	40141254	806	21041
1	40191885	807	21518
1	40242645	808	21624
1	40293080	809	20670
1	40343398	810	20882
1	40394142	811	21571
1	40444708	812	21889
1	40495472	813	21147
1	40546002	814	21465
1	40596816	815	21995
1	40647523	816	21253
1	40697914	817	21359
1	40748702	818	21677
1	40799600	819	22048
1	40850207	820	21094
1	40901046	821	22207
1	40951943	822	22366
1	41002887	823	21836
1	41053906	824	22896
1	41104723	825	21465
1	41155719	826	22260
1	41206609	827	21783
1	41257456	828	21571
1	41308502	829	22525
1	41359345	830	21465
1	41410009	831	21465
1	41460562	832	21465
1	41511349	833	22048
1	41561869	834	20564
1	41612488	835	21571
1	41663173	836	21889
1	41713832	837	21359
1	41764484	838	21253
1	41815061	839	21253
1	41865497	840	20935
1	41916302	841	21783
1	41966713	842	21041
1	42017146	843	21253
1	42067868	844	21359
1	42118298	845	20564
1	42168631	846	21147
1	42219211	847	21465
1	42269899	848	21359
1	42320228	849	20882
1	42370943	850	21465
1	42421620	851	21677
1	42471976	852	21094
1	42522841	853	21783
1	42573796	854	22101
1	42624359	855	21306
1	42675007	856	21094
1	42725804	857	22472
1	42776585	858	21942
1	42827042	859	21200
1	42877680	860	21094
1	42928363	861	21253
1	42978944	862	21465
1	43029609	863	21836
1	43080016	864	20776
1	43130649	865	21518
1	43181256	866	21624
1	43231688	867	21041
1	43282029	868	20935
1	43332428	869	20670
1	43382962	870	21200
1	43433626	871	21624
1	43484308	872	21995
1	43534701	873	20776
1	43585102	874	20935
1	43635978	875	22578
1	43686417	876	20299
1	43736712	877	20776
1	43787651	878	22366
1	43838485	879	22419
1	43888700	880	19663
1	43939556	881	21995
1	43990169	882	21359
1	44040874	883	21412
1	44091622	884	22048
1	44142391	885	21942
1	44193157	886	21889
1	44243861	887	21730
1	44294631	888	21624
1	44345024	889	21200
1	44395370	890	19981
1	44446308	891	22631
1	44497025	892	21518
1	44547811	893	21730
1	44598410	894	21571
1	44649258	895	21836
1	44700200	896	21518
1	44751029	897	22631
1	44801710	898	21465
1	44852290	899	21412
1	44902820	900	21412
1	44953517	901	21889
1	45003890	902	20776
1	45054623	903	21518
1	45104944	904	20564
1	45155446	905	21624
1	45205672	906	20723
1	45256285	907	21412
1	45306952	908	21730
1	45357514	909	20935
1	45407841	910	20405
1	45458865	911	22578
1	45509734	912	22472
1	45560189	913	20511
1	45610767	914	21465
1	45661148	915	20829
1	45711869	916	21889
1	45762247	917	20670
1	45812955	918	22260
1	45863324	919	20723
1	45913599	920	20246
1	45964174	921	21253
1	46014585	922	21147
1	46065207	923	21889
1	46115897	924	21571
1	46166354	925	20723
1	46217101	926	21836
1	46267478	927	20935
1	46317782	928	20352
1	46368473	929	22313
1	46419134	930	21465
1	46469423	931	20193
1	46520112	932	21518
1	46570583	933	21200
1	46621228	934	21571
1	46671869	935	21200
1	46722301	936	21359
1	46773143	937	21889
1	46823416	938	20299
1	46873983	939	21571
1	46924744	940	21783
1	46975709	941	21783
1	47026624	942	22419
1	47077579	943	22048
1	47128554	944	21836
1	47179349	945	21942
1	47229966	946	21147
1	47280736	947	21677
1	47331500	948	22048
1	47382458	949	21836
1	47433121	950	21412
1	47484279	951	22419
1	47535001	952	21836
1	47586032	953	22472
1	47636981	954	21624
1	47687840	955	22366
1	47739101	956	22260
1	47789800	957	21730
1	47840713	958	21836
1	47891683	959	21783
1	47942322	960	21942
1	47992971	961	20617
1	48043555	962	21730
1	48094044	963	21147
1	48145063	964	22472
1	48196030	965	22048
1	48247171	966	22578
1	48297993	967	21518
1	48348824	968	21200
1	48399626	969	22313
1	48450186	970	20193
1	48500807	971	22207
1	48551470	972	21306
1	48602454	973	22313
1	48653083	974	20776
1	48703874	975	21889
1	48754737	976	21677
1	48805577	977	22313
1	48856241	978	20988
1	48907052	979	21783
1	48957622	980	20193
1	49008731	981	23373
1	49058964	982	19981
1	49109641	983	21359
1	49160525	984	22684
1	49211290	985	21253
1	49262475	986	22949
1	49313384	987	22101
1	49364126	988	21306
1	49414803	989	21677
1	49465744	990	22048
1	49516450	991	21624
1	49566869	992	20617
1	49617582	993	21571
1	49668479	994	22578
1	49719282	995	21465
1	49769891	996	21730
1	49820507	997	21094
1	49871214	998	21624
1	49921733	999	21253
2	25538394	520	9
2	25589691	521	6
2	25640938	522	13
2	25692003	523	3
2	25743164	524	9
2	25794241	525	17
2	25845285	526	3
2	25896362	527	16
2	25947125	528	10
2	25998250	529	34
2	26048752	530	14
2	26099932	531	2
2	26151242	532	10
2	26202603	533	4
2	26253891	534	11
2	26305270	535	3
2	26356617	536	15
2	26407768	537	6
2	26458921	538	5
2	26510123	539	9
2	26561420	540	4
2	26612431	541	45
2	26662910	542	34
2	26713745	543	5
2	26764954	544	7
2	26815938	545	11
2	26866803	546	2
2	26917909	547	14
2	26968869	548	4
2	27020129	549	7
2	27071182	550	8
2	27122547	551	3
2	27173725	552	3
2	27225053	553	22
2	27275809	554	11
2	27326842	555	16
2	27377928	556	1
2	27429486	557	18
2	27480471	558	11
2	27531562	559	3
2	27582871	560	9
2	27634226	561	8
2	27685281	562	44
2	27735915	563	24
2	27786583	564	7
2	27837251	565	2
2	27888443	566	8
2	27939164	567	9
2	27989957	568	9
2	28040778	569	3
2	28091686	570	4
2	28142181	571	2
2	28192759	572	6
2	28243442	573	8
2	28293946	574	9
2	28344835	575	7
2	28395611	576	11
2	28446435	577	18
2	28497053	578	6
2	28548265	579	4
2	28599394	580	13
2	28650525	581	5
2	28701557	582	4
2	28752604	583	6
2	28803949	584	12
2	28854958	585	5
2	28906036	586	14
2	28957038	587	7
2	29008297	588	2
2	29059534	589	18
2	29110539	590	1
2	29161762	591	7
2	29213010	592	9
2	29264395	593	5
2	29315505	594	10
2	29366643	595	1
2	29417885	596	11
2	29469014	597	4
2	29520332	598	6
2	29571400	599	6
2	29622658	600	3
2	29673848	601	9
2	29725144	602	7
2	29776318	603	8
2	29827632	604	11
2	29878568	605	8
2	29929676	606	7
2	29980706	607	6
2	30031653	608	7
2	30082645	609	10
2	30133377	610	1
2	30184442	611	5
2	30235330	612	15
2	30286171	613	27
2	30337258	614	31
2	30387974	615	6
2	30439176	616	12
2	30490271	617	9
2	30541546	618	5
2	30592846	619	10
2	30644161	620	6
2	30695277	621	37
2	30746045	622	25
2	30797143	623	10
2	30848490	624	9
2	30899648	625	17
2	30950813	626	9
2	31001941	627	2
2	31053359	628	9
2	31104724	629	10
2	31155848	630	12
2	31206869	631	12
2	31257785	632	4
2	31308899	633	10
2	31359999	634	18
2	31410724	635	8
2	31461657	636	8
2	31512751	637	1
2	31563988	638	6
2	31614874	639	8
2	31665684	640	4
2	31716787	641	5
2	31767856	642	8
2	31818923	643	9
2	31869919	644	0
2	31921298	645	6
2	31972409	646	8
2	32023394	647	8
2	32074657	648	6
2	32125749	649	2
2	32176606	650	28
2	32227589	651	32
2	32277979	652	3
2	32329121	653	9
2	32379906	654	21
2	32430597	655	6
2	32481351	656	45
2	32532071	657	27
2	32582628	658	7
2	32633451	659	0
2	32684524	660	10
2	32735407	661	35
2	32785811	662	6
2	32836793	663	17
2	32887702	664	7
2	32938769	665	6
2	32989878	666	10
2	33041039	667	6
2	33092019	668	2
2	33143204	669	8
2	33194195	670	10
2	33245446	671	42
2	33295839	672	5
2	33346933	673	8
2	33397784	674	5
2	33448895	675	3
2	33499922	676	10
2	33551050	677	3
2	33602588	678	13
2	33653612	679	7
2	33705263	680	13
2	33756180	681	3
2	33807605	682	11
2	33858724	683	6
2	33909920	684	37
2	33960857	685	32
2	34011481	686	2
2	34062483	687	14
2	34113474	688	14
2	34164694	689	9
2	34215596	690	10
2	34266750	691	10
2	34317627	692	9
2	34368633	693	5
2	34419661	694	13
2	34470779	695	8
2	34521832	696	6
2	34573077	697	2
2	34624085	698	8
2	34675462	699	44
2	34725861	700	7
2	34776769	701	8
2	34827736	702	10
2	34878500	703	8
2	34929205	704	10
2	34980141	705	2
2	35031130	706	9
2	35082243	707	13
2	35133184	708	6
2	35184051	709	5
2	35235167	710	12
2	35286042	711	14
2	35336694	712	8
2	35387664	713	45
2	35437891	714	1
2	35488851	715	18
2	35539596	716	1
2	35590605	717	14
2	35641468	718	7
2	35692433	719	19
2	35743330	720	8
2	35793988	721	7
2	35845143	722	21
2	35895822	723	4
2	35946975	724	7
2	35997941	725	12
2	36048716	726	2
2	36099873	727	8
2	36150877	728	10
2	36202101	729	9
2	36253154	730	4
2	36304578	731	10
2	36355666	732	8
2	36406742	733	3
2	36458178	734	4
2	36509686	735	6
2	36560683	736	2
2	36611894	737	12
2	36662840	738	5
2	36714076	739	6
2	36765099	740	5
2	36816320	741	6
2	36867583	742	10
2	36918726	743	5
2	36969794	744	9
2	37021079	745	6
2	37072273	746	6
2	37123487	747	15
2	37174787	748	4
2	37226087	749	11
2	37277066	750	5
2	37328199	751	13
2	37379530	752	8
2	37430673	753	18
2	37481432	754	4
2	37532735	755	6
2	37583651	756	8
2	37634969	757	0
2	37686376	758	11
2	37737431	759	10
2	37788681	760	11
2	37840002	761	6
2	37891176	762	8
2	37942500	763	5
2	37993787	764	9
2	38045040	765	13
2	38096339	766	7
2	38147568	767	8
2	38198836	768	0
2	38250243	769	7
2	38301526	770	13
2	38352562	771	3
2	38403779	772	13
2	38455211	773	13
2	38506408	774	17
2	38557467	775	4
2	38608772	776	7
2	38660140	777	3
2	38711475	778	17
2	38762514	779	1
2	38813941	780	12
2	38865165	781	0
2	38916651	782	21
2	38967339	783	4
2	39018677	784	12
2	39069978	785	3
2	39121328	786	23
2	39172343	787	7
2	39223668	788	5
2	39275027	789	7
2	39326341	790	9
2	39377474	791	7
2	39428677	792	6
2	39480021	793	14
2	39531407	794	9
2	39582127	795	15
2	39633494	796	34
2	39684033	797	4
2	39735108	798	21
2	39786108	799	6
2	39837208	800	10
2	39887873	801	30
2	39938642	802	23
2	39989257	803	5
2	40040136	804	10
2	40090718	805	20
2	40141254	806	12
2	40191885	807	6
2	40242645	808	13
2	40293080	809	22
2	40343398	810	3
2	40394142	811	21
2	40444708	812	9
2	40495472	813	12
2	40546002	814	3
2	40596816	815	4
2	40647523	816	17
2	40697914	817	10
2	40748702	818	7
2	40799600	819	18
2	40850207	820	9
2	40901046	821	3
2	40951943	822	12
2	41002887	823	1
2	41053906	824	9
2	41104723	825	11
2	41155719	826	9
2	41206609	827	9
2	41257456	828	14
2	41308502	829	13
2	41359345	830	16
2	41410009	831	11
2	41460562	832	4
2	41511349	833	14
2	41561869	834	16
2	41612488	835	8
2	41663173	836	10
2	41713832	837	18
2	41764484	838	4
2	41815061	839	7
2	41865497	840	10
2	41916302	841	20
2	41966713	842	13
2	42017146	843	9
2	42067868	844	17
2	42118298	845	10
2	42168631	846	4
2	42219211	847	15
2	42269899	848	18
2	42320228	849	6
2	42370943	850	9
2	42421620	851	18
2	42471976	852	5
2	42522841	853	11
2	42573796	854	13
2	42624359	855	16
2	42675007	856	6
2	42725804	857	4
2	42776585	858	10
2	42827042	859	6
2	42877680	860	6
2	42928363	861	11
2	42978944	862	3
2	43029609	863	6
2	43080016	864	7
2	43130649	865	12
2	43181256	866	4
2	43231688	867	11
2	43282029	868	17
2	43332428	869	12
2	43382962	870	1
2	43433626	871	3
2	43484308	872	19
2	43534701	873	14
2	43585102	874	2
2	43635978	875	11
2	43686417	876	14
2	43736712	877	2
2	43787651	878	7
2	43838485	879	15
2	43888700	880	7
2	43939556	881	9
2	43990169	882	10
2	44040874	883	4
2	44091622	884	6
2	44142391	885	8
2	44193157	886	7
2	44243861	887	6
2	44294631	888	18
2	44345024	889	7
2	44395370	890	13
2	44446308	891	6
2	44497025	892	3
2	44547811	893	22
2	44598410	894	6
2	44649258	895	7
2	44700200	896	11
2	44751029	897	5
2	44801710	898	4
2	44852290	899	8
2	44902820	900	1
2	44953517	901	10
2	45003890	902	5
2	45054623	903	12
2	45104944	904	5
2	45155446	905	20
2	45205672	906	4
2	45256285	907	4
2	45306952	908	6
2	45357514	909	18
2	45407841	910	3
2	45458865	911	10
2	45509734	912	14
2	45560189	913	4
2	45610767	914	19
2	45661148	915	4
2	45711869	916	9
2	45762247	917	7
2	45812955	918	13
2	45863324	919	9
2	45913599	920	11
2	45964174	921	11
2	46014585	922	4
2	46065207	923	8
2	46115897	924	8
2	46166354	925	10
2	46217101	926	9
2	46267478	927	13
2	46317782	928	1
2	46368473	929	3
2	46419134	930	31
2	46469423	931	8
2	46520112	932	14
2	46570583	933	4
2	46621228	934	15
2	46671869	935	15
2	46722301	936	14
2	46773143	937	8
2	46823416	938	12
2	46873983	939	9
2	46924744	940	9
2	46975709	941	12
2	47026624	942	6
2	47077579	943	7
2	47128554	944	22
2	47179349	945	18
2	47229966	946	13
2	47280736	947	5
2	47331500	948	7
2	47382458	949	22
2	47433121	950	7
2	47484279	951	22
2	47535001	952	9
2	47586032	953	10
2	47636981	954	22
2	47687840	955	7
2	47739101	956	23
2	47789800	957	13
2	47840713	958	7
2	47891683	959	15
2	47942322	960	5
2	47992971	961	33
2	48043555	962	32
2	48094044	963	7
2	48145063	964	10
2	48196030	965	16
2	48247171	966	17
2	48297993	967	11
2	48348824	968	19
2	48399626	969	9
2	48450186	970	33
2	48500807	971	31
2	48551470	972	9
2	48602454	973	24
2	48653083	974	19
2	48703874	975	7
2	48754737	976	25
2	48805577	977	23
2	48856241	978	23
2	48907052	979	12
2	48957622	980	24
2	49008731	981	39
2	49058964	982	23
2	49109641	983	6
2	49160525	984	10
2	49211290	985	10
2	49262475	986	13
2	49313384	987	13
2	49364126	988	16
2	49414803	989	7
2	49465744	990	10
2	49516450	991	22
2	49566869	992	10
2	49617582	993	15
2	49668479	994	17
2	49719282	995	20
2	49769891	996	9
2	49820507	997	12
2	49871214	998	15
2	49921733	999	17
3	25538394	520	1
3	25589691	521	12
3	25640938	522	4
3	25692003	523	2
3	25743164	524	4
3	25794241	525	5
3	25845285	526	4
3	25896362	527	2
3	25947125	528	4
3	25998250	529	6
3	26048752	530	3
3	26099932	531	2
3	26151242	532	3
3	26202603	533	7
3	26253891	534	7
3	26305270	535	7
3	26356617	536	5
3	26407768	537	5
3	26458921	538	9
3	26510123	539	3
3	26561420	540	7
3	26612431	541	6
3	26662910	542	3
3	26713745	543	2
3	26764954	544	5
3	26815938	545	6
3	26866803	546	4
3	26917909	547	2
3	26968869	548	4
3	27020129	549	5
3	27071182	550	7
3	27122547	551	6
3	27173725	552	7
3	27225053	553	4
3	27275809	554	4
3	27326842	555	6
3	27377928	556	2
3	27429486	557	9
3	27480471	558	7
3	27531562	559	5
3	27582871	560	5
3	27634226	561	2
3	27685281	562	2
3	27735915	563	10
3	27786583	564	7
3	27837251	565	2
3	27888443	566	3
3	27939164	567	3
3	27989957	568	3
3	28040778	569	6
3	28091686	570	3
3	28142181	571	6
3	28192759	572	4
3	28243442	573	0
3	28293946	574	6
3	28344835	575	2
3	28395611	576	4
3	28446435	577	5
3	28497053	578	6
3	28548265	579	5
3	28599394	580	5
3	28650525	581	2
3	28701557	582	6
3	28752604	583	6
3	28803949	584	5
3	28854958	585	5
3	28906036	586	10
3	28957038	587	4
3	29008297	588	0
3	29059534	589	4
3	29110539	590	7
3	29161762	591	5
3	29213010	592	8
3	29264395	593	4
3	29315505	594	2
3	29366643	595	7
3	29417885	596	6
3	29469014	597	2
3	29520332	598	4
3	29571400	599	3
3	29622658	600	6
3	29673848	601	3
3	29725144	602	8
3	29776318	603	9
3	29827632	604	6
3	29878568	605	2
3	29929676	606	5
3	29980706	607	3
3	30031653	608	3
3	30082645	609	5
3	30133377	610	6
3	30184442	611	6
3	30235330	612	5
3	30286171	613	3
3	30337258	614	7
3	30387974	615	1
3	30439176	616	2
3	30490271	617	2
3	30541546	618	4
3	30592846	619	4
3	30644161	620	6
3	30695277	621	4
3	30746045	622	8
3	30797143	623	3
3	30848490	624	6
3	30899648	625	5
3	30950813	626	4
3	31001941	627	6
3	31053359	628	5
3	31104724	629	4
3	31155848	630	5
3	31206869	631	3
3	31257785	632	3
3	31308899	633	4
3	31359999	634	2
3	31410724	635	4
3	31461657	636	11
3	31512751	637	4
3	31563988	638	5
3	31614874	639	4
3	31665684	640	4
3	31716787	641	11
3	31767856	642	5
3	31818923	643	4
3	31869919	644	6
3	31921298	645	4
3	31972409	646	3
3	32023394	647	6
3	32074657	648	5
3	32125749	649	8
3	32176606	650	7
3	32227589	651	9
3	32277979	652	8
3	32329121	653	4
3	32379906	654	1
3	32430597	655	10
3	32481351	656	4
3	32532071	657	0
3	32582628	658	6
3	32633451	659	4
3	32684524	660	6
3	32735407	661	6
3	32785811	662	3
3	32836793	663	2
3	32887702	664	4
3	32938769	665	1
3	32989878	666	2
3	33041039	667	2
3	33092019	668	0
3	33143204	669	2
3	33194195	670	4
3	33245446	671	9
3	33295839	672	4
3	33346933	673	1
3	33397784	674	3
3	33448895	675	4
3	33499922	676	2
3	33551050	677	0
3	33602588	678	3
3	33653612	679	2
3	33705263	680	4
3	33756180	681	6
3	33807605	682	3
3	33858724	683	7
3	33909920	684	7
3	33960857	685	7
3	34011481	686	4
3	34062483	687	5
3	34113474	688	1
3	34164694	689	2
3	34215596	690	0
3	34266750	691	2
3	34317627	692	2
3	34368633	693	0
3	34419661	694	5
3	34470779	695	3
3	34521832	696	2
3	34573077	697	1
3	34624085	698	2
3	34675462	699	10
3	34725861	700	7
3	34776769	701	2
3	34827736	702	4
3	34878500	703	3
3	34929205	704	1
3	34980141	705	2
3	35031130	706	4
3	35082243	707	3
3	35133184	708	4
3	35184051	709	1
3	35235167	710	5
3	35286042	711	1
3	35336694	712	4
3	35387664	713	2
3	35437891	714	3
3	35488851	715	2
3	35539596	716	1
3	35590605	717	1
3	35641468	718	4
3	35692433	719	6
3	35743330	720	0
3	35793988	721	4
3	35845143	722	3
3	35895822	723	6
3	35946975	724	1
3	35997941	725	6
3	36048716	726	4
3	36099873	727	0
3	36150877	728	6
3	36202101	729	4
3	36253154	730	3
3	36304578	731	4
3	36355666	732	6
3	36406742	733	2
3	36458178	734	4
3	36509686	735	2
3	36560683	736	3
3	36611894	737	4
3	36662840	738	6
3	36714076	739	4
3	36765099	740	2
3	36816320	741	1
3	36867583	742	2
3	36918726	743	1
3	36969794	744	5
3	37021079	745	3
3	37072273	746	2
3	37123487	747	6
3	37174787	748	2
3	37226087	749	4
3	37277066	750	4
3	37328199	751	4
3	37379530	752	1
3	37430673	753	7
3	37481432	754	10
3	37532735	755	4
3	37583651	756	3
3	37634969	757	5
3	37686376	758	2
3	37737431	759	2
3	37788681	760	5
3	37840002	761	8
3	37891176	762	4
3	37942500	763	1
3	37993787	764	4
3	38045040	765	6
3	38096339	766	9
3	38147568	767	4
3	38198836	768	1
3	38250243	769	0
3	38301526	770	3
3	38352562	771	5
3	38403779	772	1
3	38455211	773	3
3	38506408	774	6
3	38557467	775	1
3	38608772	776	0
3	38660140	777	4
3	38711475	778	5
3	38762514	779	5
3	38813941	780	4
3	38865165	781	8
3	38916651	782	2
3	38967339	783	5
3	39018677	784	3
3	39069978	785	5
3	39121328	786	5
3	39172343	787	1
3	39223668	788	3
3	39275027	789	3
3	39326341	790	4
3	39377474	791	3
3	39428677	792	1
3	39480021	793	3
3	39531407	794	2
3	39582127	795	3
3	39633494	796	2
3	39684033	797	1
3	39735108	798	3
3	39786108	799	12
3	39837208	800	0
3	39887873	801	4
3	39938642	802	4
3	39989257	803	1
3	40040136	804	3
3	40090718	805	1
3	40141254	806	2
3	40191885	807	0
3	40242645	808	2
3	40293080	809	1
3	40343398	810	0
3	40394142	811	2
3	40444708	812	0
3	40495472	813	2
3	40546002	814	3
3	40596816	815	0
3	40647523	816	1
3	40697914	817	0
3	40748702	818	3
3	40799600	819	4
3	40850207	820	4
3	40901046	821	2
3	40951943	822	1
3	41002887	823	2
3	41053906	824	0
3	41104723	825	5
3	41155719	826	0
3	41206609	827	2
3	41257456	828	3
3	41308502	829	2
3	41359345	830	5
3	41410009	831	3
3	41460562	832	1
3	41511349	833	5
3	41561869	834	4
3	41612488	835	3
3	41663173	836	2
3	41713832	837	1
3	41764484	838	3
3	41815061	839	0
3	41865497	840	1
3	41916302	841	0
3	41966713	842	0
3	42017146	843	2
3	42067868	844	2
3	42118298	845	0
3	42168631	846	1
3	42219211	847	2
3	42269899	848	0
3	42320228	849	0
3	42370943	850	0
3	42421620	851	0
3	42471976	852	0
3	42522841	853	1
3	42573796	854	1
3	42624359	855	0
3	42675007	856	1
3	42725804	857	1
3	42776585	858	2
3	42827042	859	1
3	42877680	860	1
3	42928363	861	1
3	42978944	862	0
3	43029609	863	0
3	43080016	864	4
3	43130649	865	2
3	43181256	866	1
3	43231688	867	2
3	43282029	868	1
3	43332428	869	0
3	43382962	870	3
3	43433626	871	0
3	43484308	872	1
3	43534701	873	0
3	43585102	874	3
3	43635978	875	1
3	43686417	876	0
3	43736712	877	0
3	43787651	878	4
3	43838485	879	2
3	43888700	880	0
3	43939556	881	0
3	43990169	882	3
3	44040874	883	2
3	44091622	884	4
3	44142391	885	2
3	44193157	886	2
3	44243861	887	0
3	44294631	888	3
3	44345024	889	1
3	44395370	890	0
3	44446308	891	0
3	44497025	892	4
3	44547811	893	1
3	44598410	894	0
3	44649258	895	1
3	44700200	896	5
3	44751029	897	2
3	44801710	898	2
3	44852290	899	6
3	44902820	900	3
3	44953517	901	6
3	45003890	902	4
3	45054623	903	0
3	45104944	904	2
3	45155446	905	0
3	45205672	906	1
3	45256285	907	3
3	45306952	908	2
3	45357514	909	3
3	45407841	910	0
3	45458865	911	2
3	45509734	912	1
3	45560189	913	2
3	45610767	914	1
3	45661148	915	1
3	45711869	916	6
3	45762247	917	4
3	45812955	918	1
3	45863324	919	3
3	45913599	920	4
3	45964174	921	1
3	46014585	922	2
3	46065207	923	2
3	46115897	924	3
3	46166354	925	5
3	46217101	926	0
3	46267478	927	4
3	46317782	928	0
3	46368473	929	1
3	46419134	930	1
3	46469423	931	6
3	46520112	932	1
3	46570583	933	2
3	46621228	934	2
3	46671869	935	1
3	46722301	936	5
3	46773143	937	3
3	46823416	938	2
3	46873983	939	2
3	46924744	940	2
3	46975709	941	2
3	47026624	942	2
3	47077579	943	2
3	47128554	944	0
3	47179349	945	7
3	47229966	946	1
3	47280736	947	1
3	47331500	948	2
3	47382458	949	2
3	47433121	950	4
3	47484279	951	4
3	47535001	952	1
3	47586032	953	1
3	47636981	954	0
3	47687840	955	2
3	47739101	956	1
3	47789800	957	1
3	47840713	958	2
3	47891683	959	2
3	47942322	960	1
3	47992971	961	2
3	48043555	962	5
3	48094044	963	1
3	48145063	964	4
3	48196030	965	3
3	48247171	966	2
3	48297993	967	2
3	48348824	968	1
3	48399626	969	3
3	48450186	970	3
3	48500807	971	7
3	48551470	972	0
3	48602454	973	1
3	48653083	974	0
3	48703874	975	3
3	48754737	976	2
3	48805577	977	0
3	48856241	978	0
3	48907052	979	1
3	48957622	980	0
3	49008731	981	4
3	49058964	982	0
3	49109641	983	1
3	49160525	984	0
3	49211290	985	0
3	49262475	986	1
3	49313384	987	1
3	49364126	988	1
3	49414803	989	1
3	49465744	990	1
3	49516450	991	1
3	49566869	992	2
3	49617582	993	0
3	49668479	994	0
3	49719282	995	0
3	49769891	996	0
3	49820507	997	2
3	49871214	998	1
3	49921733	999	2
4	25538394	520	0.033385829805474
4	25589691	521	0.033315711058778
4	25640938	522	0.033247640242499
4	25692003	523	0.033181594075946
4	25743164	524	0.033118657671948
4	25794241	525	0.033050758565448
4	25845285	526	0.032994223393828
4	25896362	527	0.032927477871063
4	25947125	528	0.03287141475991
4	25998250	529	0.032815190448258
4	26048752	530	0.032764050673554
4	26099932	531	0.032697817318204
4	26151242	532	0.03263338584899
4	26202603	533	0.03257328990228
4	26253891	534	0.032535176962134
4	26305270	535	0.032475364161634
4	26356617	536	0.03242917926324
4	26407768	537	0.032365006122858
4	26458921	538	0.032303188028627
4	26510123	539	0.032249237020065
4	26561420	540	0.032191016697296
4	26612431	541	0.032126176319765
4	26662910	542	0.032084303733253
4	26713745	543	0.032058187174884
4	26764954	544	0.032003895966664
4	26815938	545	0.031962213967992
4	26866803	546	0.031907394862594
4	26917909	547	0.031848995925229
4	26968869	548	0.031791340826703
4	27020129	549	0.031728550689682
4	27071182	550	0.031672563919713
4	27122547	551	0.031616360355786
4	27173725	552	0.031555847152779
4	27225053	553	0.031494000605133
4	27275809	554	0.031443961145793
4	27326842	555	0.031386805483692
4	27377928	556	0.031328450238691
4	27429486	557	0.031268629621827
4	27480471	558	0.03120931626723
4	27531562	559	0.031158171148882
4	27582871	560	0.031106257799964
4	27634226	561	0.031046202300773
4	27685281	562	0.030997047265946
4	27735915	563	0.030951779405963
4	27786583	564	0.030918118096856
4	27837251	565	0.030889719328934
4	27888443	566	0.030830070891969
4	27939164	567	0.030796312187823
4	27989957	568	0.030744428972418
4	28040778	569	0.030690772597117
4	28091686	570	0.030649093702535
4	28142181	571	0.030613404179084
4	28192759	572	0.030564085563737
4	28243442	573	0.030510585305106
4	28293946	574	0.030473996479256
4	28344835	575	0.030420973158731
4	28395611	576	0.030371939308098
4	28446435	577	0.030322946077647
4	28497053	578	0.030271245554059
4	28548265	579	0.030224171581954
4	28599394	580	0.030170356066112
4	28650525	581	0.03011518036911
4	28701557	582	0.030071224704945
4	28752604	583	0.030024853169528
4	28803949	584	0.029970622897061
4	28854958	585	0.029916970709585
4	28906036	586	0.029866178754548
4	28957038	587	0.029815500662567
4	29008297	588	0.029765387191684
4	29059534	589	0.029717845519681
4	29110539	590	0.029665241563445
4	29161762	591	0.029617540263914
4	29213010	592	0.029564924540613
4	29264395	593	0.029511255289377
4	29315505	594	0.02945951047631
4	29366643	595	0.029410779486149
4	29417885	596	0.029359516136448
4	29469014	597	0.029312114561341
4	29520332	598	0.029259007817674
4	29571400	599	0.029216108565679
4	29622658	600	0.02916421106804
4	29673848	601	0.029114427530888
4	29725144	602	0.029076380300856
4	29776318	603	0.02905874921036
4	29827632	604	0.029007608417894
4	29878568	605	0.028970182231128
4	29929676	606	0.028919492830709
4	29980706	607	0.028873790945881
4	30031653	608	0.028825922863435
4	30082645	609	0.028780653255038
4	30133377	610	0.028733686095801
4	30184442	611	0.028684067981608
4	30235330	612	0.028638463290069
4	30286171	613	0.028592536065401
4	30337258	614	0.028546418324174
4	30387974	615	0.02851247193057
4	30439176	616	0.028462952117455
4	30490271	617	0.028418781879398
4	30541546	618	0.028368794326241
4	30592846	619	0.028321372027421
4	30644161	620	0.028274561720223
4	30695277	621	0.028224288586143
4	30746045	622	0.028224484410361
4	30797143	623	0.028182620185303
4	30848490	624	0.0281337668962
4	30899648	625	0.028086982121403
4	30950813	626	0.028045772480111
4	31001941	627	0.027997842964655
4	31053359	628	0.027954256670902
4	31104724	629	0.027907859014333
4	31155848	630	0.027876296468713
4	31206869	631	0.027841450638435
4	31257785	632	0.027796346249125
4	31308899	633	0.027749862605009
4	31359999	634	0.027704728498364
4	31410724	635	0.027661472722008
4	31461657	636	0.027622042937235
4	31512751	637	0.027595971573224
4	31563988	638	0.027550408485915
4	31614874	639	0.027504567896435
4	31665684	640	0.027464785999014
4	31716787	641	0.027421786291432
4	31767856	642	0.027378073552456
4	31818923	643	0.027332810574661
4	31869919	644	0.027290854324073
4	31921298	645	0.027245459410965
4	31972409	646	0.027200633502601
4	32023394	647	0.027157205525087
4	32074657	648	0.027113084860584
4	32125749	649	0.027077794142964
4	32176606	650	0.027046537920919
4	32227589	651	0.02700527825238
4	32277979	652	0.026967019574987
4	32329121	653	0.026930842144886
4	32379906	654	0.026913030933471
4	32430597	655	0.026878887696967
4	32481351	656	0.026875229448076
4	32532071	657	0.026859433866013
4	32582628	658	0.026852526197817
4	32633451	659	0.026860835327142
4	32684524	660	0.026833745890107
4	32735407	661	0.026793629329126
4	32785811	662	0.026762238050764
4	32836793	663	0.026739169512853
4	32887702	664	0.02670575433847
4	32938769	665	0.026671843732266
4	32989878	666	0.026629192961007
4	33041039	667	0.026596754206098
4	33092019	668	0.026559556498508
4	33143204	669	0.026520800409553
4	33194195	670	0.026478954620205
4	33245446	671	0.026461875298182
4	33295839	672	0.026425128801728
4	33346933	673	0.026394486583356
4	33397784	674	0.026362588688388
4	33448895	675	0.026320916673713
4	33499922	676	0.026280533685698
4	33551050	677	0.0262404667578
4	33602588	678	0.026200921294789
4	33653612	679	0.026165806894738
4	33705263	680	0.026126507298498
4	33756180	681	0.026090566752373
4	33807605	682	0.026072158425634
4	33858724	683	0.026036787719031
4	33909920	684	0.026010795839723
4	33960857	685	0.025977034795326
4	34011481	686	0.025978673414061
4	34062483	687	0.025940604065604
4	34113474	688	0.025919358791391
4	34164694	689	0.025900937370684
4	34215596	690	0.025861666313365
4	34266750	691	0.025822514161486
4	34317627	692	0.025791845478188
4	34368633	693	0.025755939138583
4	34419661	694	0.025721704161116
4	34470779	695	0.025683087390966
4	34521832	696	0.025644677714554
4	34573077	697	0.025605290290468
4	34624085	698	0.025567022020583
4	34675462	699	0.025539320983716
4	34725861	700	0.025517121747965
4	34776769	701	0.025479958570323
4	34827736	702	0.025443083103011
4	34878500	703	0.025406135116368
4	34929205	704	0.025369651448865
4	34980141	705	0.02533607464811
4	35031130	706	0.025302684681523
4	35082243	707	0.025264382476821
4	35133184	708	0.025228491049309
4	35184051	709	0.025206854139878
4	35235167	710	0.02518918051432
4	35286042	711	0.02515826257826
4	35336694	712	0.025135855384466
4	35387664	713	0.025106739250515
4	35437891	714	0.025073899829302
4	35488851	715	0.025038456741363
4	35539596	716	0.025033644581752
4	35590605	717	0.025000690913111
4	35641468	718	0.024965158477184
4	35692433	719	0.024934460057668
4	35743330	720	0.024922000502224
4	35793988	721	0.02489548157487
4	35845143	722	0.024875826678741
4	35895822	723	0.024849188650354
4	35946975	724	0.024819310901547
4	35997941	725	0.024788137764251
4	36048716	726	0.024757220287413
4	36099873	727	0.024724535499583
4	36150877	728	0.024702737265999
4	36202101	729	0.024676934571822
4	36253154	730	0.024643791060266
4	36304578	731	0.02460773589187
4	36355666	732	0.024573032567892
4	36406742	733	0.024538758472559
4	36458178	734	0.024502348731887
4	36509686	735	0.024468590168792
4	36560683	736	0.024437809339359
4	36611894	737	0.024403920475722
4	36662840	738	0.024369144934048
4	36714076	739	0.024334060989166
4	36765099	740	0.024300865308743
4	36816320	741	0.024265977550298
4	36867583	742	0.024231109036657
4	36918726	743	0.024217766798287
4	36969794	744	0.024184432061495
4	37021079	745	0.024148783597153
4	37072273	746	0.024115638364884
4	37123487	747	0.024081069180932
4	37174787	748	0.024051176937318
4	37226087	749	0.024016717616221
4	37277066	750	0.023984412604427
4	37328199	751	0.023967867254889
4	37379530	752	0.023933197448879
4	37430673	753	0.023903636924734
4	37481432	754	0.023873383521759
4	37532735	755	0.023838522738434
4	37583651	756	0.023813338477686
4	37634969	757	0.023779360964365
4	37686376	758	0.023746177070903
4	37737431	759	0.02371486159547
4	37788681	760	0.023682242382857
4	37840002	761	0.02364925201082
4	37891176	762	0.023616506585902
4	37942500	763	0.023583622610227
4	37993787	764	0.023551287026258
4	38045040	765	0.02353241317841
4	38096339	766	0.023500311209007
4	38147568	767	0.023475191466612
4	38198836	768	0.023451092636962
4	38250243	769	0.023419384261609
4	38301526	770	0.023386636391043
4	38352562	771	0.023358753687339
4	38403779	772	0.023326776375762
4	38455211	773	0.023294960903562
4	38506408	774	0.023266570334006
4	38557467	775	0.02323462704824
4	38608772	776	0.023202771353771
4	38660140	777	0.023181048531846
4	38711475	778	0.023149646267568
4	38762514	779	0.023131514748281
4	38813941	780	0.023103866148185
4	38865165	781	0.023072839646608
4	38916651	782	0.023043961175832
4	38967339	783	0.023014114777501
4	39018677	784	0.022987275800101
4	39069978	785	0.022960218004205
4	39121328	786	0.022929300538627
4	39172343	787	0.02289925581337
4	39223668	788	0.022868716972626
4	39275027	789	0.0228494077411
4	39326341	790	0.022818519559177
4	39377474	791	0.022791827368277
4	39428677	792	0.022762587150193
4	39480021	793	0.022731795905167
4	39531407	794	0.022700876359413
4	39582127	795	0.022694353550548
4	39633494	796	0.022666100891715
4	39684033	797	0.022643669270632
4	39735108	798	0.02262376329401
4	39786108	799	0.022599776594235
4	39837208	800	0.022570872972582
4	39887873	801	0.022554493354919
4	39938642	802	0.022528933495228
4	39989257	803	0.022536214530025
4	40040136	804	0.02252056105145
4	40090718	805	0.022502159251704
4	40141254	806	0.022474419173766
4	40191885	807	0.022489589284678
4	40242645	808	0.022485315432146
4	40293080	809	0.02251331080072
4	40343398	810	0.022508576942864
4	40394142	811	0.022531520109937
4	40444708	812	0.022529266181807
4	40495472	813	0.022509735415074
4	40546002	814	0.022497606959809
4	40596816	815	0.022488057096006
4	40647523	816	0.022490413699119
4	40697914	817	0.022488085932195
4	40748702	818	0.02246638934105
4	40799600	819	0.022468425885505
4	40850207	820	0.022456098147703
4	40901046	821	0.022438130706391
4	40951943	822	0.022428331028608
4	41002887	823	0.022412228010941
4	41053906	824	0.022399559549136
4	41104723	825	0.022386922283819
4	41155719	826	0.022376499452303
4	41206609	827	0.022364322020003
4	41257456	828	0.022351575061037
4	41308502	829	0.022344674182296
4	41359345	830	0.022338188471226
4	41410009	831	0.022323613785165
4	41460562	832	0.022300911178606
4	41511349	833	0.022277007949521
4	41561869	834	0.022256052499335
4	41612488	835	0.022229176938816
4	41663173	836	0.022233363315983
4	41713832	837	0.02221292715185
4	41764484	838	0.022200124739635
4	41815061	839	0.022174617027967
4	41865497	840	0.02214903784063
4	41916302	841	0.02212502235369
4	41966713	842	0.022102553741007
4	42017146	843	0.022077147169282
4	42067868	844	0.022054076162375
4	42118298	845	0.022027755730893
4	42168631	846	0.022002908849256
4	42219211	847	0.021980453408717
4	42269899	848	0.021963163067689
4	42320228	849	0.021944220145114
4	42370943	850	0.021922966461372
4	42421620	851	0.021903859472209
4	42471976	852	0.021881458069222
4	42522841	853	0.02186143056206
4	42573796	854	0.021840315073398
4	42624359	855	0.021822020454899
4	42675007	856	0.021804888166765
4	42725804	857	0.021779164053014
4	42776585	858	0.021753500563309
4	42827042	859	0.021729332158206
4	42877680	860	0.021703288038102
4	42928363	861	0.021677740863787
4	42978944	862	0.021653120950231
4	43029609	863	0.021628124276705
4	43080016	864	0.021603061932203
4	43130649	865	0.021579103422322
4	43181256	866	0.021554277252534
4	43231688	867	0.021530488013017
4	43282029	868	0.021505956828972
4	43332428	869	0.021482213102192
4	43382962	870	0.021460079149988
4	43433626	871	0.021435529177238
4	43484308	872	0.021410732518575
4	43534701	873	0.021387322431544
4	43585102	874	0.021366303271124
4	43635978	875	0.02134148919677
4	43686417	876	0.021317272875734
4	43736712	877	0.021297301554264
4	43787651	878	0.021271933520994
4	43838485	879	0.021247877878018
4	43888700	880	0.021229720487493
4	43939556	881	0.021205469633678
4	43990169	882	0.021181274120477
4	44040874	883	0.021156956459799
4	44091622	884	0.021133343192212
4	44142391	885	0.021109900247778
4	44193157	886	0.021085569998023
4	44243861	887	0.021066798658577
4	44294631	888	0.021045760711062
4	44345024	889	0.021027836427349
4	44395370	890	0.021005224283913
4	44446308	891	0.020981673218537
4	44497025	892	0.020957885131211
4	44547811	893	0.020937317868813
4	44598410	894	0.02091357561444
4	44649258	895	0.020913768253732
4	44700200	896	0.02089022241797
4	44751029	897	0.020869823445143
4	44801710	898	0.020849183308568
4	44852290	899	0.020828817953607
4	44902820	900	0.020805985283438
4	44953517	901	0.020783202617063
4	45003890	902	0.020763488200388
4	45054623	903	0.020740574825045
4	45104944	904	0.020741872552898
4	45155446	905	0.020725784031007
4	45205672	906	0.020712282516949
4	45256285	907	0.020696951483191
4	45306952	908	0.020674909462371
4	45357514	909	0.020655067696842
4	45407841	910	0.02063554888066
4	45458865	911	0.020625396017352
4	45509734	912	0.0206161028479
4	45560189	913	0.020599893541998
4	45610767	914	0.020580241348876
4	45661148	915	0.020563660531091
4	45711869	916	0.020544311127271
4	45762247	917	0.020522864914457
4	45812955	918	0.020503048985329
4	45863324	919	0.020484156323913
4	45913599	920	0.020471325929363
4	45964174	921	0.020451245452451
4	46014585	922	0.020429845665549
4	46065207	923	0.020408545176028
4	46115897	924	0.020385819117914
4	46166354	925	0.02036488191623
4	46217101	926	0.020342957643265
4	46267478	927	0.020321891953766
4	46317782	928	0.020302611285433
4	46368473	929	0.020280500438282
4	46419134	930	0.02025919026922
4	46469423	931	0.020238461293777
4	46520112	932	0.020217078731421
4	46570583	933	0.020195687883381
4	46621228	934	0.02017687797428
4	46671869	935	0.020155096050805
4	46722301	936	0.020135113042469
4	46773143	937	0.020113368172623
4	46823416	938	0.020092674699176
4	46873983	939	0.020071074102111
4	46924744	940	0.020050572817242
4	46975709	941	0.020028484722903
4	47026624	942	0.020006654911403
4	47077579	943	0.019985081853514
4	47128554	944	0.019963033356252
4	47179349	945	0.019942179171444
4	47229966	946	0.019921264567229
4	47280736	947	0.019899978890803
4	47331500	948	0.01987847990545
4	47382458	949	0.019857337150852
4	47433121	950	0.01983675462797
4	47484279	951	0.01981778124927
4	47535001	952	0.019812836997097
4	47586032	953	0.019793673482071
4	47636981	954	0.019774858898816
4	47687840	955	0.019754573009233
4	47739101	956	0.019734515786838
4	47789800	957	0.019719573636415
4	47840713	958	0.019698597041605
4	47891683	959	0.019677563769406
4	47942322	960	0.019656070173815
4	47992971	961	0.019635984584931
4	48043555	962	0.019618555167408
4	48094044	963	0.019609953338919
4	48145063	964	0.019589122444174
4	48196030	965	0.019570742583624
4	48247171	966	0.019549598101743
4	48297993	967	0.019528947697426
4	48348824	968	0.019508788385466
4	48399626	969	0.019488323301455
4	48450186	970	0.019468198212405
4	48500807	971	0.019463706286066
4	48551470	972	0.019452299600445
4	48602454	973	0.019434463206636
4	48653083	974	0.019414917871655
4	48703874	975	0.019396813507167
4	48754737	976	0.019377297341025
4	48805577	977	0.019366944118954
4	48856241	978	0.0193474981205
4	48907052	979	0.019334628692972
4	48957622	980	0.01931486605221
4	49008731	981	0.019323865879696
4	49058964	982	0.019306726700771
4	49109641	983	0.019287245417899
4	49160525	984	0.019267610154362
4	49211290	985	0.019252301333834
4	49262475	986	0.019241836607031
4	49313384	987	0.019226971751949
4	49364126	988	0.019211993637619
4	49414803	989	0.019192297138866
4	49465744	990	0.019182656366808
4	49516450	991	0.019163507185693
4	49566869	992	0.019149465307138
4	49617582	993	0.019137222556234
4	49668479	994	0.019125099894273
4	49719282	995	0.019108232878954
4	49769891	996	0.019096400910485
4	49820507	997	0.019080210622167
4	49871214	998	0.019065958377725
4	49921733	999	0.019049923938598
5	25538395	520	124500
5	25589692	521	123714
5	25640939	522	124357
5	25692004	523	123714
5	25743165	524	123642
5	25794242	525	123500
5	25845286	526	123642
5	25896363	527	123357
5	25947126	528	123142
5	25998251	529	122071
5	26048753	530	122214
5	26099933	531	124214
5	26151243	532	125642
5	26202604	533	125500
5	26253892	534	125928
5	26305271	535	125357
5	26356618	536	125214
5	26407769	537	123785
5	26458922	538	124500
5	26510124	539	123785
5	26561421	540	125571
5	26612432	541	124714
5	26662911	542	123214
5	26713746	543	122428
5	26764955	544	123500
5	26815939	545	121142
5	26866804	546	122000
5	26917910	547	122571
5	26968870	548	122642
5	27020130	549	123928
5	27071183	550	124000
5	27122548	551	124071
5	27173726	552	124071
5	27225054	553	124000
5	27275810	554	121928
5	27326843	555	123500
5	27377929	556	125785
5	27429487	557	125500
5	27480472	558	124500
5	27531563	559	124428
5	27582872	560	125142
5	27634227	561	125928
5	27685282	562	125142
5	27735916	563	123142
5	27786584	564	120214
5	27837252	565	120000
5	27888444	566	121142
5	27939165	567	118500
5	27989958	568	121071
5	28040779	569	120142
5	28091687	570	118285
5	28142182	571	116357
5	28192760	572	117500
5	28243443	573	117285
5	28293947	574	117071
5	28344836	575	120142
5	28395612	576	120500
5	28446436	577	120857
5	28497054	578	121714
5	28548266	579	122571
5	28599395	580	123000
5	28650526	581	123500
5	28701558	582	122428
5	28752605	583	122357
5	28803950	584	124642
5	28854959	585	123071
5	28906037	586	122714
5	28957039	587	123571
5	29008298	588	124428
5	29059535	589	124428
5	29110540	590	123500
5	29161763	591	124214
5	29213011	592	124428
5	29264396	593	124428
5	29315506	594	123785
5	29366644	595	123785
5	29417886	596	122071
5	29469015	597	125071
5	29520333	598	124785
5	29571401	599	123357
5	29622659	600	123357
5	29673849	601	124285
5	29725145	602	124571
5	29776319	603	124357
5	29827633	604	124285
5	29878569	605	122642
5	29929677	606	121928
5	29980707	607	122642
5	30031654	608	121642
5	30082646	609	120785
5	30133378	610	121571
5	30184443	611	121214
5	30235331	612	122857
5	30286172	613	122857
5	30337259	614	123642
5	30387975	615	123714
5	30439177	616	123714
5	30490272	617	123571
5	30541547	618	124357
5	30592847	619	125571
5	30644162	620	125928
5	30695278	621	125214
5	30746046	622	125500
5	30797144	623	126000
5	30848491	624	124785
5	30899649	625	125928
5	30950814	626	125428
5	31001942	627	124500
5	31053360	628	125285
5	31104725	629	125785
5	31155849	630	124571
5	31206870	631	121857
5	31257786	632	122571
5	31308900	633	121928
5	31360000	634	122571
5	31410725	635	122142
5	31461658	636	122142
5	31512752	637	122500
5	31563989	638	121142
5	31614875	639	120142
5	31665685	640	121357
5	31716788	641	121357
5	31767857	642	123000
5	31818924	643	123071
5	31869920	644	123500
5	31921299	645	123785
5	31972410	646	122142
5	32023395	647	123000
5	32074658	648	123857
5	32125750	649	122857
5	32176607	650	123000
5	32227590	651	122714
5	32277980	652	121214
5	32329122	653	121071
5	32379907	654	120928
5	32430598	655	120857
5	32481352	656	121928
5	32532072	657	123500
5	32582629	658	122285
5	32633452	659	120857
5	32684525	660	120785
5	32735408	661	121428
5	32785812	662	121285
5	32836794	663	122000
5	32887703	664	122928
5	32938770	665	122571
5	32989879	666	123214
5	33041040	667	122785
5	33092020	668	122642
5	33143205	669	124214
5	33194196	670	124214
5	33245447	671	122500
5	33295840	672	121785
5	33346934	673	121500
5	33397785	674	121285
5	33448896	675	121571
5	33499923	676	123142
5	33551051	677	124500
5	33602589	678	125500
5	33653613	679	126142
5	33705264	680	125285
5	33756181	681	124214
5	33807606	682	125214
5	33858725	683	126142
5	33909921	684	125428
5	33960858	685	125000
5	34011482	686	121428
5	34062484	687	121785
5	34113475	688	123357
5	34164695	689	124642
5	34215597	690	122714
5	34266751	691	122642
5	34317628	692	121928
5	34368634	693	121714
5	34419662	694	123214
5	34470780	695	123285
5	34521833	696	124142
5	34573078	697	123928
5	34624086	698	124571
5	34675463	699	122714
5	34725862	700	121428
5	34776770	701	121142
5	34827737	702	120928
5	34878501	703	119642
5	34929206	704	120000
5	34980142	705	121500
5	35031131	706	122142
5	35082244	707	122928
5	35133185	708	121285
5	35184052	709	121428
5	35235168	710	122000
5	35286043	711	121500
5	35336695	712	119500
5	35387665	713	121642
5	35437892	714	120857
5	35488852	715	120785
5	35539597	716	121500
5	35590606	717	121142
5	35641469	718	121357
5	35692434	719	121857
5	35743331	720	121142
5	35793989	721	121000
5	35845144	722	121714
5	35895823	723	121714
5	35946976	724	122500
5	35997942	725	121857
5	36048717	726	121285
5	36099874	727	122000
5	36150878	728	123785
5	36202102	729	124071
5	36253155	730	124214
5	36304579	731	125000
5	36355667	732	123357
5	36406743	733	123928
5	36458179	734	125714
5	36509687	735	124571
5	36560684	736	123571
5	36611895	737	122785
5	36662841	738	123142
5	36714077	739	122357
5	36765100	740	122285
5	36816321	741	123857
5	36867584	742	124071
5	36918727	743	124000
5	36969795	744	123928
5	37021080	745	123928
5	37072274	746	124571
5	37123488	747	125857
5	37174788	748	125071
5	37226088	749	123928
5	37277067	750	123642
5	37328200	751	123428
5	37379531	752	125285
5	37430674	753	124285
5	37481433	754	122428
5	37532736	755	122714
5	37583652	756	123571
5	37634970	757	124428
5	37686377	758	125214
5	37737432	759	124785
5	37788682	760	125357
5	37840003	761	124285
5	37891177	762	124571
5	37942501	763	125000
5	37993788	764	125428
5	38045041	765	125642
5	38096340	766	124642
5	38147569	767	125000
5	38198837	768	125000
5	38250244	769	125000
5	38301527	770	123642
5	38352563	771	125142
5	38403780	772	125500
5	38455212	773	125857
5	38506409	774	124928
5	38557468	775	125000
5	38608773	776	125857
5	38660141	777	124357
5	38711476	778	125642
5	38762515	779	124357
5	38813942	780	125785
5	38865166	781	125071
5	38916652	782	124571
5	38967340	783	123785
5	39018678	784	126000
5	39069979	785	125142
5	39121329	786	125285
5	39172344	787	125142
5	39223669	788	125428
5	39275028	789	125142
5	39326342	790	125285
5	39377475	791	123214
5	39428678	792	125642
5	39480022	793	126071
5	39531408	794	125142
5	39582128	795	124214
5	39633495	796	124571
5	39684034	797	122785
5	39735109	798	122642
5	39786109	799	122714
5	39837209	800	122642
5	39887874	801	122214
5	39938643	802	121642
5	39989258	803	120357
5	40040137	804	120357
5	40090719	805	118071
5	40141255	806	118500
5	40191886	807	119142
5	40242646	808	118714
5	40293081	809	117500
5	40343399	810	117857
5	40394143	811	118785
5	40444709	812	119857
5	40495473	813	118500
5	40546003	814	118500
5	40596817	815	118785
5	40647524	816	117857
5	40697915	817	118500
5	40748703	818	119714
5	40799601	819	121214
5	40850208	820	119428
5	40901047	821	120428
5	40951944	822	121142
5	41002888	823	122142
5	41053907	824	121642
5	41104724	825	120071
5	41155720	826	122357
5	41206610	827	120785
5	41257457	828	121357
5	41308503	829	123857
5	41359346	830	121142
5	41410010	831	117928
5	41460563	832	118357
5	41511350	833	118285
5	41561870	834	118071
5	41612489	835	119857
5	41663174	836	119285
5	41713833	837	119428
5	41764485	838	118500
5	41815062	839	116571
5	41865498	840	117500
5	41916303	841	119142
5	41966714	842	117642
5	42017147	843	117785
5	42067869	844	118357
5	42118299	845	116642
5	42168632	846	116857
5	42219212	847	117000
5	42269900	848	118642
5	42320229	849	118785
5	42370944	850	118214
5	42421621	851	117428
5	42471977	852	119571
5	42522842	853	119857
5	42573797	854	120285
5	42624360	855	119357
5	42675008	856	120285
5	42725805	857	119071
5	42776586	858	117928
5	42827043	859	117500
5	42877681	860	117428
5	42928364	861	117857
5	42978945	862	118857
5	43029610	863	116142
5	43080017	864	116214
5	43130650	865	117571
5	43181257	866	116928
5	43231689	867	116071
5	43282030	868	115857
5	43332429	869	117428
5	43382963	870	118071
5	43433627	871	117214
5	43484309	872	117214
5	43534702	873	118428
5	43585103	874	117571
5	43635979	875	117142
5	43686418	876	116928
5	43736713	877	117571
5	43787652	878	119071
5	43838486	879	119000
5	43888701	880	117500
5	43939557	881	118571
5	43990170	882	118714
5	44040875	883	120000
5	44091623	884	119142
5	44142392	885	118571
5	44193158	886	119142
5	44243862	887	118214
5	44294632	888	118285
5	44345025	889	117071
5	44395371	890	117642
5	44446309	891	120285
5	44497026	892	119214
5	44547812	893	119428
5	44598411	894	119785
5	44649259	895	121142
5	44700201	896	121428
5	44751030	897	119285
5	44801711	898	117642
5	44852291	899	116714
5	44902821	900	117214
5	44953518	901	117071
5	45003891	902	116857
5	45054624	903	118285
5	45104945	904	115285
5	45155447	905	116071
5	45205673	906	115857
5	45256286	907	116785
5	45306953	908	117642
5	45357515	909	117214
5	45407842	910	118571
5	45458866	911	121642
5	45509735	912	118857
5	45560190	913	117642
5	45610768	914	115928
5	45661149	915	117714
5	45711870	916	118000
5	45762248	917	116571
5	45812956	918	117642
5	45863325	919	116142
5	45913600	920	115785
5	45964175	921	116642
5	46014586	922	116285
5	46065208	923	118071
5	46115898	924	117142
5	46166355	925	118000
5	46217102	926	118642
5	46267479	927	115500
5	46317783	928	116000
5	46368474	929	117000
5	46419135	930	118000
5	46469424	931	119357
5	46520113	932	118071
5	46570584	933	117571
5	46621229	934	118285
5	46671870	935	118214
5	46722302	936	118571
5	46773144	937	119714
5	46823417	938	115714
5	46873984	939	117571
5	46924745	940	120571
5	46975710	941	121571
5	47026625	942	121571
5	47077580	943	122357
5	47128555	944	122000
5	47179350	945	120214
5	47229967	946	121500
5	47280737	947	120285
5	47331501	948	120071
5	47382459	949	121357
5	47433122	950	122714
5	47484280	951	123285
5	47535002	952	121428
5	47586033	953	122857
5	47636982	954	122642
5	47687841	955	123500
5	47739102	956	122785
5	47789801	957	122428
5	47840714	958	122642
5	47891684	959	121571
5	47942323	960	119000
5	47992972	961	121285
5	48043556	962	120500
5	48094045	963	122428
5	48145064	964	122785
5	48196031	965	122500
5	48247172	966	123071
5	48297994	967	122000
5	48348825	968	122000
5	48399627	969	121857
5	48450187	970	121214
5	48500808	971	120714
5	48551471	972	121928
5	48602455	973	122571
5	48653084	974	122571
5	48703875	975	122071
5	48754738	976	122071
5	48805578	977	122142
5	48856242	978	122500
5	48907053	979	122214
5	48957623	980	122785
5	49008732	981	121857
5	49058965	982	120785
5	49109642	983	121857
5	49160526	984	120571
5	49211291	985	122214
5	49262476	986	122357
5	49313385	987	122428
5	49364127	988	121285
5	49414804	989	121071
5	49465745	990	121142
5	49516451	991	118714
5	49566870	992	118000
5	49617583	993	120571
5	49668480	994	121928
5	49719283	995	121857
5	49769892	996	120928
5	49820508	997	119428
5	49871215	998	118928
5	49921734	999	118000
6	27071181	550	20
6	29622657	600	20
6	32176605	650	20
6	34725860	700	20
6	37277065	750	20
6	39837207	800	20
6	42370942	850	20
6	44902819	900	20
6	47433120	950	20
6	49972252	1000	20
7	27071181	550	0
7	29622657	600	0
7	32176605	650	0
7	34725860	700	0
7	37277065	750	0
7	39837207	800	0
7	42370942	850	0
7	44902819	900	0
7	47433120	950	0
7	49972252	1000	0
