version 2
run PerfectCC-3-20100906-00:52:15-1188
attr configname PerfectCC
attr datetime 20100906-00:52:15
attr experiment PerfectCC
attr inifile D:/Developement/Oversim2/multic/simulations/omnetpp.ini
attr iterationvars $mpeers=99
attr iterationvars2 "$mpeers=99, $repetition=0"
attr measurement $mpeers=99
attr mpeers 99
attr network oversim.underlay.simpleunderlay.SimpleUnderlayNetwork
attr processid 1188
attr repetition 0
attr replication #0
attr resultdir results
attr runnumber 3
attr seedset 3

vector 1  SimpleUnderlayNetwork.globalObserver.globalStatistics  incoming_bytes  ETV
vector 2  SimpleUnderlayNetwork.globalObserver.globalStatistics  drops  ETV
vector 3  SimpleUnderlayNetwork.globalObserver.globalStatistics  delayed_acks  ETV
vector 4  SimpleUnderlayNetwork.globalObserver.globalStatistics  timetotimeouts  ETV
vector 5  SimpleUnderlayNetwork.globalObserver.globalStatistics  rate  ETV
vector 6  SimpleUnderlayNetwork.globalObserver.globalStatistics  "GlobalNodeList: Number of nodes"  ETV
vector 7  SimpleUnderlayNetwork.globalObserver.globalStatistics  "GlobalNodeList: Number of bootstrapped malicious nodes"  ETV
1	64015569	248	455747
1	64441528	249	459669
1	64867394	250	458291
1	65292680	251	458291
1	65719167	252	460252
1	66144735	253	457125
1	66569766	254	457178
1	66995079	255	457920
1	67421083	256	459828
1	67846791	257	456701
1	68272740	258	459722
1	68698830	259	459457
1	69125063	260	459669
1	69550234	261	456807
1	69976360	262	459934
1	70402454	263	458662
1	70828710	264	459881
1	71253678	265	456542
1	71680457	266	460782
1	72106489	267	458556
1	72532116	268	458397
1	72957003	269	455853
1	73382462	270	458238
1	73808090	271	458980
1	74233494	272	456754
1	74660411	273	461418
1	75086548	274	459457
1	75512356	275	457072
1	75938031	276	458026
1	76362609	277	455853
1	76789138	278	460411
1	77215076	279	458874
1	77640788	280	458927
1	78064329	281	452938
1	78489514	282	457549
1	78915203	283	458980
1	79340232	284	455588
1	79764323	285	456330
1	80191146	286	460199
1	80615833	287	455376
1	81040477	288	456436
1	81465932	289	457973
1	81892600	290	460040
1	82317385	291	457284
1	82743085	292	457814
1	83167863	293	455906
1	83593702	294	457761
1	84019140	295	457708
1	84444920	296	457973
1	84870948	297	457284
1	85295583	298	456012
1	85722234	299	460835
1	86147880	300	459086
1	86573478	301	458079
1	86999909	302	460835
1	87424954	303	456542
1	87850812	304	459351
1	88277141	305	459139
1	88702599	306	458503
1	89126380	307	453309
1	89550503	308	454846
1	89975500	309	456754
1	90401062	310	458397
1	90826458	311	458132
1	91252542	312	457761
1	91677235	313	455376
1	92103267	314	460040
1	92528531	315	458079
1	92954044	316	456277
1	93378294	317	455164
1	93803963	318	458768
1	94229824	319	458821
1	94656028	320	460252
1	95081606	321	456595
1	95507896	322	460040
1	95933115	323	456913
1	96358955	324	458397
1	96784813	325	459245
1	97211054	326	459033
1	97636755	327	458503
1	98061706	328	456224
1	98486339	329	456754
1	98912667	330	459351
1	99337160	331	454846
1	99763344	332	458980
1	100189253	333	460888
1	100616082	334	460517
1	101041303	335	457602
1	101467991	336	459669
1	101893118	337	457443
1	102319467	338	459616
1	102743972	339	455694
1	103169387	340	457231
1	103595685	341	460676
1	104020429	342	455747
1	104445050	343	456330
1	104870230	344	456701
1	105295816	345	459245
1	105721156	346	457072
1	106146574	347	457125
1	106571274	348	457920
1	106998308	349	460464
1	107422777	350	455058
1	107847814	351	458662
1	108274095	352	458768
1	108699503	353	458238
1	109124126	354	455853
1	109549522	355	457284
1	109974697	356	457708
1	110399573	357	456860
1	110825577	358	459351
1	111251171	359	457867
1	111677136	360	459722
1	112102525	361	457602
1	112528419	362	458662
1	112955200	363	460146
1	113379722	364	456383
1	113805975	365	458980
1	114231029	366	456118
1	114656845	367	458556
1	115081878	368	456860
1	115508294	369	459934
1	115932732	370	455111
1	116357105	371	456383
1	116783227	372	459351
1	117209286	373	460464
1	117634358	374	455906
1	118059822	375	458132
1	118485788	376	459510
1	118911614	377	458874
1	119336813	378	456860
1	119763057	379	461206
1	120189305	380	458556
1	120615103	381	459722
1	121039317	382	454051
1	121464106	383	456489
1	121888268	384	455164
1	122313204	385	456277
1	122738084	386	455906
1	123161816	387	454899
1	123588751	388	461365
1	124013071	389	454846
1	124439494	390	459616
1	124865893	391	461630
1	125290697	392	455429
1	125714335	393	453309
1	126140036	394	458397
1	126563620	395	453680
1	126988716	396	457655
1	127413020	397	454952
1	127836862	398	454210
1	128261805	399	456277
1	128687458	400	459616
1	129111929	401	455217
1	129538059	402	459616
1	129962346	403	455535
1	130388215	404	458821
1	130814567	405	459457
1	131240143	406	458927
1	131666553	407	459881
1	132091816	408	456807
1	132518097	409	459669
1	132942738	410	455270
1	133367874	411	455588
1	133792969	412	457390
1	134218901	413	459139
1	134644956	414	458927
1	135071677	415	459457
1	135497451	416	459351
1	135923294	417	458609
1	136349023	418	458768
1	136775427	419	459086
1	137201492	420	459934
1	137626808	421	457973
1	138053066	422	459616
1	138478754	423	458609
1	138905628	424	459987
1	139331822	425	460252
1	139757681	426	457655
1	140184154	427	459934
1	140609781	428	458079
1	141035643	429	458503
1	141460621	430	456012
1	141887086	431	461206
1	142312618	432	457019
1	142739594	433	462266
1	143164660	434	456383
1	143591481	435	460782
1	144017054	436	457708
1	144442372	437	455959
1	144867624	438	459086
1	145293548	439	458715
1	145719937	440	459616
1	146144205	441	455376
1	146569884	442	460517
1	146994625	443	455482
1	147418890	444	454634
1	147845280	445	461312
1	148271745	446	458556
1	148695812	447	455800
1	149122989	448	462319
1	149548656	449	458503
1	149975168	450	459457
1	150400694	451	458079
1	150826746	452	459563
1	151251657	453	455376
1	151675902	454	455058
1	152101060	455	456966
1	152526770	456	459033
1	152951193	457	456648
1	153376969	458	457973
1	153801812	459	456171
1	154227407	460	458609
1	154652102	461	456860
1	155076070	462	453256
1	155501297	463	458397
1	155924781	464	452779
1	156350493	465	458715
1	156775739	466	456807
1	157200853	467	458185
1	157626557	468	457284
1	158051582	469	458185
1	158477064	470	457814
1	158903882	471	461842
1	159329038	472	456595
1	159755137	473	458768
1	160180423	474	457602
1	160606650	475	459563
1	161032780	476	459404
1	161458692	477	458503
1	161885280	478	461047
1	162311038	479	457655
1	162737391	480	459669
1	163161068	481	453945
1	163587201	482	459669
1	164013248	483	459245
1	164439202	484	459881
1	164865985	485	459139
1	165291322	486	457708
1	165716324	487	457072
1	166143193	488	461312
1	166568030	489	456436
1	166993471	490	457761
1	167418547	491	456277
1	167843642	492	456595
1	168269010	493	458185
1	168694954	494	458927
1	169121311	495	461630
1	169546476	496	457443
1	169973040	497	459828
1	170397417	498	454793
1	170823626	499	460252
1	171247396	500	453415
1	171672884	501	457602
1	172098900	502	458344
1	172524546	503	457231
1	172949033	504	457496
1	173373675	505	454581
1	173799154	506	459245
1	174224923	507	458291
1	174649377	508	454846
1	175075186	509	458609
1	175501018	510	459245
1	175925798	511	456436
1	176351380	512	457814
1	176777548	513	459828
1	177202152	514	456383
1	177629222	515	460570
1	178054565	516	457231
1	178480072	517	458132
1	178904938	518	456860
1	179331801	519	460729
1	179755855	520	453945
1	180182325	521	460994
1	180607860	522	457655
1	181033511	523	457814
1	181460247	524	459987
1	181884782	525	455853
1	182309460	526	455058
1	182734895	527	458238
1	183160115	528	457973
1	183586470	529	459404
1	184011871	530	458450
1	184437182	531	457602
1	184863225	532	459139
1	185288076	533	455111
1	185712579	534	455164
1	186138477	535	459086
1	186563893	536	457496
1	186988733	537	455588
1	187413995	538	456595
1	187838174	539	454899
1	188264017	540	458768
1	188689753	541	458874
1	189115127	542	457231
1	189541682	543	460464
1	189967341	544	458344
1	190393110	545	458291
1	190819218	546	459669
1	191245942	547	459881
1	191671951	548	459033
1	192098455	549	460040
1	192524574	550	459139
1	192950544	551	459192
1	193376655	552	458821
1	193801137	553	456012
1	194227269	554	458874
1	194651159	555	454369
1	195076500	556	456489
1	195502668	557	459192
1	195927755	558	457708
1	196353682	559	457443
1	196779525	560	458874
1	197206004	561	461047
1	197632499	562	460570
1	198059279	563	460358
1	198485067	564	458609
1	198910480	565	456648
1	199336438	566	459351
1	199763148	567	461312
1	200188788	568	458185
1	200615313	569	459351
1	201041485	570	459139
1	201466549	571	456754
1	201893736	572	460994
1	202319248	573	458238
1	202745166	574	458821
1	203171159	575	458026
1	203596963	576	459457
1	204022559	577	457496
1	204447301	578	455694
1	204872722	579	458609
1	205298306	580	458238
1	205724413	581	458079
1	206148520	582	454581
1	206573922	583	457178
1	206998362	584	455906
1	207423396	585	455800
1	207847837	586	455270
1	208273232	587	458238
1	208696859	588	453468
1	209122457	589	458291
1	209547268	590	456065
1	209972837	591	457973
1	210397854	592	455641
1	210822111	593	456277
1	211248084	594	458821
1	211672384	595	455641
1	212098128	596	458344
1	212523413	597	458079
1	212949429	598	458503
1	213374562	599	456012
1	213800653	600	459245
1	214226316	601	457496
1	214652556	602	459616
1	215078840	603	460994
1	215504609	604	459298
1	215930146	605	457602
1	216355121	606	457549
1	216782164	607	461259
1	217208234	608	458662
1	217632453	609	453680
1	218057910	610	457920
1	218482311	611	454528
1	218907560	612	458662
1	219334604	613	460411
1	219759980	614	456542
1	220186611	615	462584
1	220611466	616	455376
1	221037236	617	458927
1	221463438	618	459934
1	221888056	619	456224
1	222315111	620	462160
1	222740918	621	459351
1	223167582	622	460146
1	223593093	623	458079
1	224019570	624	459616
1	224445013	625	457761
1	224871726	626	461153
1	225296762	627	456754
1	225722233	628	457655
1	226147924	629	458662
1	226574394	630	460623
1	226999818	631	456807
1	227426222	632	460570
1	227851756	633	458503
1	228278941	634	461312
1	228705621	635	460093
1	229129710	636	454157
1	229554820	637	456595
1	229980607	638	458185
1	230406895	639	460941
1	230833574	640	461842
1	231259178	641	456966
1	231685043	642	457496
1	232110605	643	458079
1	232537422	644	462001
1	232963420	645	459245
1	233389654	646	459139
1	233815583	647	458291
1	234241318	648	458556
1	234667374	649	459245
1	235091613	650	454687
1	235517911	651	460146
1	235941879	652	453256
1	236368036	653	460623
1	236794044	654	458662
1	237220357	655	460252
1	237647189	656	460729
1	238072388	657	457072
1	238498090	658	458927
1	238923827	659	457814
1	239348693	660	455641
1	239774663	661	459404
1	240200695	662	458980
1	240625005	663	454157
1	241051047	664	458344
1	241476295	665	457761
1	241901290	666	457178
1	242326440	667	456330
1	242751420	668	455641
1	243175679	669	454793
1	243601878	670	460358
1	244028546	671	459616
1	244453868	672	457496
1	244879006	673	457443
1	245304811	674	459086
1	245731668	675	461365
1	246157373	676	457761
1	246584802	677	462584
1	247010201	678	458185
1	247435337	679	457973
1	247860989	680	456860
1	248285875	681	456807
1	248710052	682	453892
1	249136115	683	459934
1	249562342	684	460411
1	249986835	685	453680
1	250413177	686	460570
1	250837757	687	454846
1	251262919	688	457655
1	251687969	689	455747
1	252112951	690	457178
1	252539010	691	459192
1	252964882	692	458715
1	253390164	693	456383
1	253816192	694	459404
1	254241197	695	455906
1	254666041	696	456648
1	255091260	697	456648
1	255518343	698	461418
1	255944091	699	458238
1	256370295	700	459934
1	256795071	701	456754
1	257221141	702	459351
1	257646357	703	456860
1	258072636	704	459775
1	258499034	705	460464
1	258925280	706	459828
1	259351208	707	457920
1	259775302	708	454740
1	260200516	709	457337
1	260625316	710	455535
1	261051719	711	459669
1	261476789	712	457178
1	261902833	713	460411
1	262328872	714	458344
1	262755341	715	459775
1	263180931	716	460040
1	263606124	717	456224
1	264032137	718	459775
1	264457117	719	456383
1	264882217	720	457284
1	265309566	721	462690
1	265734573	722	455588
1	266158770	723	454475
1	266584726	724	459245
1	267010019	725	457443
1	267436373	726	460252
1	267862551	727	459298
1	268288294	728	457602
1	268714606	729	460517
1	269139727	730	456754
1	269564906	731	456383
1	269992324	732	463538
1	270417391	733	455217
1	270842571	734	457337
1	271268613	735	459351
1	271693074	736	455747
1	272119440	737	460040
1	272544438	738	457125
1	272970436	739	458768
1	273395162	740	455323
1	273820030	741	457496
1	274245921	742	458662
1	274670274	743	455270
1	275095404	744	458503
1	275521390	745	458079
1	275946710	746	457390
1	276374182	747	462584
1	276799768	748	458556
1	277224392	749	454899
1	277650171	750	459404
1	278074514	751	456171
1	278501542	752	461683
1	278926312	753	454422
1	279351995	754	459192
1	279779077	755	460782
1	280205602	756	460464
1	280629384	757	453627
1	281055787	758	460146
1	281481465	759	458609
1	281906120	760	455588
1	282333876	761	462531
1	282759659	762	458291
1	283184750	763	457390
1	283610492	764	458132
1	284035552	765	459245
1	284462691	766	461630
1	284888098	767	456277
1	285314169	768	459616
1	285740381	769	459616
1	286165906	770	457602
1	286592245	771	460676
1	287016605	772	454846
1	287442225	773	457231
1	287868215	774	459722
1	288293010	775	455853
1	288718578	776	457443
1	289145540	777	460729
1	289571847	778	460093
1	289996953	779	456383
1	290423861	780	461842
1	290849798	781	459139
1	291275048	782	456330
1	291700168	783	457072
1	292127557	784	462425
1	292552498	785	456542
1	292978137	786	457231
1	293403799	787	458344
1	293828911	788	457867
1	294254531	789	458079
1	294680702	790	460517
1	295106611	791	456913
1	295530273	792	453468
1	295957625	793	464227
1	296383136	794	456648
1	296807708	795	456754
1	297232961	796	457814
1	297659174	797	458768
1	298085486	798	459669
1	298511559	799	460252
1	298937855	800	459033
1	299362249	801	455058
1	299787487	802	457920
1	300210996	803	453415
1	300635609	804	455959
1	301061371	805	458450
1	301488012	806	461365
1	301912721	807	454846
1	302338219	808	459457
1	302763249	809	455906
1	303188461	810	456489
1	303614512	811	459722
1	304040653	812	458768
1	304465857	813	456807
1	304891521	814	458821
1	305318022	815	459828
1	305742985	816	456595
1	306169018	817	459510
1	306595011	818	459722
1	307019765	819	456701
1	307446112	820	458980
1	307871401	821	455217
1	308296352	822	456595
1	308721068	823	455747
1	309146102	824	456913
1	309570268	825	455005
1	309995642	826	458344
1	310421351	827	457814
1	310846969	828	458185
1	311270758	829	452938
1	311697651	830	461842
1	312122308	831	456489
1	312547873	832	458238
1	312973046	833	457549
1	313398514	834	458026
1	313823459	835	456754
1	314248873	836	457549
1	314674183	837	457496
1	315098828	838	456542
1	315525265	839	459563
1	315951177	840	459881
1	316376841	841	457549
1	316803048	842	458980
1	317228327	843	457443
1	317654597	844	459192
1	318080796	845	459404
1	318506087	846	456595
1	318932227	847	460252
1	319358482	848	460305
1	319783236	849	455058
1	320209029	850	458450
1	320635402	851	459881
1	321059630	852	454687
1	321486254	853	460517
1	321912477	854	459457
1	322337395	855	457761
1	322764032	856	460411
1	323191180	857	461312
1	323616881	858	458821
1	324043377	859	459722
1	324470214	860	460888
1	324895304	861	457072
1	325322149	862	460040
1	325747610	863	457549
1	326174177	864	461206
1	326601158	865	461312
1	327025998	866	455323
1	327451134	867	456966
1	327876532	868	457337
1	328302106	869	457708
1	328727926	870	459934
1	329153799	871	458344
1	329578582	872	455005
1	330003948	873	458185
1	330427953	874	451931
1	330851466	875	453680
1	331276618	876	457178
1	331704270	877	462955
1	332131110	878	461365
1	332557738	879	459775
1	332983565	880	458450
1	333410212	881	460146
1	333834615	882	453680
1	334260674	883	461206
1	334686655	884	460040
1	335113568	885	459298
1	335537962	886	455853
1	335965106	887	462001
1	336389391	888	453521
1	336814304	889	457231
1	337240662	890	459669
1	337665630	891	456701
1	338092114	892	459616
1	338517478	893	458556
1	338942354	894	456277
1	339367457	895	456648
1	339792853	896	457708
1	340219247	897	460676
1	340645759	898	459987
1	341071762	899	458609
1	341496827	900	457178
1	341921614	901	456489
1	342347564	902	458874
1	342772103	903	456595
1	343198796	904	460411
1	343624389	905	457284
1	344050207	906	458397
1	344475467	907	457125
1	344901699	908	460252
1	345327513	909	457708
1	345752422	910	457496
1	346178073	911	457973
1	346603950	912	457973
1	347028572	913	454422
1	347453440	914	456754
1	347879123	915	458503
1	348304999	916	458450
1	348730582	917	457973
1	349155612	918	457231
1	349580944	919	457072
1	350006385	920	457761
1	350432938	921	459616
1	350858496	922	458556
1	351284264	923	458450
1	351708758	924	455058
1	352133914	925	458874
1	352561484	926	460994
1	352985699	927	455800
1	353411567	928	458980
1	353834917	929	452355
1	354259325	930	454687
1	354684898	931	458185
1	355109252	932	456118
1	355534125	933	456913
1	355960079	934	459245
1	356386992	935	460146
1	356812910	936	458609
1	357238640	937	457973
1	357664424	938	457920
1	358089268	939	457814
1	358515773	940	460517
1	358940027	941	455270
1	359365317	942	458397
1	359792440	943	460305
1	360217146	944	455482
1	360643539	945	460358
1	361069891	946	459298
1	361495052	947	456277
1	361919878	948	457072
1	362345851	949	458556
1	362771358	950	459245
1	363198137	951	459669
1	363622382	952	453839
1	364048128	953	458980
1	364473453	954	456860
1	364898154	955	456224
1	365323622	956	458344
1	365749110	957	456807
1	366175486	958	460146
1	366601131	959	458980
1	367027424	960	459298
1	367453621	961	459033
1	367879924	962	459828
1	368306090	963	458026
1	368732171	964	458556
1	369157102	965	457761
1	369583639	966	459616
1	370010012	967	459881
1	370435484	968	458132
1	370860680	969	456330
1	371285727	970	455694
1	371712175	971	460252
1	372138157	972	459298
1	372564106	973	459722
1	372989197	974	456754
1	373414918	975	457337
1	373839924	976	458291
1	374266798	977	459669
1	374691140	978	455482
1	375117565	979	459298
1	375542719	980	456701
1	375967215	981	456383
1	376394062	982	460676
1	376819978	983	458715
1	377247405	984	461895
1	377672543	985	456807
1	378098752	986	459987
1	378523914	987	456277
1	378951101	988	461948
1	379376011	989	456542
1	379801570	990	457337
1	380227557	991	459245
1	380651331	992	453044
1	381078357	993	462372
1	381504000	994	457814
1	381930635	995	459457
1	382356843	996	458715
1	382783031	997	460835
1	383209123	998	459404
1	383634311	999	455111
2	64015569	248	122
2	64441528	249	131
2	64867394	250	198
2	65292680	251	96
2	65719167	252	200
2	66144735	253	165
2	66569766	254	163
2	66995079	255	165
2	67421083	256	142
2	67846791	257	131
2	68272740	258	140
2	68698830	259	128
2	69125063	260	175
2	69550234	261	105
2	69976360	262	155
2	70402454	263	132
2	70828710	264	179
2	71253678	265	145
2	71680457	266	131
2	72106489	267	173
2	72532116	268	165
2	72957003	269	154
2	73382462	270	132
2	73808090	271	171
2	74233494	272	100
2	74660411	273	148
2	75086548	274	169
2	75512356	275	168
2	75938031	276	210
2	76362609	277	138
2	76789138	278	171
2	77215076	279	133
2	77640788	280	188
2	78064329	281	170
2	78489514	282	148
2	78915203	283	170
2	79340232	284	169
2	79764323	285	137
2	80191146	286	197
2	80615833	287	207
2	81040477	288	141
2	81465932	289	135
2	81892600	290	174
2	82317385	291	176
2	82743085	292	204
2	83167863	293	172
2	83593702	294	186
2	84019140	295	170
2	84444920	296	180
2	84870948	297	226
2	85295583	298	130
2	85722234	299	144
2	86147880	300	161
2	86573478	301	124
2	86999909	302	192
2	87424954	303	151
2	87850812	304	148
2	88277141	305	138
2	88702599	306	213
2	89126380	307	171
2	89550503	308	188
2	89975500	309	141
2	90401062	310	161
2	90826458	311	168
2	91252542	312	208
2	91677235	313	142
2	92103267	314	143
2	92528531	315	169
2	92954044	316	191
2	93378294	317	177
2	93803963	318	137
2	94229824	319	130
2	94656028	320	182
2	95081606	321	124
2	95507896	322	174
2	95933115	323	162
2	96358955	324	145
2	96784813	325	145
2	97211054	326	158
2	97636755	327	191
2	98061706	328	185
2	98486339	329	109
2	98912667	330	209
2	99337160	331	125
2	99763344	332	129
2	100189253	333	114
2	100616082	334	171
2	101041303	335	124
2	101467991	336	167
2	101893118	337	118
2	102319467	338	175
2	102743972	339	151
2	103169387	340	130
2	103595685	341	148
2	104020429	342	194
2	104445050	343	142
2	104870230	344	138
2	105295816	345	142
2	105721156	346	165
2	106146574	347	149
2	106571274	348	85
2	106998308	349	210
2	107422777	350	108
2	107847814	351	108
2	108274095	352	147
2	108699503	353	167
2	109124126	354	167
2	109549522	355	145
2	109974697	356	171
2	110399573	357	120
2	110825577	358	134
2	111251171	359	134
2	111677136	360	172
2	112102525	361	146
2	112528419	362	130
2	112955200	363	177
2	113379722	364	120
2	113805975	365	203
2	114231029	366	147
2	114656845	367	176
2	115081878	368	128
2	115508294	369	175
2	115932732	370	161
2	116357105	371	133
2	116783227	372	97
2	117209286	373	195
2	117634358	374	130
2	118059822	375	132
2	118485788	376	160
2	118911614	377	140
2	119336813	378	109
2	119763057	379	156
2	120189305	380	89
2	120615103	381	210
2	121039317	382	160
2	121464106	383	163
2	121888268	384	170
2	122313204	385	182
2	122738084	386	190
2	123161816	387	107
2	123588751	388	193
2	124013071	389	134
2	124439494	390	105
2	124865893	391	181
2	125290697	392	216
2	125714335	393	160
2	126140036	394	207
2	126563620	395	130
2	126988716	396	171
2	127413020	397	186
2	127836862	398	162
2	128261805	399	92
2	128687458	400	161
2	129111929	401	116
2	129538059	402	160
2	129962346	403	139
2	130388215	404	126
2	130814567	405	122
2	131240143	406	129
2	131666553	407	155
2	132091816	408	132
2	132518097	409	211
2	132942738	410	217
2	133367874	411	171
2	133792969	412	172
2	134218901	413	149
2	134644956	414	148
2	135071677	415	150
2	135497451	416	134
2	135923294	417	179
2	136349023	418	154
2	136775427	419	142
2	137201492	420	146
2	137626808	421	139
2	138053066	422	141
2	138478754	423	123
2	138905628	424	138
2	139331822	425	177
2	139757681	426	136
2	140184154	427	165
2	140609781	428	136
2	141035643	429	203
2	141460621	430	117
2	141887086	431	188
2	142312618	432	102
2	142739594	433	204
2	143164660	434	104
2	143591481	435	185
2	144017054	436	202
2	144442372	437	151
2	144867624	438	145
2	145293548	439	150
2	145719937	440	195
2	146144205	441	130
2	146569884	442	130
2	146994625	443	181
2	147418890	444	132
2	147845280	445	147
2	148271745	446	168
2	148695812	447	109
2	149122989	448	134
2	149548656	449	125
2	149975168	450	133
2	150400694	451	142
2	150826746	452	176
2	151251657	453	208
2	151675902	454	172
2	152101060	455	127
2	152526770	456	201
2	152951193	457	128
2	153376969	458	174
2	153801812	459	119
2	154227407	460	133
2	154652102	461	196
2	155076070	462	132
2	155501297	463	218
2	155924781	464	160
2	156350493	465	175
2	156775739	466	133
2	157200853	467	137
2	157626557	468	155
2	158051582	469	132
2	158477064	470	81
2	158903882	471	176
2	159329038	472	151
2	159755137	473	177
2	160180423	474	129
2	160606650	475	151
2	161032780	476	150
2	161458692	477	116
2	161885280	478	168
2	162311038	479	114
2	162737391	480	246
2	163161068	481	130
2	163587201	482	130
2	164013248	483	143
2	164439202	484	137
2	164865985	485	180
2	165291322	486	178
2	165716324	487	97
2	166143193	488	174
2	166568030	489	148
2	166993471	490	179
2	167418547	491	187
2	167843642	492	166
2	168269010	493	147
2	168694954	494	100
2	169121311	495	140
2	169546476	496	121
2	169973040	497	191
2	170397417	498	105
2	170823626	499	202
2	171247396	500	165
2	171672884	501	132
2	172098900	502	146
2	172524546	503	147
2	172949033	504	186
2	173373675	505	123
2	173799154	506	144
2	174224923	507	190
2	174649377	508	172
2	175075186	509	140
2	175501018	510	158
2	175925798	511	127
2	176351380	512	142
2	176777548	513	194
2	177202152	514	120
2	177629222	515	188
2	178054565	516	179
2	178480072	517	151
2	178904938	518	119
2	179331801	519	212
2	179755855	520	120
2	180182325	521	173
2	180607860	522	175
2	181033511	523	131
2	181460247	524	205
2	181884782	525	196
2	182309460	526	155
2	182734895	527	156
2	183160115	528	143
2	183586470	529	136
2	184011871	530	176
2	184437182	531	155
2	184863225	532	200
2	185288076	533	231
2	185712579	534	153
2	186138477	535	183
2	186563893	536	206
2	186988733	537	204
2	187413995	538	198
2	187838174	539	137
2	188264017	540	133
2	188689753	541	151
2	189115127	542	128
2	189541682	543	148
2	189967341	544	170
2	190393110	545	135
2	190819218	546	142
2	191245942	547	145
2	191671951	548	140
2	192098455	549	156
2	192524574	550	137
2	192950544	551	148
2	193376655	552	215
2	193801137	553	126
2	194227269	554	270
2	194651159	555	181
2	195076500	556	181
2	195502668	557	179
2	195927755	558	167
2	196353682	559	143
2	196779525	560	98
2	197206004	561	120
2	197632499	562	130
2	198059279	563	138
2	198485067	564	195
2	198910480	565	129
2	199336438	566	108
2	199763148	567	154
2	200188788	568	155
2	200615313	569	157
2	201041485	570	190
2	201466549	571	95
2	201893736	572	192
2	202319248	573	169
2	202745166	574	168
2	203171159	575	131
2	203596963	576	173
2	204022559	577	204
2	204447301	578	159
2	204872722	579	131
2	205298306	580	158
2	205724413	581	217
2	206148520	582	181
2	206573922	583	185
2	206998362	584	205
2	207423396	585	225
2	207847837	586	165
2	208273232	587	225
2	208696859	588	172
2	209122457	589	187
2	209547268	590	173
2	209972837	591	176
2	210397854	592	183
2	210822111	593	121
2	211248084	594	192
2	211672384	595	167
2	212098128	596	167
2	212523413	597	137
2	212949429	598	183
2	213374562	599	167
2	213800653	600	197
2	214226316	601	118
2	214652556	602	129
2	215078840	603	139
2	215504609	604	155
2	215930146	605	150
2	216355121	606	95
2	216782164	607	145
2	217208234	608	257
2	217632453	609	159
2	218057910	610	213
2	218482311	611	154
2	218907560	612	121
2	219334604	613	178
2	219759980	614	102
2	220186611	615	171
2	220611466	616	150
2	221037236	617	117
2	221463438	618	179
2	221888056	619	79
2	222315111	620	152
2	222740918	621	134
2	223167582	622	151
2	223593093	623	152
2	224019570	624	157
2	224445013	625	104
2	224871726	626	161
2	225296762	627	153
2	225722233	628	158
2	226147924	629	121
2	226574394	630	188
2	226999818	631	125
2	227426222	632	141
2	227851756	633	121
2	228278941	634	127
2	228705621	635	239
2	229129710	636	205
2	229554820	637	158
2	229980607	638	121
2	230406895	639	94
2	230833574	640	170
2	231259178	641	181
2	231685043	642	179
2	232110605	643	113
2	232537422	644	157
2	232963420	645	142
2	233389654	646	155
2	233815583	647	146
2	234241318	648	144
2	234667374	649	200
2	235091613	650	129
2	235517911	651	207
2	235941879	652	125
2	236368036	653	134
2	236794044	654	106
2	237220357	655	111
2	237647189	656	150
2	238072388	657	152
2	238498090	658	144
2	238923827	659	215
2	239348693	660	149
2	239774663	661	150
2	240200695	662	216
2	240625005	663	172
2	241051047	664	184
2	241476295	665	170
2	241901290	666	189
2	242326440	667	227
2	242751420	668	231
2	243175679	669	115
2	243601878	670	134
2	244028546	671	198
2	244453868	672	179
2	244879006	673	140
2	245304811	674	109
2	245731668	675	148
2	246157373	676	90
2	246584802	677	147
2	247010201	678	186
2	247435337	679	169
2	247860989	680	190
2	248285875	681	207
2	248710052	682	138
2	249136115	683	122
2	249562342	684	209
2	249986835	685	127
2	250413177	686	213
2	250837757	687	165
2	251262919	688	216
2	251687969	689	191
2	252112951	690	127
2	252539010	691	162
2	252964882	692	198
2	253390164	693	158
2	253816192	694	205
2	254241197	695	187
2	254666041	696	213
2	255091260	697	114
2	255518343	698	163
2	255944091	699	114
2	256370295	700	187
2	256795071	701	143
2	257221141	702	179
2	257646357	703	136
2	258072636	704	114
2	258499034	705	121
2	258925280	706	159
2	259351208	707	250
2	259775302	708	182
2	260200516	709	169
2	260625316	710	139
2	261051719	711	180
2	261476789	712	124
2	261902833	713	137
2	262328872	714	135
2	262755341	715	125
2	263180931	716	165
2	263606124	717	121
2	264032137	718	203
2	264457117	719	183
2	264882217	720	91
2	265309566	721	206
2	265734573	722	219
2	266158770	723	152
2	266584726	724	180
2	267010019	725	130
2	267436373	726	135
2	267862551	727	183
2	268288294	728	119
2	268714606	729	176
2	269139727	730	177
2	269564906	731	69
2	269992324	732	184
2	270417391	733	171
2	270842571	734	127
2	271268613	735	191
2	271693074	736	102
2	272119440	737	156
2	272544438	738	134
2	272970436	739	203
2	273395162	740	161
2	273820030	741	138
2	274245921	742	175
2	274670274	743	116
2	275095404	744	118
2	275521390	745	175
2	275946710	746	100
2	276374182	747	142
2	276799768	748	204
2	277224392	749	134
2	277650171	750	164
2	278074514	751	108
2	278501542	752	224
2	278926312	753	154
2	279351995	754	131
2	279779077	755	119
2	280205602	756	217
2	280629384	757	109
2	281055787	758	157
2	281481465	759	224
2	281906120	760	95
2	282333876	761	149
2	282759659	762	160
2	283184750	763	144
2	283610492	764	130
2	284035552	765	112
2	284462691	766	173
2	284888098	767	146
2	285314169	768	142
2	285740381	769	157
2	286165906	770	102
2	286592245	771	215
2	287016605	772	190
2	287442225	773	145
2	287868215	774	184
2	288293010	775	186
2	288718578	776	129
2	289145540	777	128
2	289571847	778	203
2	289996953	779	97
2	290423861	780	147
2	290849798	781	205
2	291275048	782	184
2	291700168	783	97
2	292127557	784	168
2	292552498	785	175
2	292978137	786	155
2	293403799	787	173
2	293828911	788	164
2	294254531	789	90
2	294680702	790	174
2	295106611	791	214
2	295530273	792	70
2	295957625	793	172
2	296383136	794	131
2	296807708	795	156
2	297232961	796	157
2	297659174	797	146
2	298085486	798	126
2	298511559	799	134
2	298937855	800	194
2	299362249	801	153
2	299787487	802	195
2	300210996	803	164
2	300635609	804	152
2	301061371	805	117
2	301488012	806	185
2	301912721	807	119
2	302338219	808	172
2	302763249	809	183
2	303188461	810	146
2	303614512	811	143
2	304040653	812	198
2	304465857	813	160
2	304891521	814	127
2	305318022	815	179
2	305742985	816	132
2	306169018	817	85
2	306595011	818	195
2	307019765	819	133
2	307446112	820	190
2	307871401	821	218
2	308296352	822	183
2	308721068	823	158
2	309146102	824	202
2	309570268	825	178
2	309995642	826	148
2	310421351	827	157
2	310846969	828	203
2	311270758	829	93
2	311697651	830	176
2	312122308	831	150
2	312547873	832	113
2	312973046	833	139
2	313398514	834	161
2	313823459	835	142
2	314248873	836	180
2	314674183	837	155
2	315098828	838	138
2	315525265	839	136
2	315951177	840	176
2	316376841	841	152
2	316803048	842	173
2	317228327	843	147
2	317654597	844	144
2	318080796	845	191
2	318506087	846	119
2	318932227	847	119
2	319358482	848	224
2	319783236	849	166
2	320209029	850	138
2	320635402	851	218
2	321059630	852	159
2	321486254	853	148
2	321912477	854	178
2	322337395	855	125
2	322764032	856	117
2	323191180	857	135
2	323616881	858	138
2	324043377	859	117
2	324470214	860	191
2	324895304	861	119
2	325322149	862	191
2	325747610	863	143
2	326174177	864	121
2	326601158	865	215
2	327025998	866	156
2	327451134	867	180
2	327876532	868	176
2	328302106	869	131
2	328727926	870	181
2	329153799	871	198
2	329578582	872	187
2	330003948	873	234
2	330427953	874	282
2	330851466	875	172
2	331276618	876	70
2	331704270	877	105
2	332131110	878	124
2	332557738	879	154
2	332983565	880	147
2	333410212	881	202
2	333834615	882	140
2	334260674	883	126
2	334686655	884	115
2	335113568	885	223
2	335537962	886	102
2	335965106	887	227
2	336389391	888	170
2	336814304	889	124
2	337240662	890	188
2	337665630	891	128
2	338092114	892	178
2	338517478	893	163
2	338942354	894	162
2	339367457	895	146
2	339792853	896	117
2	340219247	897	119
2	340645759	898	142
2	341071762	899	185
2	341496827	900	189
2	341921614	901	121
2	342347564	902	186
2	342772103	903	124
2	343198796	904	158
2	343624389	905	162
2	344050207	906	178
2	344475467	907	134
2	344901699	908	143
2	345327513	909	191
2	345752422	910	173
2	346178073	911	179
2	346603950	912	252
2	347028572	913	181
2	347453440	914	140
2	347879123	915	158
2	348304999	916	160
2	348730582	917	179
2	349155612	918	195
2	349580944	919	183
2	350006385	920	127
2	350432938	921	150
2	350858496	922	136
2	351284264	923	193
2	351708758	924	164
2	352133914	925	124
2	352561484	926	195
2	352985699	927	125
2	353411567	928	236
2	353834917	929	202
2	354259325	930	164
2	354684898	931	171
2	355109252	932	161
2	355534125	933	150
2	355960079	934	133
2	356386992	935	161
2	356812910	936	183
2	357238640	937	172
2	357664424	938	171
2	358089268	939	116
2	358515773	940	184
2	358940027	941	172
2	359365317	942	109
2	359792440	943	229
2	360217146	944	90
2	360643539	945	156
2	361069891	946	191
2	361495052	947	150
2	361919878	948	162
2	362345851	949	138
2	362771358	950	116
2	363198137	951	244
2	363622382	952	158
2	364048128	953	177
2	364473453	954	192
2	364898154	955	166
2	365323622	956	183
2	365749110	957	146
2	366175486	958	163
2	366601131	959	123
2	367027424	960	166
2	367453621	961	150
2	367879924	962	146
2	368306090	963	155
2	368732171	964	205
2	369157102	965	123
2	369583639	966	139
2	370010012	967	172
2	370435484	968	171
2	370860680	969	204
2	371285727	970	135
2	371712175	971	147
2	372138157	972	137
2	372564106	973	189
2	372989197	974	174
2	373414918	975	162
2	373839924	976	128
2	374266798	977	222
2	374691140	978	124
2	375117565	979	189
2	375542719	980	205
2	375967215	981	117
2	376394062	982	159
2	376819978	983	91
2	377247405	984	192
2	377672543	985	114
2	378098752	986	215
2	378523914	987	95
2	378951101	988	205
2	379376011	989	168
2	379801570	990	134
2	380227557	991	253
2	380651331	992	128
2	381078357	993	148
2	381504000	994	173
2	381930635	995	127
2	382356843	996	142
2	382783031	997	123
2	383209123	998	262
2	383634311	999	141
3	64015569	248	60
3	64441528	249	84
3	64867394	250	61
3	65292680	251	83
3	65719167	252	74
3	66144735	253	61
3	66569766	254	82
3	66995079	255	78
3	67421083	256	88
3	67846791	257	92
3	68272740	258	76
3	68698830	259	90
3	69125063	260	70
3	69550234	261	87
3	69976360	262	70
3	70402454	263	69
3	70828710	264	77
3	71253678	265	70
3	71680457	266	71
3	72106489	267	59
3	72532116	268	73
3	72957003	269	72
3	73382462	270	79
3	73808090	271	74
3	74233494	272	70
3	74660411	273	51
3	75086548	274	79
3	75512356	275	97
3	75938031	276	95
3	76362609	277	67
3	76789138	278	67
3	77215076	279	79
3	77640788	280	74
3	78064329	281	61
3	78489514	282	57
3	78915203	283	116
3	79340232	284	66
3	79764323	285	89
3	80191146	286	88
3	80615833	287	108
3	81040477	288	73
3	81465932	289	79
3	81892600	290	80
3	82317385	291	88
3	82743085	292	75
3	83167863	293	94
3	83593702	294	84
3	84019140	295	83
3	84444920	296	81
3	84870948	297	83
3	85295583	298	74
3	85722234	299	73
3	86147880	300	74
3	86573478	301	87
3	86999909	302	77
3	87424954	303	93
3	87850812	304	75
3	88277141	305	67
3	88702599	306	71
3	89126380	307	65
3	89550503	308	68
3	89975500	309	74
3	90401062	310	77
3	90826458	311	84
3	91252542	312	85
3	91677235	313	67
3	92103267	314	86
3	92528531	315	97
3	92954044	316	95
3	93378294	317	78
3	93803963	318	80
3	94229824	319	93
3	94656028	320	90
3	95081606	321	90
3	95507896	322	78
3	95933115	323	75
3	96358955	324	63
3	96784813	325	61
3	97211054	326	74
3	97636755	327	64
3	98061706	328	78
3	98486339	329	91
3	98912667	330	58
3	99337160	331	80
3	99763344	332	76
3	100189253	333	102
3	100616082	334	105
3	101041303	335	112
3	101467991	336	87
3	101893118	337	81
3	102319467	338	88
3	102743972	339	89
3	103169387	340	116
3	103595685	341	86
3	104020429	342	81
3	104445050	343	90
3	104870230	344	87
3	105295816	345	90
3	105721156	346	102
3	106146574	347	72
3	106571274	348	98
3	106998308	349	91
3	107422777	350	72
3	107847814	351	96
3	108274095	352	67
3	108699503	353	86
3	109124126	354	113
3	109549522	355	74
3	109974697	356	87
3	110399573	357	103
3	110825577	358	80
3	111251171	359	94
3	111677136	360	83
3	112102525	361	78
3	112528419	362	80
3	112955200	363	111
3	113379722	364	108
3	113805975	365	98
3	114231029	366	97
3	114656845	367	92
3	115081878	368	95
3	115508294	369	110
3	115932732	370	99
3	116357105	371	94
3	116783227	372	86
3	117209286	373	96
3	117634358	374	122
3	118059822	375	92
3	118485788	376	127
3	118911614	377	119
3	119336813	378	116
3	119763057	379	111
3	120189305	380	117
3	120615103	381	93
3	121039317	382	84
3	121464106	383	65
3	121888268	384	95
3	122313204	385	78
3	122738084	386	79
3	123161816	387	81
3	123588751	388	86
3	124013071	389	58
3	124439494	390	89
3	124865893	391	77
3	125290697	392	92
3	125714335	393	73
3	126140036	394	60
3	126563620	395	69
3	126988716	396	80
3	127413020	397	99
3	127836862	398	115
3	128261805	399	76
3	128687458	400	90
3	129111929	401	94
3	129538059	402	139
3	129962346	403	79
3	130388215	404	90
3	130814567	405	102
3	131240143	406	100
3	131666553	407	110
3	132091816	408	111
3	132518097	409	72
3	132942738	410	114
3	133367874	411	85
3	133792969	412	105
3	134218901	413	101
3	134644956	414	96
3	135071677	415	94
3	135497451	416	90
3	135923294	417	109
3	136349023	418	97
3	136775427	419	110
3	137201492	420	133
3	137626808	421	115
3	138053066	422	111
3	138478754	423	82
3	138905628	424	123
3	139331822	425	102
3	139757681	426	104
3	140184154	427	115
3	140609781	428	133
3	141035643	429	116
3	141460621	430	123
3	141887086	431	148
3	142312618	432	111
3	142739594	433	120
3	143164660	434	126
3	143591481	435	89
3	144017054	436	97
3	144442372	437	112
3	144867624	438	92
3	145293548	439	123
3	145719937	440	120
3	146144205	441	93
3	146569884	442	111
3	146994625	443	103
3	147418890	444	91
3	147845280	445	105
3	148271745	446	99
3	148695812	447	95
3	149122989	448	112
3	149548656	449	110
3	149975168	450	121
3	150400694	451	84
3	150826746	452	137
3	151251657	453	107
3	151675902	454	81
3	152101060	455	91
3	152526770	456	86
3	152951193	457	83
3	153376969	458	86
3	153801812	459	91
3	154227407	460	96
3	154652102	461	96
3	155076070	462	88
3	155501297	463	85
3	155924781	464	100
3	156350493	465	86
3	156775739	466	76
3	157200853	467	81
3	157626557	468	78
3	158051582	469	80
3	158477064	470	106
3	158903882	471	91
3	159329038	472	122
3	159755137	473	108
3	160180423	474	95
3	160606650	475	112
3	161032780	476	108
3	161458692	477	65
3	161885280	478	94
3	162311038	479	94
3	162737391	480	84
3	163161068	481	125
3	163587201	482	87
3	164013248	483	112
3	164439202	484	110
3	164865985	485	86
3	165291322	486	115
3	165716324	487	117
3	166143193	488	107
3	166568030	489	105
3	166993471	490	121
3	167418547	491	85
3	167843642	492	83
3	168269010	493	98
3	168694954	494	128
3	169121311	495	69
3	169546476	496	99
3	169973040	497	129
3	170397417	498	92
3	170823626	499	125
3	171247396	500	141
3	171672884	501	88
3	172098900	502	124
3	172524546	503	113
3	172949033	504	116
3	173373675	505	118
3	173799154	506	112
3	174224923	507	93
3	174649377	508	122
3	175075186	509	82
3	175501018	510	94
3	175925798	511	112
3	176351380	512	119
3	176777548	513	82
3	177202152	514	101
3	177629222	515	115
3	178054565	516	117
3	178480072	517	91
3	178904938	518	105
3	179331801	519	117
3	179755855	520	81
3	180182325	521	124
3	180607860	522	108
3	181033511	523	93
3	181460247	524	106
3	181884782	525	90
3	182309460	526	95
3	182734895	527	93
3	183160115	528	122
3	183586470	529	103
3	184011871	530	107
3	184437182	531	108
3	184863225	532	95
3	185288076	533	92
3	185712579	534	85
3	186138477	535	117
3	186563893	536	106
3	186988733	537	103
3	187413995	538	75
3	187838174	539	82
3	188264017	540	110
3	188689753	541	100
3	189115127	542	92
3	189541682	543	113
3	189967341	544	91
3	190393110	545	107
3	190819218	546	83
3	191245942	547	126
3	191671951	548	103
3	192098455	549	72
3	192524574	550	92
3	192950544	551	101
3	193376655	552	124
3	193801137	553	120
3	194227269	554	121
3	194651159	555	101
3	195076500	556	104
3	195502668	557	97
3	195927755	558	79
3	196353682	559	91
3	196779525	560	113
3	197206004	561	104
3	197632499	562	107
3	198059279	563	113
3	198485067	564	122
3	198910480	565	98
3	199336438	566	92
3	199763148	567	107
3	200188788	568	90
3	200615313	569	110
3	201041485	570	96
3	201466549	571	105
3	201893736	572	73
3	202319248	573	78
3	202745166	574	94
3	203171159	575	127
3	203596963	576	124
3	204022559	577	84
3	204447301	578	100
3	204872722	579	114
3	205298306	580	117
3	205724413	581	107
3	206148520	582	109
3	206573922	583	109
3	206998362	584	96
3	207423396	585	115
3	207847837	586	108
3	208273232	587	105
3	208696859	588	142
3	209122457	589	75
3	209547268	590	78
3	209972837	591	120
3	210397854	592	124
3	210822111	593	101
3	211248084	594	93
3	211672384	595	96
3	212098128	596	134
3	212523413	597	125
3	212949429	598	83
3	213374562	599	76
3	213800653	600	99
3	214226316	601	107
3	214652556	602	103
3	215078840	603	130
3	215504609	604	100
3	215930146	605	102
3	216355121	606	110
3	216782164	607	102
3	217208234	608	111
3	217632453	609	130
3	218057910	610	91
3	218482311	611	107
3	218907560	612	97
3	219334604	613	107
3	219759980	614	136
3	220186611	615	112
3	220611466	616	118
3	221037236	617	98
3	221463438	618	134
3	221888056	619	97
3	222315111	620	143
3	222740918	621	110
3	223167582	622	119
3	223593093	623	102
3	224019570	624	78
3	224445013	625	99
3	224871726	626	108
3	225296762	627	105
3	225722233	628	125
3	226147924	629	111
3	226574394	630	70
3	226999818	631	103
3	227426222	632	86
3	227851756	633	85
3	228278941	634	92
3	228705621	635	113
3	229129710	636	89
3	229554820	637	109
3	229980607	638	92
3	230406895	639	111
3	230833574	640	107
3	231259178	641	105
3	231685043	642	103
3	232110605	643	99
3	232537422	644	107
3	232963420	645	117
3	233389654	646	80
3	233815583	647	82
3	234241318	648	113
3	234667374	649	129
3	235091613	650	112
3	235517911	651	104
3	235941879	652	118
3	236368036	653	100
3	236794044	654	109
3	237220357	655	114
3	237647189	656	118
3	238072388	657	105
3	238498090	658	95
3	238923827	659	99
3	239348693	660	125
3	239774663	661	94
3	240200695	662	108
3	240625005	663	100
3	241051047	664	80
3	241476295	665	89
3	241901290	666	121
3	242326440	667	104
3	242751420	668	103
3	243175679	669	110
3	243601878	670	120
3	244028546	671	119
3	244453868	672	96
3	244879006	673	104
3	245304811	674	89
3	245731668	675	85
3	246157373	676	121
3	246584802	677	96
3	247010201	678	108
3	247435337	679	97
3	247860989	680	88
3	248285875	681	87
3	248710052	682	95
3	249136115	683	97
3	249562342	684	91
3	249986835	685	100
3	250413177	686	80
3	250837757	687	114
3	251262919	688	103
3	251687969	689	102
3	252112951	690	105
3	252539010	691	103
3	252964882	692	99
3	253390164	693	98
3	253816192	694	92
3	254241197	695	135
3	254666041	696	128
3	255091260	697	103
3	255518343	698	97
3	255944091	699	99
3	256370295	700	116
3	256795071	701	108
3	257221141	702	70
3	257646357	703	96
3	258072636	704	122
3	258499034	705	112
3	258925280	706	103
3	259351208	707	109
3	259775302	708	100
3	260200516	709	126
3	260625316	710	140
3	261051719	711	102
3	261476789	712	81
3	261902833	713	106
3	262328872	714	90
3	262755341	715	113
3	263180931	716	97
3	263606124	717	87
3	264032137	718	88
3	264457117	719	105
3	264882217	720	86
3	265309566	721	110
3	265734573	722	84
3	266158770	723	84
3	266584726	724	79
3	267010019	725	104
3	267436373	726	120
3	267862551	727	84
3	268288294	728	90
3	268714606	729	110
3	269139727	730	111
3	269564906	731	114
3	269992324	732	102
3	270417391	733	91
3	270842571	734	112
3	271268613	735	124
3	271693074	736	111
3	272119440	737	78
3	272544438	738	67
3	272970436	739	104
3	273395162	740	81
3	273820030	741	80
3	274245921	742	113
3	274670274	743	114
3	275095404	744	112
3	275521390	745	110
3	275946710	746	101
3	276374182	747	75
3	276799768	748	100
3	277224392	749	119
3	277650171	750	100
3	278074514	751	135
3	278501542	752	97
3	278926312	753	103
3	279351995	754	92
3	279779077	755	111
3	280205602	756	95
3	280629384	757	115
3	281055787	758	97
3	281481465	759	74
3	281906120	760	111
3	282333876	761	72
3	282759659	762	121
3	283184750	763	97
3	283610492	764	107
3	284035552	765	125
3	284462691	766	113
3	284888098	767	97
3	285314169	768	92
3	285740381	769	91
3	286165906	770	116
3	286592245	771	100
3	287016605	772	128
3	287442225	773	85
3	287868215	774	89
3	288293010	775	120
3	288718578	776	86
3	289145540	777	87
3	289571847	778	92
3	289996953	779	104
3	290423861	780	96
3	290849798	781	122
3	291275048	782	77
3	291700168	783	64
3	292127557	784	95
3	292552498	785	97
3	292978137	786	71
3	293403799	787	84
3	293828911	788	100
3	294254531	789	103
3	294680702	790	84
3	295106611	791	91
3	295530273	792	81
3	295957625	793	109
3	296383136	794	140
3	296807708	795	120
3	297232961	796	80
3	297659174	797	90
3	298085486	798	89
3	298511559	799	103
3	298937855	800	90
3	299362249	801	122
3	299787487	802	115
3	300210996	803	126
3	300635609	804	90
3	301061371	805	111
3	301488012	806	104
3	301912721	807	132
3	302338219	808	100
3	302763249	809	128
3	303188461	810	112
3	303614512	811	98
3	304040653	812	87
3	304465857	813	95
3	304891521	814	122
3	305318022	815	121
3	305742985	816	109
3	306169018	817	103
3	306595011	818	106
3	307019765	819	104
3	307446112	820	100
3	307871401	821	108
3	308296352	822	110
3	308721068	823	104
3	309146102	824	108
3	309570268	825	96
3	309995642	826	110
3	310421351	827	115
3	310846969	828	90
3	311270758	829	109
3	311697651	830	128
3	312122308	831	109
3	312547873	832	96
3	312973046	833	109
3	313398514	834	102
3	313823459	835	108
3	314248873	836	108
3	314674183	837	107
3	315098828	838	104
3	315525265	839	129
3	315951177	840	101
3	316376841	841	130
3	316803048	842	93
3	317228327	843	110
3	317654597	844	94
3	318080796	845	109
3	318506087	846	127
3	318932227	847	110
3	319358482	848	120
3	319783236	849	111
3	320209029	850	122
3	320635402	851	134
3	321059630	852	111
3	321486254	853	113
3	321912477	854	108
3	322337395	855	117
3	322764032	856	94
3	323191180	857	117
3	323616881	858	101
3	324043377	859	119
3	324470214	860	114
3	324895304	861	100
3	325322149	862	105
3	325747610	863	88
3	326174177	864	122
3	326601158	865	89
3	327025998	866	99
3	327451134	867	106
3	327876532	868	109
3	328302106	869	97
3	328727926	870	115
3	329153799	871	112
3	329578582	872	117
3	330003948	873	80
3	330427953	874	97
3	330851466	875	100
3	331276618	876	109
3	331704270	877	105
3	332131110	878	119
3	332557738	879	102
3	332983565	880	124
3	333410212	881	93
3	333834615	882	103
3	334260674	883	130
3	334686655	884	62
3	335113568	885	98
3	335537962	886	86
3	335965106	887	99
3	336389391	888	127
3	336814304	889	98
3	337240662	890	109
3	337665630	891	106
3	338092114	892	122
3	338517478	893	95
3	338942354	894	74
3	339367457	895	96
3	339792853	896	108
3	340219247	897	87
3	340645759	898	99
3	341071762	899	96
3	341496827	900	125
3	341921614	901	86
3	342347564	902	73
3	342772103	903	99
3	343198796	904	127
3	343624389	905	85
3	344050207	906	110
3	344475467	907	114
3	344901699	908	91
3	345327513	909	102
3	345752422	910	94
3	346178073	911	126
3	346603950	912	105
3	347028572	913	100
3	347453440	914	79
3	347879123	915	90
3	348304999	916	128
3	348730582	917	118
3	349155612	918	107
3	349580944	919	98
3	350006385	920	90
3	350432938	921	86
3	350858496	922	94
3	351284264	923	91
3	351708758	924	85
3	352133914	925	138
3	352561484	926	112
3	352985699	927	92
3	353411567	928	96
3	353834917	929	111
3	354259325	930	94
3	354684898	931	98
3	355109252	932	112
3	355534125	933	114
3	355960079	934	125
3	356386992	935	108
3	356812910	936	83
3	357238640	937	110
3	357664424	938	98
3	358089268	939	115
3	358515773	940	138
3	358940027	941	113
3	359365317	942	98
3	359792440	943	93
3	360217146	944	105
3	360643539	945	109
3	361069891	946	103
3	361495052	947	106
3	361919878	948	100
3	362345851	949	107
3	362771358	950	94
3	363198137	951	119
3	363622382	952	96
3	364048128	953	96
3	364473453	954	136
3	364898154	955	104
3	365323622	956	91
3	365749110	957	85
3	366175486	958	90
3	366601131	959	93
3	367027424	960	84
3	367453621	961	100
3	367879924	962	113
3	368306090	963	102
3	368732171	964	111
3	369157102	965	92
3	369583639	966	84
3	370010012	967	94
3	370435484	968	101
3	370860680	969	105
3	371285727	970	108
3	371712175	971	84
3	372138157	972	93
3	372564106	973	130
3	372989197	974	97
3	373414918	975	76
3	373839924	976	90
3	374266798	977	93
3	374691140	978	117
3	375117565	979	108
3	375542719	980	114
3	375967215	981	100
3	376394062	982	108
3	376819978	983	105
3	377247405	984	106
3	377672543	985	120
3	378098752	986	122
3	378523914	987	106
3	378951101	988	96
3	379376011	989	107
3	379801570	990	117
3	380227557	991	123
3	380651331	992	118
3	381078357	993	89
3	381504000	994	102
3	381930635	995	103
3	382356843	996	78
3	382783031	997	103
3	383209123	998	109
3	383634311	999	70
4	64015569	248	0.2578800643655
4	64441528	249	0.25682511571434
4	64867394	250	0.25588084579389
4	65292680	251	0.25495252974952
4	65719167	252	0.25398276995594
4	66144735	253	0.25299231580533
4	66569766	254	0.25200107492513
4	66995079	255	0.25106271881966
4	67421083	256	0.25016260499109
4	67846791	257	0.24933517913994
4	68272740	258	0.24845129836956
4	68698830	259	0.24754832809067
4	69125063	260	0.24662627276122
4	69550234	261	0.24574409861714
4	69976360	262	0.24495351178618
4	70402454	263	0.24404490215601
4	70828710	264	0.24317233355772
4	71253678	265	0.24231033583438
4	71680457	266	0.24141200019461
4	72106489	267	0.24053547667704
4	72532116	268	0.23970212111306
4	72957003	269	0.23884184156641
4	73382462	270	0.23796322443305
4	73808090	271	0.23707792291063
4	74233494	272	0.23624187195093
4	74660411	273	0.23535593048454
4	75086548	274	0.23449796114399
4	75512356	275	0.23362820884072
4	75938031	276	0.23280368100172
4	76362609	277	0.23198255636861
4	76789138	278	0.2311787540822
4	77215076	279	0.23036248368956
4	77640788	280	0.2295590726651
4	78064329	281	0.22877999484508
4	78489514	282	0.22798993361414
4	78915203	283	0.22721827763577
4	79340232	284	0.22643017169028
4	79764323	285	0.2256810043116
4	80191146	286	0.2249231569945
4	80615833	287	0.22415521912252
4	81040477	288	0.22340245739384
4	81465932	289	0.22261585628655
4	81892600	290	0.22185712991225
4	82317385	291	0.22109789344146
4	82743085	292	0.2203811366204
4	83167863	293	0.21961958952844
4	83593702	294	0.21886245239763
4	84019140	295	0.21817507141363
4	84444920	296	0.21745274478083
4	84870948	297	0.21672561131972
4	85295583	298	0.21604290251763
4	85722234	299	0.21533097320867
4	86147880	300	0.21466092675953
4	86573478	301	0.21398421591524
4	86999909	302	0.21332247282918
4	87424954	303	0.21267381235699
4	87850812	304	0.21201785587756
4	88277141	305	0.21137514757919
4	88702599	306	0.21077622310099
4	89126380	307	0.21022808222201
4	89550503	308	0.20964917694958
4	89975500	309	0.20906164198954
4	90401062	310	0.20842445040569
4	90826458	311	0.20781312707105
4	91252542	312	0.20720040817774
4	91677235	313	0.20660119209917
4	92103267	314	0.20601657496498
4	92528531	315	0.2054008555992
4	92954044	316	0.20480050225979
4	93378294	317	0.20416808647812
4	93803963	318	0.20358241692908
4	94229824	319	0.20301537385151
4	94656028	320	0.20245195127661
4	95081606	321	0.20188447928324
4	95507896	322	0.20132861820891
4	95933115	323	0.20074687289147
4	96358955	324	0.20019356752282
4	96784813	325	0.19960953576426
4	97211054	326	0.1990166428083
4	97636755	327	0.19846227432055
4	98061706	328	0.19789512056677
4	98486339	329	0.19733444284466
4	98912667	330	0.19678334624404
4	99337160	331	0.19623762892333
4	99763344	332	0.19566391254963
4	100189253	333	0.19512117551355
4	100616082	334	0.1945712977968
4	101041303	335	0.19402530567757
4	101467991	336	0.19347497881598
4	101893118	337	0.19297741582114
4	102319467	338	0.19245060855899
4	102743972	339	0.19191530560129
4	103169387	340	0.1913830135807
4	103595685	341	0.19084071817151
4	104020429	342	0.19030530098385
4	104445050	343	0.18976372960871
4	104870230	344	0.18924179564197
4	105295816	345	0.18872091714715
4	105721156	346	0.18817359249014
4	106146574	347	0.18764835801883
4	106571274	348	0.18713513947856
4	106998308	349	0.18663638533598
4	107422777	350	0.18614866477548
4	107847814	351	0.18565410972342
4	108274095	352	0.18514571101855
4	108699503	353	0.18466643950552
4	109124126	354	0.18418155647864
4	109549522	355	0.18369029316772
4	109974697	356	0.18319312058176
4	110399573	357	0.18269846044094
4	110825577	358	0.18220116654747
4	111251171	359	0.18169198880194
4	111677136	360	0.18118273362437
4	112102525	361	0.18068163398533
4	112528419	362	0.18018702355424
4	112955200	363	0.17971574792461
4	113379722	364	0.1792590439424
4	113805975	365	0.178782963519
4	114231029	366	0.17830215814797
4	114656845	367	0.17784107314595
4	115081878	368	0.17737273863439
4	115508294	369	0.17693179614266
4	115932732	370	0.17646520787502
4	116357105	371	0.17601873708648
4	116783227	372	0.17554930696649
4	117209286	373	0.17513756889064
4	117634358	374	0.17470089087331
4	118059822	375	0.17429087233362
4	118485788	376	0.17387365507134
4	118911614	377	0.17346150110198
4	119336813	378	0.17304704578754
4	119763057	379	0.17260536844451
4	120189305	380	0.17217054305309
4	120615103	381	0.17175720136922
4	121039317	382	0.17133033532428
4	121464106	383	0.17093180156281
4	121888268	384	0.1705235649569
4	122313204	385	0.17010502938649
4	122738084	386	0.169704784879
4	123161816	387	0.16931492628841
4	123588751	388	0.16891674411316
4	124013071	389	0.16850161548294
4	124439494	390	0.16809833524769
4	124865893	391	0.16770777720939
4	125290697	392	0.16732150492003
4	125714335	393	0.16694334727033
4	126140036	394	0.16654780140041
4	126563620	395	0.16614376411168
4	126988716	396	0.1657585248311
4	127413020	397	0.16539538336801
4	127836862	398	0.16499022094968
4	128261805	399	0.16460796251364
4	128687458	400	0.16422216934871
4	129111929	401	0.16383323307575
4	129538059	402	0.16343236170305
4	129962346	403	0.16305365105038
4	130388215	404	0.16268764543309
4	130814567	405	0.16232440828126
4	131240143	406	0.16194574343018
4	131666553	407	0.16157586180297
4	132091816	408	0.16120981137167
4	132518097	409	0.16083650732943
4	132942738	410	0.16047157427988
4	133367874	411	0.16011481221692
4	133792969	412	0.15978010127131
4	134218901	413	0.15941585997733
4	134644956	414	0.15905167951012
4	135071677	415	0.15869241574742
4	135497451	416	0.15836144893518
4	135923294	417	0.15800863501617
4	136349023	418	0.15764049379001
4	136775427	419	0.15728710476015
4	137201492	420	0.15694950914949
4	137626808	421	0.15662510255969
4	138053066	422	0.15630727418688
4	138478754	423	0.15595956225763
4	138905628	424	0.15561644189142
4	139331822	425	0.15527185250777
4	139757681	426	0.15493106266312
4	140184154	427	0.15460700511548
4	140609781	428	0.15426259501656
4	141035643	429	0.15393058269976
4	141460621	430	0.15359972405929
4	141887086	431	0.15327352648671
4	142312618	432	0.15293601490154
4	142739594	433	0.15260429311745
4	143164660	434	0.15226633279427
4	143591481	435	0.15195771789832
4	144017054	436	0.15164111402488
4	144442372	437	0.15132200791047
4	144867624	438	0.15100499749094
4	145293548	439	0.15068525073655
4	145719937	440	0.1503600829373
4	146144205	441	0.15004124286682
4	146569884	442	0.14974669817538
4	146994625	443	0.14944884007606
4	147418890	444	0.14915089477094
4	147845280	445	0.14886453884036
4	148271745	446	0.14855718566072
4	148695812	447	0.14827229969912
4	149122989	448	0.1479914438017
4	149548656	449	0.14770166456676
4	149975168	450	0.14740287702665
4	150400694	451	0.14710432699709
4	150826746	452	0.14682958652006
4	151251657	453	0.14653036782055
4	151675902	454	0.14626457017073
4	152101060	455	0.14599101942256
4	152526770	456	0.14570709972629
4	152951193	457	0.14543396403324
4	153376969	458	0.14514844561377
4	153801812	459	0.14488678489032
4	154227407	460	0.14462343633214
4	154652102	461	0.14436402952377
4	155076070	462	0.14408762836613
4	155501297	463	0.14381621006102
4	155924781	464	0.14354381917405
4	156350493	465	0.1432746340264
4	156775739	466	0.14300783226459
4	157200853	467	0.14274025766691
4	157626557	468	0.14246393851842
4	158051582	469	0.1421995803482
4	158477064	470	0.14191807077491
4	158903882	471	0.14164638932804
4	159329038	472	0.14136263755496
4	159755137	473	0.14109389771308
4	160180423	474	0.14082728065169
4	160606650	475	0.14055602803983
4	161032780	476	0.14029498419264
4	161458692	477	0.14002381512652
4	161885280	478	0.13976333872645
4	162311038	479	0.13950566835825
4	162737391	480	0.13925159895858
4	163161068	481	0.13898108007892
4	163587201	482	0.13871595087935
4	164013248	483	0.13846673708237
4	164439202	484	0.13821324335897
4	164865985	485	0.13795899752946
4	165291322	486	0.13772133274569
4	165716324	487	0.13748487073872
4	166143193	488	0.13725035343214
4	166568030	489	0.13701123255582
4	166993471	490	0.13677009432297
4	167418547	491	0.13653522641559
4	167843642	492	0.13629598204551
4	168269010	493	0.13605316961917
4	168694954	494	0.13580866059524
4	169121311	495	0.13555703492191
4	169546476	496	0.13530658433676
4	169973040	497	0.13505046877042
4	170397417	498	0.13479647184551
4	170823626	499	0.13456059271317
4	171247396	500	0.13432167004128
4	171672884	501	0.13409136595258
4	172098900	502	0.13385680956505
4	172524546	503	0.13359353149149
4	172949033	504	0.13335026436013
4	173373675	505	0.13311047721522
4	173799154	506	0.1328679323457
4	174224923	507	0.13262073599932
4	174649377	508	0.13237537093384
4	175075186	509	0.13213858639691
4	175501018	510	0.13190832858515
4	175925798	511	0.13168043624843
4	176351380	512	0.13145565493445
4	176777548	513	0.1312383249511
4	177202152	514	0.13102626297713
4	177629222	515	0.13080217513931
4	178054565	516	0.13058547459158
4	178480072	517	0.13036818075409
4	178904938	518	0.13016727975204
4	179331801	519	0.12994720390644
4	179755855	520	0.12973208831486
4	180182325	521	0.129521029316
4	180607860	522	0.12931245088443
4	181033511	523	0.12910498754956
4	181460247	524	0.12889107954962
4	181884782	525	0.12868852997644
4	182309460	526	0.12848808574559
4	182734895	527	0.12827391569406
4	183160115	528	0.12807414323679
4	183586470	529	0.12785878887097
4	184011871	530	0.12765563577069
4	184437182	531	0.12744165148257
4	184863225	532	0.12723381155904
4	185288076	533	0.12702038236043
4	185712579	534	0.12681949255469
4	186138477	535	0.1266100299986
4	186563893	536	0.12640774874454
4	186988733	537	0.12620178542607
4	187413995	538	0.1260039520314
4	187838174	539	0.12580435106534
4	188264017	540	0.12558479249836
4	188689753	541	0.12537057526795
4	189115127	542	0.12515609783588
4	189541682	543	0.12494633284514
4	189967341	544	0.12474494403909
4	190393110	545	0.12453272305371
4	190819218	546	0.12432252416937
4	191245942	547	0.12411988748309
4	191671951	548	0.1239048401266
4	192098455	549	0.1236859256709
4	192524574	550	0.12347707230562
4	192950544	551	0.12326333145088
4	193376655	552	0.12305911748322
4	193801137	553	0.122859079712
4	194227269	554	0.12266533879559
4	194651159	555	0.12247196013473
4	195076500	556	0.12227569679128
4	195502668	557	0.12207388318384
4	195927755	558	0.12186798751008
4	196353682	559	0.12166511396918
4	196779525	560	0.12146160994849
4	197206004	561	0.12125930084468
4	197632499	562	0.12106664260936
4	198059279	563	0.12088453682439
4	198485067	564	0.12070051811703
4	198910480	565	0.12050294731292
4	199336438	566	0.12030493339419
4	199763148	567	0.12011485168855
4	200188788	568	0.11992535653673
4	200615313	569	0.11974406485465
4	201041485	570	0.11956250051093
4	201466549	571	0.11937876686305
4	201893736	572	0.11918898505223
4	202319248	573	0.11901345646912
4	202745166	574	0.1188306979733
4	203171159	575	0.11863238921554
4	203596963	576	0.11843782777839
4	204022559	577	0.11824350878392
4	204447301	578	0.11805872060322
4	204872722	579	0.11786821388844
4	205298306	580	0.1176891689955
4	205724413	581	0.11751473975601
4	206148520	582	0.11733909339018
4	206573922	583	0.11715650642451
4	206998362	584	0.1169731641011
4	207423396	585	0.1168040073926
4	207847837	586	0.1166217253396
4	208273232	587	0.1164304696432
4	208696859	588	0.11624660188197
4	209122457	589	0.11606693952793
4	209547268	590	0.11589059251139
4	209972837	591	0.1156994975971
4	210397854	592	0.11551861927519
4	210822111	593	0.11534663383122
4	211248084	594	0.1151585482416
4	211672384	595	0.11498088369834
4	212098128	596	0.11480302871256
4	212523413	597	0.11462801118098
4	212949429	598	0.11444644526551
4	213374562	599	0.11426832709959
4	213800653	600	0.11409232899581
4	214226316	601	0.11391869725895
4	214652556	602	0.11374690204008
4	215078840	603	0.11357773728231
4	215504609	604	0.11340483292494
4	215930146	605	0.11324193350835
4	216355121	606	0.11308269278096
4	216782164	607	0.11290600142404
4	217208234	608	0.11274476868667
4	217632453	609	0.11257796474287
4	218057910	610	0.11241949527684
4	218482311	611	0.11225654783508
4	218907560	612	0.11208626385416
4	219334604	613	0.11191596934827
4	219759980	614	0.11174967782059
4	220186611	615	0.11159673613535
4	220611466	616	0.11143836108197
4	221037236	617	0.11128264676382
4	221463438	618	0.11112930370809
4	221888056	619	0.11097068709844
4	222315111	620	0.11081578656691
4	222740918	621	0.11065241270245
4	223167582	622	0.11049063176627
4	223593093	623	0.11034149681898
4	224019570	624	0.11018785950448
4	224445013	625	0.11002705708886
4	224871726	626	0.10986267276656
4	225296762	627	0.10970478127824
4	225722233	628	0.10954671185977
4	226147924	629	0.10938375510549
4	226574394	630	0.10922895912163
4	226999818	631	0.10907257330157
4	227426222	632	0.10891874086715
4	227851756	633	0.10876996315873
4	228278941	634	0.10861475112597
4	228705621	635	0.10846708454802
4	229129710	636	0.10832290273172
4	229554820	637	0.1081775886483
4	229980607	638	0.10802488387122
4	230406895	639	0.1078739531077
4	230833574	640	0.10772156066817
4	231259178	641	0.10757051998596
4	231685043	642	0.10742931416374
4	232110605	643	0.10728373364577
4	232537422	644	0.10713988133934
4	232963420	645	0.10699436966263
4	233389654	646	0.10684825093714
4	233815583	647	0.10670043479771
4	234241318	648	0.1065588724603
4	234667374	649	0.10642198368705
4	235091613	650	0.10628653706971
4	235517911	651	0.10614227875429
4	235941879	652	0.10599699890393
4	236368036	653	0.10585385014471
4	236794044	654	0.10570067136879
4	237220357	655	0.10555244100374
4	237647189	656	0.10541117488569
4	238072388	657	0.10527084386392
4	238498090	658	0.10512422321334
4	238923827	659	0.10498317123026
4	239348693	660	0.10484205943706
4	239774663	661	0.10469708174763
4	240200695	662	0.10455026731514
4	240625005	663	0.10440353640841
4	241051047	664	0.10425581066662
4	241476295	665	0.10412338875175
4	241901290	666	0.10398868494388
4	242326440	667	0.103854933079
4	242751420	668	0.10372039684069
4	243175679	669	0.10358538072164
4	243601878	670	0.10345703307111
4	244028546	671	0.10333156226443
4	244453868	672	0.10319280102256
4	244879006	673	0.1030581702238
4	245304811	674	0.10292328978633
4	245731668	675	0.1027873081278
4	246157373	676	0.10265548648036
4	246584802	677	0.10252940543146
4	247010201	678	0.10239669033183
4	247435337	679	0.10226341681808
4	247860989	680	0.10212746203702
4	248285875	681	0.10200627766742
4	248710052	682	0.10188046683723
4	249136115	683	0.10174612841169
4	249562342	684	0.10161054324724
4	249986835	685	0.10147448473133
4	250413177	686	0.10134378599675
4	250837757	687	0.10121146844082
4	251262919	688	0.10107664797913
4	251687969	689	0.10095181814008
4	252112951	690	0.10082680321854
4	252539010	691	0.10069724828548
4	252964882	692	0.10057164753463
4	253390164	693	0.10044176646039
4	253816192	694	0.10031419510319
4	254241197	695	0.10018745853793
4	254666041	696	0.10006926054346
4	255091260	697	0.099952568589549
4	255518343	698	0.099822717778947
4	255944091	699	0.099699393922409
4	256370295	700	0.099578592441632
4	256795071	701	0.09945438865265
4	257221141	702	0.099326009891024
4	257646357	703	0.099200259220722
4	258072636	704	0.099070489757978
4	258499034	705	0.098950041410237
4	258925280	706	0.098830223278337
4	259351208	707	0.098716330467503
4	259775302	708	0.098598495430935
4	260200516	709	0.09848275862069
4	260625316	710	0.098359881829995
4	261051719	711	0.098238500354437
4	261476789	712	0.098114606489424
4	261902833	713	0.097991066546337
4	262328872	714	0.0978680078513
4	262755341	715	0.097750819297953
4	263180931	716	0.097635816127024
4	263606124	717	0.09751789232012
4	264032137	718	0.097397786629182
4	264457117	719	0.097283218398079
4	264882217	720	0.097171967718854
4	265309566	721	0.097053065621715
4	265734573	722	0.096935491308503
4	266158770	723	0.096827621829914
4	266584726	724	0.096715504066731
4	267010019	725	0.096597965319808
4	267436373	726	0.096484052250476
4	267862551	727	0.096367757234583
4	268288294	728	0.096254590554134
4	268714606	729	0.096138299810864
4	269139727	730	0.096028247717588
4	269564906	731	0.095917068190533
4	269992324	732	0.095802143511708
4	270417391	733	0.095681848156611
4	270842571	734	0.095572203764514
4	271268613	735	0.095449746136967
4	271693074	736	0.095333405936041
4	272119440	737	0.095217602132482
4	272544438	738	0.095102238726453
4	272970436	739	0.094983907914255
4	273395162	740	0.094874181167313
4	273820030	741	0.094760014233021
4	274245921	742	0.094641838702998
4	274670274	743	0.094524877506675
4	275095404	744	0.094409902798317
4	275521390	745	0.094300448440222
4	275946710	746	0.094185842699996
4	276374182	747	0.094068585361141
4	276799768	748	0.093959666324449
4	277224392	749	0.093851108845157
4	277650171	750	0.093740317778689
4	278074514	751	0.093633802816901
4	278501542	752	0.093522886844359
4	278926312	753	0.093411842065081
4	279351995	754	0.093308901647605
4	279779077	755	0.093211539570866
4	280205602	756	0.093111929719896
4	280629384	757	0.093007507519501
4	281055787	758	0.09290232477354
4	281481465	759	0.092807251324142
4	281906120	760	0.092717774627808
4	282333876	761	0.092623052772629
4	282759659	762	0.092534765651149
4	283184750	763	0.092440676022288
4	283610492	764	0.092348847547236
4	284035552	765	0.092252746770955
4	284462691	766	0.092151943863857
4	284888098	767	0.09206808079699
4	285314169	768	0.091974304786297
4	285740381	769	0.091873302176683
4	286165906	770	0.091770872298572
4	286592245	771	0.091664518703616
4	287016605	772	0.091567106893865
4	287442225	773	0.091468625071419
4	287868215	774	0.091375329612705
4	288293010	775	0.091284803611064
4	288718578	776	0.091184463781558
4	289145540	777	0.091096820206795
4	289571847	778	0.091002152280743
4	289996953	779	0.090903282057413
4	290423861	780	0.090805029243838
4	290849798	781	0.090710801028529
4	291275048	782	0.090612931453606
4	291700168	783	0.090509761064176
4	292127557	784	0.090409231843709
4	292552498	785	0.09030297076264
4	292978137	786	0.090201072860094
4	293403799	787	0.090101337563485
4	293828911	788	0.09000462121153
4	294254531	789	0.089900265797625
4	294680702	790	0.089798475231857
4	295106611	791	0.089698984699347
4	295530273	792	0.089601619638999
4	295957625	793	0.089504955760762
4	296383136	794	0.089408560099411
4	296807708	795	0.089318301504984
4	297232961	796	0.089226932960861
4	297659174	797	0.089126561206246
4	298085486	798	0.089030693364958
4	298511559	799	0.088928364402224
4	298937855	800	0.08882991902604
4	299362249	801	0.088727466221899
4	299787487	802	0.088623377521043
4	300210996	803	0.088530668326323
4	300635609	804	0.088434594188352
4	301061371	805	0.088333689607408
4	301488012	806	0.088232077206186
4	301912721	807	0.088141272060973
4	302338219	808	0.088047250435612
4	302763249	809	0.087949317364844
4	303188461	810	0.087854736776042
4	303614512	811	0.08775911087034
4	304040653	812	0.087666733510798
4	304465857	813	0.087576251459751
4	304891521	814	0.087483470303401
4	305318022	815	0.08739167689614
4	305742985	816	0.087297696546571
4	306169018	817	0.087212228945869
4	306595011	818	0.087121393053255
4	307019765	819	0.087026964584362
4	307446112	820	0.086933077900691
4	307871401	821	0.086837362511837
4	308296352	822	0.086743790713866
4	308721068	823	0.086650104258621
4	309146102	824	0.086556150437466
4	309570268	825	0.086458765281199
4	309995642	826	0.086371565091422
4	310421351	827	0.086276864635886
4	310846969	828	0.086186439319883
4	311270758	829	0.086104245167145
4	311697651	830	0.086016487516259
4	312122308	831	0.08592589542483
4	312547873	832	0.085831802893722
4	312973046	833	0.085736887048242
4	313398514	834	0.085645633674405
4	313823459	835	0.085554840728146
4	314248873	836	0.085463427686804
4	314674183	837	0.085376350043732
4	315098828	838	0.085293937236224
4	315525265	839	0.085204600863096
4	315951177	840	0.085119378911171
4	316376841	841	0.085027520953856
4	316803048	842	0.084940901051403
4	317228327	843	0.084856873297756
4	317654597	844	0.084766133567437
4	318080796	845	0.084671903226741
4	318506087	846	0.08458237764819
4	318932227	847	0.084489240635831
4	319358482	848	0.084398337880053
4	319783236	849	0.084307841281334
4	320209029	850	0.084212244171528
4	320635402	851	0.08412475597791
4	321059630	852	0.084050063174012
4	321486254	853	0.083965059482617
4	321912477	854	0.083876975092449
4	322337395	855	0.083794596761618
4	322764032	856	0.083707628711127
4	323191180	857	0.083623408734184
4	323616881	858	0.083543572694483
4	324043377	859	0.083460201165262
4	324470214	860	0.083378919285153
4	324895304	861	0.083299191890446
4	325322149	862	0.083213612496497
4	325747610	863	0.083127146836136
4	326174177	864	0.083040577339968
4	326601158	865	0.082960056777389
4	327025998	866	0.082875179443184
4	327451134	867	0.082794607825985
4	327876532	868	0.082716326241626
4	328302106	869	0.082633139928519
4	328727926	870	0.08255998870102
4	329153799	871	0.082478422403288
4	329578582	872	0.082401441509419
4	330003948	873	0.082323163477463
4	330427953	874	0.082247970376673
4	330851466	875	0.082166267999859
4	331276618	876	0.082087011495325
4	331704270	877	0.082007270778685
4	332131110	878	0.081926105383404
4	332557738	879	0.08184234442941
4	332983565	880	0.08175861350849
4	333410212	881	0.081678328908848
4	333834615	882	0.08159421360391
4	334260674	883	0.081511294393453
4	334686655	884	0.081423321430645
4	335113568	885	0.08134483902238
4	335537962	886	0.081265958321815
4	335965106	887	0.081184223325156
4	336389391	888	0.081103467068294
4	336814304	889	0.081023905757222
4	337240662	890	0.080947139736259
4	337665630	891	0.080867612648898
4	338092114	892	0.080789321567557
4	338517478	893	0.080711583810238
4	338942354	894	0.080633208805286
4	339367457	895	0.080556408583727
4	339792853	896	0.080479852217832
4	340219247	897	0.080398727623296
4	340645759	898	0.080322697638776
4	341071762	899	0.080242807712475
4	341496827	900	0.080171160258004
4	341921614	901	0.080096065742443
4	342347564	902	0.080021914443452
4	342772103	903	0.079946249248617
4	343198796	904	0.079870469570307
4	343624389	905	0.079791556274949
4	344050207	906	0.07971515924194
4	344475467	907	0.079637344603322
4	344901699	908	0.079562946155883
4	345327513	909	0.079486630929641
4	345752422	910	0.079410074278863
4	346178073	911	0.079333591499567
4	346603950	912	0.079261772284639
4	347028572	913	0.079185141343028
4	347453440	914	0.079117225360594
4	347879123	915	0.079043385055344
4	348304999	916	0.078979203096694
4	348730582	917	0.078911452287398
4	349155612	918	0.078846974256245
4	349580944	919	0.078774614573212
4	350006385	920	0.07870419659688
4	350432938	921	0.07863535314851
4	350858496	922	0.07856893060545
4	351284264	923	0.078498194777924
4	351708758	924	0.078428764668805
4	352133914	925	0.078356111670323
4	352561484	926	0.078289082969803
4	352985699	927	0.078222131020408
4	353411567	928	0.078152364026338
4	353834917	929	0.078081871042035
4	354259325	930	0.078010616909402
4	354684898	931	0.077943224637864
4	355109252	932	0.077870362290762
4	355534125	933	0.077799492166356
4	355960079	934	0.077729804019812
4	356386992	935	0.077657858219511
4	356812910	936	0.077582415495791
4	357238640	937	0.07751036286627
4	357664424	938	0.077436971518424
4	358089268	939	0.077372916349002
4	358515773	940	0.077309788876951
4	358940027	941	0.077248870386036
4	359365317	942	0.077182220803874
4	359792440	943	0.077117258126892
4	360217146	944	0.077051485213695
4	360643539	945	0.076981902943994
4	361069891	946	0.07691006481241
4	361495052	947	0.076838778183482
4	361919878	948	0.076770950652703
4	362345851	949	0.076704183373336
4	362771358	950	0.076632509201751
4	363198137	951	0.076562128364319
4	363622382	952	0.076498121144689
4	364048128	953	0.076428432429503
4	364473453	954	0.076360840489477
4	364898154	955	0.076303034771259
4	365323622	956	0.076249363660179
4	365749110	957	0.076184577563792
4	366175486	958	0.076120021719424
4	366601131	959	0.076058192699617
4	367027424	960	0.075997816797493
4	367453621	961	0.075937830937646
4	367879924	962	0.075879206782447
4	368306090	963	0.075817771799763
4	368732171	964	0.075760959603063
4	369157102	965	0.075696139599309
4	369583639	966	0.075631192274465
4	370010012	967	0.075566973789391
4	370435484	968	0.07550089682052
4	370860680	969	0.075431451665444
4	371285727	970	0.075361722231622
4	371712175	971	0.075298203008567
4	372138157	972	0.075227649907034
4	372564106	973	0.075165299152454
4	372989197	974	0.075097021918619
4	373414918	975	0.075033066056602
4	373839924	976	0.074971338776001
4	374266798	977	0.074906051967717
4	374691140	978	0.074842406632969
4	375117565	979	0.074779779795733
4	375542719	980	0.074712918904656
4	375967215	981	0.074648776995405
4	376394062	982	0.07458433517585
4	376819978	983	0.074519338506662
4	377247405	984	0.074454613872155
4	377672543	985	0.074395824292078
4	378098752	986	0.074332838964292
4	378523914	987	0.074269051335233
4	378951101	988	0.074204525660198
4	379376011	989	0.074140267806222
4	379801570	990	0.074074190670248
4	380227557	991	0.074013332234477
4	380651331	992	0.073959627402355
4	381078357	993	0.073900002117857
4	381504000	994	0.073840895029122
4	381930635	995	0.07378044270744
4	382356843	996	0.07372928019146
4	382783031	997	0.073673134188497
4	383209123	998	0.073613943591678
4	383634311	999	0.073557537725377
5	64015570	248	522980
5	64441529	249	522905
5	64867395	250	523277
5	65292681	251	523618
5	65719168	252	523396
5	66144736	253	523084
5	66569767	254	522683
5	66995080	255	523500
5	67421084	256	523232
5	67846792	257	521732
5	68272741	258	522935
5	68698831	259	522683
5	69125064	260	522698
5	69550235	261	522341
5	69976361	262	522445
5	70402455	263	522772
5	70828711	264	523113
5	71253679	265	523618
5	71680458	266	523470
5	72106490	267	523381
5	72532117	268	522564
5	72957004	269	521346
5	73382463	270	522742
5	73808091	271	522460
5	74233495	272	522222
5	74660412	273	523321
5	75086549	274	523143
5	75512357	275	523113
5	75938032	276	523767
5	76362610	277	523678
5	76789139	278	523500
5	77215077	279	523797
5	77640789	280	522029
5	78064330	281	520084
5	78489515	282	522386
5	78915204	283	522831
5	79340233	284	521183
5	79764324	285	522222
5	80191147	286	523247
5	80615834	287	523232
5	81040478	288	522638
5	81465933	289	522311
5	81892601	290	523544
5	82317386	291	523173
5	82743086	292	523351
5	83167864	293	523500
5	83593703	294	523440
5	84019141	295	523544
5	84444921	296	523886
5	84870949	297	523811
5	85295584	298	523767
5	85722235	299	523707
5	86147881	300	523158
5	86573479	301	523396
5	86999910	302	523559
5	87424955	303	523707
5	87850813	304	523396
5	88277142	305	522995
5	88702600	306	522014
5	89126381	307	520529
5	89550504	308	520886
5	89975501	309	522727
5	90401063	310	522772
5	90826459	311	522712
5	91252543	312	522920
5	91677236	313	523277
5	92103268	314	523039
5	92528532	315	522074
5	92954045	316	521480
5	93378295	317	523232
5	93803964	318	523039
5	94229825	319	522698
5	94656029	320	522965
5	95081607	321	523381
5	95507897	322	522846
5	95933116	323	523024
5	96358956	324	523410
5	96784814	325	523381
5	97211055	326	523188
5	97636756	327	522787
5	98061707	328	523024
5	98486340	329	522564
5	98912668	330	521524
5	99337161	331	522415
5	99763345	332	522831
5	100189254	333	522980
5	100616083	334	522757
5	101041304	335	523202
5	101467992	336	522816
5	101893119	337	522727
5	102319468	338	522103
5	102743973	339	520930
5	103169388	340	521643
5	103595686	341	522905
5	104020430	342	520707
5	104445051	343	521866
5	104870231	344	521301
5	105295817	345	522207
5	105721157	346	521183
5	106146575	347	522222
5	106571275	348	522148
5	106998309	349	521405
5	107422778	350	521970
5	107847815	351	520559
5	108274096	352	520915
5	108699504	353	522014
5	109124127	354	521168
5	109549523	355	522653
5	109974698	356	522163
5	110399574	357	521331
5	110825578	358	522356
5	111251172	359	521554
5	111677137	360	522980
5	112102526	361	523188
5	112528420	362	523143
5	112955201	363	522757
5	113379723	364	521970
5	113805976	365	522460
5	114231030	366	523188
5	114656846	367	522608
5	115081879	368	522816
5	115508295	369	522193
5	115932733	370	520559
5	116357106	371	521435
5	116783228	372	522653
5	117209287	373	522356
5	117634359	374	522445
5	118059823	375	521346
5	118485789	376	523188
5	118911615	377	522757
5	119336814	378	521227
5	119763058	379	523128
5	120189306	380	522430
5	120615104	381	520603
5	121039318	382	521613
5	121464107	383	520752
5	121888269	384	520737
5	122313205	385	521613
5	122738085	386	521509
5	123161817	387	521450
5	123588752	388	522995
5	124013072	389	522519
5	124439495	390	523277
5	124865894	391	522579
5	125290698	392	521034
5	125714336	393	521821
5	126140037	394	522579
5	126563621	395	520856
5	126988717	396	520321
5	127413021	397	520366
5	127836863	398	520663
5	128261806	399	520321
5	128687459	400	520574
5	129111930	401	520514
5	129538060	402	521613
5	129962347	403	520603
5	130388216	404	522341
5	130814568	405	522311
5	131240144	406	521762
5	131666554	407	522965
5	132091817	408	522133
5	132518098	409	522935
5	132942739	410	523024
5	133367875	411	523440
5	133792970	412	523797
5	134218902	413	523930
5	134644957	414	523396
5	135071678	415	523767
5	135497452	416	523113
5	135923295	417	523262
5	136349024	418	523915
5	136775428	419	523678
5	137201493	420	523351
5	137626809	421	522772
5	138053067	422	523247
5	138478755	423	522504
5	138905629	424	523024
5	139331823	425	523752
5	139757682	426	523306
5	140184155	427	523217
5	140609782	428	523113
5	141035644	429	523158
5	141460622	430	523128
5	141887087	431	523574
5	142312619	432	523900
5	142739595	433	523544
5	143164661	434	523292
5	143591482	435	523529
5	144017055	436	523529
5	144442373	437	523633
5	144867625	438	523069
5	145293549	439	523202
5	145719938	440	523054
5	146144206	441	522222
5	146569885	442	522193
5	146994626	443	519490
5	147418891	444	521985
5	147845281	445	523559
5	148271746	446	522727
5	148695813	447	521806
5	149122990	448	523351
5	149548657	449	522207
5	149975169	450	522252
5	150400695	451	522341
5	150826747	452	522356
5	151251658	453	521450
5	151675903	454	521851
5	152101061	455	522623
5	152526771	456	523173
5	152951194	457	522579
5	153376970	458	521465
5	153801813	459	521331
5	154227408	460	520574
5	154652103	461	519831
5	155076071	462	520351
5	155501298	463	521257
5	155924782	464	522014
5	156350494	465	522415
5	156775740	466	522341
5	157200854	467	521183
5	157626558	468	521450
5	158051583	469	522400
5	158477065	470	521688
5	158903883	471	522103
5	159329039	472	522801
5	159755138	473	522475
5	160180424	474	523336
5	160606651	475	523470
5	161032781	476	523514
5	161458693	477	523173
5	161885281	478	523084
5	162311039	479	522801
5	162737392	480	522876
5	163161069	481	522326
5	163587202	482	523069
5	164013249	483	523574
5	164439203	484	523366
5	164865986	485	522757
5	165291323	486	523396
5	165716325	487	523262
5	166143194	488	522207
5	166568031	489	522193
5	166993472	490	522415
5	167418548	491	522356
5	167843643	492	523173
5	168269011	493	522950
5	168694955	494	523099
5	169121312	495	521896
5	169546477	496	522148
5	169973041	497	521702
5	170397418	498	521762
5	170823627	499	521153
5	171247397	500	521361
5	171672885	501	522237
5	172098901	502	522074
5	172524547	503	521584
5	172949034	504	520603
5	173373676	505	520856
5	173799155	506	522222
5	174224924	507	522059
5	174649378	508	522638
5	175075187	509	523232
5	175501019	510	522193
5	175925799	511	521183
5	176351381	512	521806
5	176777549	513	523381
5	177202153	514	522995
5	177629223	515	523633
5	178054566	516	523782
5	178480073	517	522905
5	178904939	518	521717
5	179331802	519	523084
5	179755856	520	522371
5	180182326	521	522861
5	180607861	522	523603
5	181033512	523	523886
5	181460248	524	523737
5	181884783	525	522727
5	182309461	526	522118
5	182734896	527	523113
5	183160116	528	522252
5	183586471	529	523039
5	184011872	530	522579
5	184437183	531	523336
5	184863226	532	523009
5	185288077	533	523321
5	185712580	534	523277
5	186138478	535	523559
5	186563894	536	523188
5	186988734	537	523425
5	187413996	538	523262
5	187838175	539	522371
5	188264018	540	521747
5	188689754	541	522252
5	189115128	542	522712
5	189541683	543	522118
5	189967342	544	523099
5	190393111	545	523396
5	190819219	546	523440
5	191245943	547	523485
5	191671952	548	523678
5	192098456	549	523811
5	192524575	550	523603
5	192950545	551	523202
5	193376656	552	523440
5	193801138	553	522876
5	194227270	554	523648
5	194651160	555	524019
5	195076501	556	524079
5	195502669	557	523990
5	195927756	558	523396
5	196353683	559	523128
5	196779526	560	523009
5	197206005	561	522742
5	197632500	562	523410
5	198059280	563	523321
5	198485068	564	522623
5	198910481	565	522920
5	199336439	566	522816
5	199763149	567	522742
5	200188789	568	523782
5	200615314	569	523707
5	201041486	570	523514
5	201466550	571	523455
5	201893737	572	523648
5	202319249	573	523722
5	202745167	574	523930
5	203171160	575	523693
5	203596964	576	523202
5	204022560	577	522742
5	204447302	578	522950
5	204872723	579	523069
5	205298307	580	521658
5	205724414	581	523054
5	206148521	582	522742
5	206573923	583	522549
5	206998363	584	522608
5	207423397	585	523202
5	207847838	586	523574
5	208273233	587	523039
5	208696860	588	521331
5	209122458	589	523202
5	209547269	590	523440
5	209972838	591	522995
5	210397855	592	521702
5	210822112	593	521881
5	211248085	594	521688
5	211672385	595	522965
5	212098129	596	523069
5	212523414	597	522950
5	212949430	598	522282
5	213374563	599	523321
5	213800654	600	523960
5	214226317	601	523574
5	214652557	602	523559
5	215078841	603	523618
5	215504610	604	522965
5	215930147	605	521420
5	216355122	606	522163
5	216782165	607	522653
5	217208235	608	523366
5	217632454	609	523173
5	218057911	610	522653
5	218482312	611	522683
5	218907561	612	522415
5	219334605	613	523351
5	219759981	614	523381
5	220186612	615	523039
5	220611467	616	521613
5	221037237	617	522772
5	221463439	618	522089
5	221888057	619	522148
5	222315112	620	523485
5	222740919	621	523306
5	223167583	622	523351
5	223593094	623	523559
5	224019571	624	523440
5	224445014	625	523009
5	224871727	626	522207
5	225296763	627	522089
5	225722234	628	522564
5	226147925	629	523321
5	226574395	630	523217
5	226999819	631	523396
5	227426223	632	523217
5	227851757	633	523292
5	228278942	634	523603
5	228705622	635	523886
5	229129711	636	523470
5	229554821	637	523232
5	229980608	638	523143
5	230406896	639	523128
5	230833575	640	523410
5	231259179	641	522757
5	231685044	642	523559
5	232110606	643	524108
5	232537423	644	523975
5	232963421	645	523707
5	233389655	646	523529
5	233815584	647	523128
5	234241319	648	521821
5	234667375	649	523366
5	235091614	650	522891
5	235517912	651	521821
5	235941880	652	520915
5	236368037	653	523173
5	236794045	654	522371
5	237220358	655	522311
5	237647190	656	522757
5	238072389	657	522460
5	238498091	658	521955
5	238923828	659	523128
5	239348694	660	522980
5	239774664	661	523217
5	240200696	662	523113
5	240625006	663	523069
5	241051048	664	523767
5	241476296	665	523603
5	241901291	666	522638
5	242326441	667	522980
5	242751421	668	523633
5	243175680	669	523470
5	243601879	670	523262
5	244028547	671	523826
5	244453869	672	523767
5	244879007	673	523173
5	245304812	674	523247
5	245731669	675	523143
5	246157374	676	522594
5	246584803	677	523069
5	247010202	678	523366
5	247435338	679	523321
5	247860990	680	523113
5	248285876	681	522698
5	248710053	682	521376
5	249136116	683	523366
5	249562343	684	522623
5	249986836	685	522074
5	250413178	686	522935
5	250837758	687	523099
5	251262920	688	523232
5	251687970	689	523589
5	252112952	690	523024
5	252539011	691	523069
5	252964883	692	523603
5	253390165	693	523455
5	253816193	694	523500
5	254241198	695	523514
5	254666042	696	523306
5	255091261	697	523782
5	255518344	698	523767
5	255944092	699	523188
5	256370296	700	522430
5	256795072	701	523217
5	257221142	702	523217
5	257646358	703	523470
5	258072637	704	523128
5	258499035	705	522816
5	258925281	706	522920
5	259351209	707	522980
5	259775303	708	523396
5	260200517	709	523128
5	260625317	710	522490
5	261051720	711	523054
5	261476790	712	522386
5	261902834	713	522846
5	262328873	714	523039
5	262755342	715	523069
5	263180932	716	522267
5	263606125	717	521584
5	264032138	718	522965
5	264457118	719	523292
5	264882218	720	523425
5	265309567	721	523559
5	265734574	722	523099
5	266158771	723	522564
5	266584727	724	523826
5	267010020	725	523514
5	267436374	726	523202
5	267862552	727	523396
5	268288295	728	523514
5	268714607	729	523113
5	269139728	730	522638
5	269564907	731	522059
5	269992325	732	523099
5	270417392	733	522000
5	270842572	734	522118
5	271268614	735	522594
5	271693075	736	521495
5	272119441	737	522178
5	272544439	738	521881
5	272970437	739	522252
5	273395163	740	522787
5	273820031	741	521836
5	274245922	742	522103
5	274670275	743	520856
5	275095405	744	520366
5	275521391	745	521613
5	275946711	746	523559
5	276374183	747	523470
5	276799769	748	522430
5	277224393	749	521539
5	277650172	750	522519
5	278074515	751	522044
5	278501543	752	523440
5	278926313	753	523381
5	279351996	754	523960
5	279779078	755	523900
5	280205603	756	522772
5	280629385	757	521821
5	281055788	758	522757
5	281481466	759	523529
5	281906121	760	523366
5	282333877	761	523589
5	282759660	762	522430
5	283184751	763	522460
5	283610493	764	521777
5	284035553	765	523306
5	284462692	766	523173
5	284888099	767	523099
5	285314170	768	523217
5	285740382	769	523069
5	286165907	770	522371
5	286592246	771	522326
5	287016606	772	523381
5	287442226	773	523678
5	287868216	774	522965
5	288293011	775	523336
5	288718579	776	523782
5	289145541	777	523292
5	289571848	778	523381
5	289996954	779	523633
5	290423862	780	523410
5	290849799	781	523173
5	291275049	782	523559
5	291700169	783	523500
5	292127558	784	522891
5	292552499	785	522816
5	292978138	786	523113
5	293403800	787	522772
5	293828912	788	522846
5	294254532	789	522534
5	294680703	790	522029
5	295106612	791	522237
5	295530274	792	522133
5	295957626	793	523306
5	296383137	794	521792
5	296807709	795	520722
5	297232962	796	522846
5	297659175	797	523381
5	298085487	798	523500
5	298511560	799	523351
5	298937856	800	522564
5	299362250	801	521658
5	299787488	802	521539
5	300210997	803	520381
5	300635610	804	520737
5	301061372	805	523574
5	301488013	806	522727
5	301912722	807	521272
5	302338220	808	521747
5	302763250	809	521910
5	303188462	810	523143
5	303614513	811	523366
5	304040654	812	523500
5	304465858	813	523648
5	304891522	814	523321
5	305318023	815	523158
5	305742986	816	522267
5	306169019	817	521777
5	306595012	818	521970
5	307019766	819	522727
5	307446113	820	521985
5	307871402	821	523529
5	308296353	822	523500
5	308721069	823	521287
5	309146103	824	521287
5	309570269	825	523143
5	309995643	826	523455
5	310421352	827	522059
5	310846970	828	521509
5	311270759	829	521257
5	311697652	830	522742
5	312122309	831	522059
5	312547874	832	522044
5	312973047	833	520247
5	313398515	834	521465
5	313823460	835	522252
5	314248874	836	521613
5	314674184	837	522267
5	315098829	838	521584
5	315525266	839	523306
5	315951178	840	523470
5	316376842	841	523128
5	316803049	842	523188
5	317228328	843	523351
5	317654598	844	523143
5	318080797	845	523262
5	318506088	846	523455
5	318932228	847	522594
5	319358483	848	523188
5	319783237	849	523797
5	320209030	850	523500
5	320635403	851	523678
5	321059631	852	523797
5	321486255	853	523930
5	321912478	854	523960
5	322337396	855	523856
5	322764033	856	523782
5	323191181	857	523173
5	323616882	858	522653
5	324043378	859	523529
5	324470215	860	523752
5	324895305	861	523603
5	325322150	862	523470
5	325747611	863	524064
5	326174178	864	524391
5	326601159	865	524064
5	327025999	866	523455
5	327451135	867	522029
5	327876533	868	523559
5	328302107	869	523292
5	328727927	870	524004
5	329153800	871	523381
5	329578583	872	523470
5	330003949	873	522965
5	330427954	874	523039
5	330851467	875	523024
5	331276619	876	522683
5	331704271	877	523306
5	332131111	878	523306
5	332557739	879	523217
5	332983566	880	523351
5	333410213	881	522965
5	333834616	882	523039
5	334260675	883	523009
5	334686656	884	522683
5	335113569	885	523321
5	335537963	886	523589
5	335965107	887	523054
5	336389392	888	522698
5	336814305	889	522148
5	337240663	890	523202
5	337665631	891	522801
5	338092115	892	523485
5	338517479	893	523084
5	338942355	894	520930
5	339367458	895	521925
5	339792854	896	522193
5	340219248	897	522757
5	340645760	898	522534
5	341071763	899	523321
5	341496828	900	523099
5	341921615	901	522267
5	342347565	902	522356
5	342772104	903	522816
5	343198797	904	523292
5	343624390	905	522178
5	344050208	906	523099
5	344475468	907	523470
5	344901700	908	522950
5	345327514	909	523069
5	345752423	910	523559
5	346178074	911	523574
5	346603951	912	523915
5	347028573	913	523707
5	347453441	914	522831
5	347879124	915	522445
5	348305000	916	523188
5	348730583	917	522430
5	349155613	918	523707
5	349580945	919	523678
5	350006386	920	523574
5	350432939	921	522623
5	350858497	922	522801
5	351284265	923	521599
5	351708759	924	522534
5	352133915	925	523960
5	352561485	926	523633
5	352985700	927	522861
5	353411568	928	520915
5	353834918	929	521405
5	354259326	930	522564
5	354684899	931	522816
5	355109253	932	521123
5	355534126	933	522415
5	355960080	934	523663
5	356386993	935	523500
5	356812911	936	524034
5	357238641	937	523930
5	357664425	938	522935
5	358089269	939	522876
5	358515774	940	523054
5	358940028	941	522282
5	359365318	942	522980
5	359792441	943	523559
5	360217147	944	523262
5	360643540	945	522163
5	361069892	946	523633
5	361495053	947	522445
5	361919879	948	521495
5	362345852	949	523351
5	362771359	950	522460
5	363198138	951	523113
5	363622383	952	523618
5	364048129	953	523306
5	364473454	954	522831
5	364898155	955	523024
5	365323623	956	523039
5	365749111	957	523752
5	366175487	958	523514
5	366601132	959	523306
5	367027425	960	523544
5	367453622	961	523960
5	367879925	962	523603
5	368306091	963	523277
5	368732172	964	523737
5	369157103	965	523589
5	369583640	966	523173
5	370010013	967	523722
5	370435485	968	522995
5	370860681	969	522801
5	371285728	970	523039
5	371712176	971	523173
5	372138158	972	523589
5	372564107	973	523529
5	372989198	974	523158
5	373414919	975	523113
5	373839925	976	523099
5	374266799	977	522891
5	374691141	978	523232
5	375117566	979	522772
5	375542720	980	523024
5	375967216	981	523455
5	376394063	982	523514
5	376819979	983	523455
5	377247406	984	523054
5	377672544	985	522950
5	378098753	986	523514
5	378523915	987	523366
5	378951102	988	523618
5	379376012	989	523663
5	379801571	990	523069
5	380227558	991	523084
5	380651332	992	523945
5	381078358	993	523603
5	381504001	994	523485
5	381930636	995	523797
5	382356844	996	523752
5	382783032	997	523009
5	383209124	998	523410
5	383634312	999	523514
6	64867393	250	100
6	86147879	300	100
6	107422776	350	100
6	128687457	400	100
6	149975167	450	100
6	171247395	500	100
6	192524573	550	100
6	213800652	600	100
6	235091612	650	100
6	256370294	700	100
6	277650170	750	100
6	298937854	800	100
6	320209028	850	100
6	341496826	900	100
6	362771357	950	100
6	384059811	1000	100
7	64867393	250	0
7	86147879	300	0
7	107422776	350	0
7	128687457	400	0
7	149975167	450	0
7	171247395	500	0
7	192524573	550	0
7	213800652	600	0
7	235091612	650	0
7	256370294	700	0
7	277650170	750	0
7	298937854	800	0
7	320209028	850	0
7	341496826	900	0
7	362771357	950	0
7	384059811	1000	0
