version 2
run PerfectCC-1-20100906-00:16:48-5540
attr configname PerfectCC
attr datetime 20100906-00:16:48
attr experiment PerfectCC
attr inifile D:/Developement/Oversim2/multic/simulations/omnetpp.ini
attr iterationvars $mpeers=19
attr iterationvars2 "$mpeers=19, $repetition=0"
attr measurement $mpeers=19
attr mpeers 19
attr network oversim.underlay.simpleunderlay.SimpleUnderlayNetwork
attr processid 5540
attr repetition 0
attr replication #0
attr resultdir results
attr runnumber 1
attr seedset 1

vector 1  SimpleUnderlayNetwork.globalObserver.globalStatistics  incoming_bytes  ETV
vector 2  SimpleUnderlayNetwork.globalObserver.globalStatistics  drops  ETV
vector 3  SimpleUnderlayNetwork.globalObserver.globalStatistics  delayed_acks  ETV
vector 4  SimpleUnderlayNetwork.globalObserver.globalStatistics  timetotimeouts  ETV
vector 5  SimpleUnderlayNetwork.globalObserver.globalStatistics  rate  ETV
vector 6  SimpleUnderlayNetwork.globalObserver.globalStatistics  "GlobalNodeList: Number of nodes"  ETV
vector 7  SimpleUnderlayNetwork.globalObserver.globalStatistics  "GlobalNodeList: Number of bootstrapped malicious nodes"  ETV
1	12529441	170	88245
1	12612661	171	87874
1	12696094	172	87821
1	12778786	173	86867
1	12862756	174	89411
1	12945704	175	87185
1	13029622	176	89358
1	13112020	177	86019
1	13195786	178	88934
1	13278444	179	86549
1	13362035	180	88934
1	13445035	181	86867
1	13528701	182	89199
1	13612132	183	88245
1	13695431	184	87821
1	13779068	185	88563
1	13862278	186	87927
1	13945994	187	88828
1	14028854	188	86867
1	14112238	189	88245
1	14195572	190	87927
1	14278694	191	87397
1	14361954	192	88192
1	14445700	193	89146
1	14529258	194	88563
1	14613010	195	88828
1	14696542	196	88192
1	14779340	197	86920
1	14863392	198	89676
1	14946612	199	87821
1	15030249	200	88881
1	15113637	201	87927
1	15196510	202	87238
1	15280083	203	88775
1	15363403	204	87874
1	15446960	205	88404
1	15530119	206	87662
1	15613745	207	88669
1	15696046	208	85860
1	15779902	209	89040
1	15862000	210	85012
1	15946095	211	89729
1	16029723	212	88457
1	16112860	213	87821
1	16196249	214	88404
1	16279820	215	88563
1	16362743	216	87185
1	16446149	217	88457
1	16529844	218	88828
1	16613111	219	87980
1	16696721	220	88192
1	16779569	221	86867
1	16863239	222	88934
1	16946413	223	87503
1	17030092	224	88828
1	17113231	225	87503
1	17196921	226	88881
1	17279815	227	87344
1	17363944	228	89835
1	17446553	229	86072
1	17530004	230	88563
1	17613272	231	87821
1	17696424	232	87715
1	17779603	233	87450
1	17862607	234	87556
1	17946124	235	88563
1	18029513	236	88139
1	18113022	237	88722
1	18195931	238	86602
1	18278954	239	87238
1	18361859	240	86973
1	18445246	241	88139
1	18528708	242	88404
1	18612158	243	88457
1	18695395	244	87927
1	18778830	245	88139
1	18861584	246	86708
1	18945268	247	88510
1	19028218	248	87079
1	19111837	249	88881
1	19195431	250	88563
1	19278651	251	87927
1	19362127	252	88192
1	19445322	253	88033
1	19529136	254	89199
1	19612806	255	88669
1	19696613	256	88934
1	19779118	257	86337
1	19862889	258	88987
1	19945831	259	86867
1	20029412	260	88934
1	20113067	261	88775
1	20195831	262	86496
1	20279877	263	89623
1	20363214	264	88192
1	20446519	265	87927
1	20529356	266	87026
1	20612398	267	87503
1	20695794	268	88192
1	20779193	269	88298
1	20862672	270	88192
1	20945960	271	88139
1	21029352	272	88086
1	21111884	273	86178
1	21195648	274	89252
1	21278806	275	87503
1	21362038	276	87662
1	21445265	277	87927
1	21528626	278	88086
1	21611869	279	87874
1	21695709	280	89199
1	21778834	281	87715
1	21862706	282	89093
1	21945518	283	86602
1	22029171	284	88722
1	22111391	285	85701
1	22195242	286	89252
1	22278323	287	87556
1	22362136	288	89040
1	22444885	289	86867
1	22528485	290	88457
1	22611705	291	87609
1	22695750	292	89623
1	22778896	293	87238
1	22862286	294	88404
1	22945857	295	88828
1	23029056	296	87556
1	23111951	297	87503
1	23195639	298	88722
1	23279135	299	88192
1	23362643	300	88457
1	23446247	301	88775
1	23529802	302	88510
1	23612797	303	87291
1	23696521	304	88722
1	23779172	305	86655
1	23862927	306	88828
1	23945979	307	87185
1	24029388	308	88404
1	24112381	309	87556
1	24196271	310	89146
1	24279443	311	87715
1	24362971	312	88404
1	24446082	313	87715
1	24529715	314	88669
1	24612555	315	86814
1	24696227	316	88775
1	24779250	317	87503
1	24862546	318	88192
1	24945416	319	86496
1	25029044	320	89040
1	25112469	321	88245
1	25195707	322	87715
1	25279395	323	89040
1	25363092	324	88722
1	25446195	325	87291
1	25529252	326	87291
1	25612994	327	89146
1	25696230	328	87980
1	25779886	329	88669
1	25862775	330	87238
1	25947059	331	89941
1	26030045	332	87238
1	26113591	333	88722
1	26197037	334	87821
1	26279866	335	87026
1	26363442	336	88775
1	26447146	337	88722
1	26530121	338	87079
1	26613161	339	87397
1	26696934	340	88987
1	26780347	341	88404
1	26863321	342	87132
1	26946667	343	87927
1	27030064	344	88298
1	27113434	345	87980
1	27197226	346	89411
1	27280394	347	87344
1	27363790	348	87874
1	27447028	349	88298
1	27530521	350	88669
1	27614345	351	88828
1	27697090	352	86708
1	27781140	353	89464
1	27863564	354	85807
1	27947049	355	88616
1	28030344	356	88086
1	28114122	357	88881
1	28197015	358	86973
1	28280604	359	88351
1	28364163	360	88616
1	28447430	361	87980
1	28530358	362	87026
1	28613690	363	88298
1	28697264	364	88669
1	28780876	365	88457
1	28864215	366	88086
1	28948224	367	89464
1	29031501	368	88086
1	29115213	369	88669
1	29198397	370	87450
1	29281817	371	88404
1	29364799	372	87397
1	29448562	373	88881
1	29531178	374	86390
1	29614875	375	88616
1	29698493	376	89040
1	29781588	377	87397
1	29864898	378	87927
1	29948241	379	88192
1	30032107	380	89199
1	30115037	381	87132
1	30198796	382	88934
1	30280997	383	85383
1	30364393	384	88245
1	30447659	385	88139
1	30530806	386	87556
1	30614513	387	88616
1	30696870	388	86072
1	30780497	389	88987
1	30863625	390	87450
1	30946874	391	87768
1	31030331	392	88245
1	31114045	393	88881
1	31197193	394	87662
1	31280523	395	88298
1	31363795	396	87768
1	31446844	397	87397
1	31530877	398	89411
1	31613948	399	87662
1	31697239	400	87874
1	31781143	401	89252
1	31863937	402	86920
1	31947556	403	88722
1	32030621	404	87450
1	32114048	405	88245
1	32197430	406	88245
1	32280591	407	87556
1	32364112	408	88722
1	32447244	409	87344
1	32530229	410	86973
1	32613467	411	87768
1	32697796	412	90471
1	32780891	413	87397
1	32864577	414	88828
1	32947332	415	86761
1	33031130	416	89040
1	33113702	417	86284
1	33197027	418	87927
1	33279989	419	87344
1	33362725	420	86655
1	33446632	421	89517
1	33529232	422	86443
1	33612639	423	87980
1	33695519	424	86920
1	33779185	425	89252
1	33862431	426	87980
1	33945768	427	88086
1	34029257	428	88192
1	34112298	429	87556
1	34195959	430	88245
1	34278278	431	86019
1	34361776	432	88404
1	34444490	433	86337
1	34528321	434	89040
1	34611229	435	87344
1	34694509	436	88033
1	34777678	437	87556
1	34860539	438	87026
1	34944215	439	88881
1	35027137	440	86814
1	35109505	441	86072
1	35193378	442	89199
1	35276707	443	88192
1	35360545	444	89093
1	35443719	445	87715
1	35527410	446	88775
1	35610637	447	88086
1	35693696	448	87238
1	35777246	449	88775
1	35859827	450	86072
1	35943206	451	88351
1	36026447	452	87768
1	36109519	453	87556
1	36193246	454	88563
1	36276327	455	87556
1	36360116	456	88934
1	36443560	457	88510
1	36527034	458	88298
1	36610913	459	89146
1	36693584	460	86602
1	36777194	461	88828
1	36860594	462	87927
1	36943304	463	86443
1	37026644	464	88086
1	37109616	465	87238
1	37193180	466	88881
1	37276267	467	87503
1	37359594	468	87927
1	37443401	469	89305
1	37526808	470	88086
1	37610341	471	88563
1	37693261	472	87079
1	37776521	473	88298
1	37860094	474	88457
1	37943649	475	88351
1	38026869	476	87927
1	38109875	477	87344
1	38193401	478	88457
1	38276046	479	86920
1	38359492	480	88351
1	38442291	481	86602
1	38525466	482	87715
1	38608797	483	87874
1	38692431	484	88669
1	38775442	485	87132
1	38859519	486	89888
1	38942644	487	87609
1	39026287	488	88563
1	39109569	489	87715
1	39193229	490	88934
1	39277278	491	89517
1	39360099	492	87185
1	39443740	493	88616
1	39526696	494	87026
1	39610187	495	88351
1	39693121	496	87026
1	39776564	497	88722
1	39860135	498	88351
1	39943447	499	88033
1	40026859	500	88563
1	40110418	501	88510
1	40193979	502	88245
1	40277091	503	87715
1	40360487	504	88192
1	40443667	505	87556
1	40526850	506	87609
1	40610307	507	88351
1	40693589	508	87980
1	40777326	509	88828
1	40860674	510	87927
1	40943466	511	86920
1	41026930	512	88775
1	41110612	513	88669
1	41193752	514	87344
1	41277115	515	88139
1	41360651	516	88987
1	41443949	517	87768
1	41526737	518	86549
1	41610476	519	88881
1	41693589	520	87768
1	41776707	521	87397
1	41859728	522	87503
1	41943209	523	88245
1	42026445	524	87874
1	42109251	525	86708
1	42192998	526	89358
1	42276248	527	87662
1	42359562	528	88033
1	42442423	529	86814
1	42525638	530	87715
1	42608874	531	87980
1	42691513	532	86390
1	42775057	533	88616
1	42858699	534	88828
1	42942188	535	88086
1	43025541	536	88404
1	43109466	537	88934
1	43191487	538	85065
1	43275172	539	88987
1	43358376	540	87874
1	43442192	541	89252
1	43525285	542	87503
1	43608658	543	88245
1	43691825	544	87821
1	43775388	545	88192
1	43858035	546	86602
1	43942015	547	89411
1	44025492	548	88351
1	44108457	549	86973
1	44191948	550	88669
1	44274862	551	86708
1	44358223	552	88192
1	44441400	553	87662
1	44525016	554	88828
1	44607654	555	86072
1	44691768	556	89729
1	44774120	557	85648
1	44856950	558	87291
1	44940869	559	89252
1	45023677	560	86973
1	45107013	561	88245
1	45189818	562	86655
1	45273284	563	88033
1	45356400	564	88033
1	45440160	565	88616
1	45523724	566	88510
1	45607118	567	88033
1	45690464	568	88033
1	45773777	569	88139
1	45857461	570	88987
1	45940693	571	87556
1	46023229	572	86602
1	46106946	573	89040
1	46189665	574	86178
1	46273288	575	88828
1	46356567	576	87927
1	46440071	577	88457
1	46523570	578	88616
1	46606860	579	87662
1	46689794	580	87344
1	46773227	581	88404
1	46856525	582	87980
1	46939940	583	88192
1	47023499	584	88775
1	47107034	585	88404
1	47190270	586	87503
1	47273329	587	87503
1	47356135	588	86920
1	47439652	589	88563
1	47522621	590	87026
1	47605586	591	87132
1	47688922	592	88351
1	47771859	593	86920
1	47854427	594	86602
1	47938339	595	89411
1	48021116	596	86708
1	48104628	597	88404
1	48187544	598	87132
1	48270509	599	87238
1	48353479	600	87238
1	48436829	601	87927
1	48520080	602	87980
1	48603702	603	88881
1	48686905	604	87715
1	48770289	605	87768
1	48853476	606	88033
1	48936725	607	87821
1	49020092	608	88139
1	49103441	609	88192
1	49186842	610	88139
1	49269974	611	87768
1	49353147	612	87503
1	49436511	613	88298
1	49519275	614	86761
1	49602825	615	88510
1	49686239	616	88298
1	49769689	617	87927
1	49852840	618	88086
1	49936281	619	88245
1	50019468	620	87556
1	50102460	621	87344
1	50185686	622	87927
1	50269317	623	88563
1	50351899	624	86337
1	50435187	625	88086
1	50518816	626	88669
1	50601972	627	87503
1	50685335	628	88404
1	50769068	629	88881
1	50851844	630	86708
1	50935487	631	88404
1	51018871	632	88669
1	51102448	633	88457
1	51185921	634	88298
1	51269287	635	87980
1	51352222	636	86920
1	51435743	637	88775
1	51519107	638	87927
1	51601963	639	87026
1	51685718	640	88881
1	51768509	641	86867
1	51851985	642	88086
1	51935617	643	88775
1	52018950	644	88086
1	52102586	645	88669
1	52186165	646	88616
1	52269347	647	87821
1	52353130	648	88934
1	52436187	649	87238
1	52519591	650	88404
1	52602752	651	87768
1	52686004	652	87821
1	52769467	653	88563
1	52853154	654	88669
1	52936694	655	88192
1	53020063	656	88510
1	53103442	657	88616
1	53187033	658	88298
1	53269539	659	86337
1	53353410	660	89146
1	53436080	661	86072
1	53519699	662	89252
1	53603450	663	88934
1	53686499	664	87291
1	53770023	665	88457
1	53853773	666	88828
1	53937417	667	88616
1	54020034	668	86549
1	54103967	669	89093
1	54186662	670	86655
1	54270372	671	88881
1	54353036	672	86867
1	54436381	673	87874
1	54519742	674	88457
1	54603177	675	88192
1	54686508	676	87821
1	54769821	677	88192
1	54853596	678	88934
1	54936052	679	86072
1	55019539	680	88510
1	55102703	681	87662
1	55186066	682	88192
1	55268952	683	86814
1	55352147	684	87927
1	55435865	685	88934
1	55519075	686	87821
1	55602165	687	87609
1	55685584	688	87715
1	55768998	689	88616
1	55852723	690	88510
1	55935410	691	86602
1	56018606	692	87715
1	56101496	693	87344
1	56184703	694	87768
1	56267978	695	87927
1	56351481	696	88669
1	56435306	697	89146
1	56518623	698	87397
1	56601396	699	86920
1	56684625	700	87662
1	56768322	701	89093
1	56851461	702	87874
1	56934871	703	88351
1	57018133	704	87662
1	57101742	705	88245
1	57184570	706	86867
1	57268173	707	88722
1	57350400	708	85542
1	57434184	709	89305
1	57517404	710	87715
1	57600756	711	87927
1	57684578	712	89093
1	57768000	713	88404
1	57851080	714	87503
1	57934188	715	87609
1	58017250	716	87556
1	58100426	717	87503
1	58183355	718	87609
1	58267283	719	88722
1	58350185	720	87344
1	58433870	721	88510
1	58516999	722	87768
1	58600142	723	87609
1	58683418	724	87927
1	58766726	725	88033
1	58849895	726	87556
1	58933476	727	88669
1	59016420	728	87715
1	59099324	729	86496
1	59182930	730	88881
1	59266765	731	89199
1	59350456	732	88457
1	59433888	733	88245
1	59517245	734	88192
1	59600365	735	87397
1	59683959	736	88563
1	59767099	737	87450
1	59850641	738	88669
1	59934041	739	87927
1	60017675	740	89093
1	60101328	741	88457
1	60184337	742	87397
1	60267592	743	88086
1	60350745	744	87556
1	60434302	745	88510
1	60517854	746	88510
1	60600941	747	87291
1	60684301	748	88404
1	60768030	749	88775
1	60851188	750	87344
1	60934611	751	88510
1	61018002	752	88245
1	61100869	753	86973
1	61184421	754	88881
1	61268066	755	88510
1	61350405	756	86072
1	61434118	757	88722
1	61516308	758	85383
1	61599739	759	88192
1	61682602	760	86973
1	61766001	761	88510
1	61849431	762	88245
1	61932480	763	87132
1	62015555	764	87927
1	62099402	765	89146
1	62182333	766	86920
1	62266398	767	89888
1	62349497	768	87503
1	62432612	769	87344
1	62516386	770	89199
1	62599672	771	87874
1	62683114	772	88351
1	62766726	773	88881
1	62849654	774	86761
1	62932628	775	87556
1	63016428	776	88934
1	63099376	777	87132
1	63182973	778	88563
1	63265981	779	87344
1	63349622	780	88987
1	63432936	781	88086
1	63516270	782	87715
1	63599480	783	87715
1	63683088	784	88669
1	63766445	785	88192
1	63849657	786	87768
1	63933658	787	89199
1	64017177	788	88722
1	64100895	789	88987
1	64184048	790	87874
1	64267776	791	88934
1	64350453	792	86549
1	64434109	793	88828
1	64517301	794	87291
1	64600929	795	88881
1	64683965	796	86761
1	64768023	797	89835
1	64851361	798	87874
1	64935186	799	89199
1	65018498	800	88086
1	65102255	801	88616
1	65185971	802	88881
1	65269476	803	88616
1	65352899	804	88351
1	65436398	805	88245
1	65519185	806	86867
1	65602718	807	88404
1	65685695	808	87450
1	65768897	809	87821
1	65852152	810	87821
1	65935611	811	88192
1	66018819	812	87874
1	66102089	813	87821
1	66185754	814	88828
1	66268900	815	87715
1	66352422	816	88351
1	66435887	817	88563
1	66518974	818	87344
1	66602611	819	89146
1	66685685	820	86920
1	66769246	821	88616
1	66852814	822	88563
1	66936096	823	87768
1	67019452	824	88192
1	67102873	825	88245
1	67186110	826	87662
1	67269322	827	88086
1	67352835	828	88245
1	67435847	829	87291
1	67519763	830	89252
1	67602784	831	87238
1	67686138	832	88033
1	67768978	833	87079
1	67852466	834	88616
1	67935705	835	87662
1	68019322	836	88563
1	68102630	837	88086
1	68186198	838	88510
1	68269431	839	87874
1	68353005	840	88828
1	68435996	841	87344
1	68519749	842	88828
1	68602876	843	87662
1	68686469	844	88351
1	68769530	845	87291
1	68852865	846	88245
1	68936446	847	88722
1	69019281	848	86549
1	69102652	849	88404
1	69185448	850	86655
1	69269050	851	88775
1	69352036	852	87397
1	69435235	853	87768
1	69518526	854	87768
1	69601257	855	86443
1	69684196	856	87450
1	69767719	857	88616
1	69850313	858	86284
1	69933467	859	87662
1	70017062	860	88722
1	70099662	861	86019
1	70183337	862	89252
1	70266266	863	87026
1	70350143	864	89040
1	70433002	865	86814
1	70517027	866	89729
1	70600430	867	87927
1	70683874	868	88298
1	70767568	869	88775
1	70851010	870	88298
1	70934420	871	88245
1	71017692	872	88086
1	71101319	873	88457
1	71184669	874	88033
1	71267457	875	87026
1	71351181	876	88722
1	71433809	877	86867
1	71517588	878	89093
1	71600556	879	87185
1	71684331	880	88775
1	71767898	881	88775
1	71851156	882	87556
1	71934504	883	88139
1	72017860	884	88192
1	72101060	885	87821
1	72184430	886	87980
1	72267852	887	88245
1	72351073	888	87980
1	72435105	889	89146
1	72517721	890	86549
1	72601292	891	88828
1	72684388	892	87238
1	72767857	893	88298
1	72851341	894	88563
1	72934855	895	88245
1	73018536	896	88775
1	73101367	897	87185
1	73184584	898	87556
1	73268238	899	88722
1	73351091	900	86920
1	73434918	901	89411
1	73518228	902	87927
1	73600950	903	86761
1	73684285	904	88139
1	73767539	905	87662
1	73850675	906	87715
1	73934415	907	88987
1	74017480	908	87503
1	74100806	909	87768
1	74184079	910	88298
1	74267714	911	88404
1	74350924	912	87662
1	74434116	913	87715
1	74517472	914	88351
1	74601424	915	89199
1	74684701	916	87768
1	74767851	917	87874
1	74851300	918	88351
1	74934554	919	87821
1	75017781	920	87768
1	75101289	921	88457
1	75184448	922	87238
1	75267793	923	88351
1	75351037	924	87768
1	75434309	925	88139
1	75518186	926	89146
1	75600729	927	86443
1	75684664	928	89411
1	75767294	929	86178
1	75851050	930	88987
1	75933631	931	86284
1	76017303	932	88669
1	76100394	933	87768
1	76183956	934	88298
1	76266546	935	86655
1	76350355	936	88987
1	76432733	937	86125
1	76516564	938	89093
1	76599536	939	87185
1	76683210	940	88934
1	76767082	941	89040
1	76849871	942	87026
1	76933354	943	88404
1	77016730	944	87980
1	77099994	945	87980
1	77183186	946	87662
1	77267083	947	89093
1	77349522	948	86019
1	77433498	949	89517
1	77516691	950	87662
1	77600125	951	88404
1	77683898	952	88987
1	77766871	953	87185
1	77850122	954	87768
1	77933740	955	89093
1	78017340	956	88245
1	78100020	957	86761
1	78183316	958	88192
1	78266627	959	87821
1	78350140	960	88616
1	78433533	961	88139
1	78516690	962	88033
1	78600426	963	88881
1	78683226	964	86602
1	78767084	965	89040
1	78849847	966	86867
1	78933521	967	88881
1	79017029	968	88457
1	79100041	969	87238
1	79183268	970	87980
1	79266755	971	88351
1	79349728	972	87291
1	79432923	973	87662
1	79516724	974	89411
1	79598887	975	84959
1	79682508	976	88669
1	79764912	977	85913
1	79848237	978	87874
1	79931480	979	88033
1	80015287	980	89040
1	80098069	981	86708
1	80181855	982	89199
1	80265063	983	87874
1	80348770	984	88828
1	80431737	985	86973
1	80515679	986	89040
1	80597311	987	84641
1	80681245	988	89146
1	80763588	989	85754
1	80847318	990	89040
1	80930174	991	87185
1	81013482	992	87556
1	81096860	993	88192
1	81179811	994	87291
1	81263445	995	88828
1	81346876	996	88351
1	81430285	997	88351
1	81514023	998	88987
1	81596390	999	86231
2	12529441	170	25
2	12612661	171	24
2	12696094	172	53
2	12778786	173	11
2	12862756	174	34
2	12945704	175	15
2	13029622	176	57
2	13112020	177	14
2	13195786	178	39
2	13278444	179	11
2	13362035	180	29
2	13445035	181	15
2	13528701	182	17
2	13612132	183	27
2	13695431	184	24
2	13779068	185	34
2	13862278	186	15
2	13945994	187	39
2	14028854	188	21
2	14112238	189	21
2	14195572	190	19
2	14278694	191	26
2	14361954	192	11
2	14445700	193	23
2	14529258	194	24
2	14613010	195	21
2	14696542	196	57
2	14779340	197	5
2	14863392	198	23
2	14946612	199	20
2	15030249	200	26
2	15113637	201	32
2	15196510	202	19
2	15280083	203	18
2	15363403	204	24
2	15446960	205	38
2	15530119	206	15
2	15613745	207	68
2	15696046	208	9
2	15779902	209	67
2	15862000	210	16
2	15946095	211	23
2	16029723	212	32
2	16112860	213	16
2	16196249	214	18
2	16279820	215	23
2	16362743	216	21
2	16446149	217	8
2	16529844	218	32
2	16613111	219	27
2	16696721	220	36
2	16779569	221	14
2	16863239	222	25
2	16946413	223	23
2	17030092	224	37
2	17113231	225	15
2	17196921	226	35
2	17279815	227	10
2	17363944	228	57
2	17446553	229	15
2	17530004	230	23
2	17613272	231	28
2	17696424	232	40
2	17779603	233	30
2	17862607	234	21
2	17946124	235	27
2	18029513	236	19
2	18113022	237	49
2	18195931	238	34
2	18278954	239	40
2	18361859	240	26
2	18445246	241	17
2	18528708	242	18
2	18612158	243	21
2	18695395	244	21
2	18778830	245	50
2	18861584	246	28
2	18945268	247	41
2	19028218	248	13
2	19111837	249	22
2	19195431	250	20
2	19278651	251	13
2	19362127	252	25
2	19445322	253	13
2	19529136	254	20
2	19612806	255	14
2	19696613	256	51
2	19779118	257	5
2	19862889	258	38
2	19945831	259	16
2	20029412	260	13
2	20113067	261	60
2	20195831	262	7
2	20279877	263	18
2	20363214	264	25
2	20446519	265	41
2	20529356	266	14
2	20612398	267	30
2	20695794	268	13
2	20779193	269	31
2	20862672	270	21
2	20945960	271	31
2	21029352	272	45
2	21111884	273	21
2	21195648	274	26
2	21278806	275	34
2	21362038	276	24
2	21445265	277	29
2	21528626	278	26
2	21611869	279	9
2	21695709	280	25
2	21778834	281	14
2	21862706	282	53
2	21945518	283	10
2	22029171	284	55
2	22111391	285	14
2	22195242	286	31
2	22278323	287	13
2	22362136	288	46
2	22444885	289	25
2	22528485	290	30
2	22611705	291	13
2	22695750	292	34
2	22778896	293	12
2	22862286	294	7
2	22945857	295	33
2	23029056	296	43
2	23111951	297	5
2	23195639	298	20
2	23279135	299	29
2	23362643	300	16
2	23446247	301	23
2	23529802	302	38
2	23612797	303	8
2	23696521	304	49
2	23779172	305	16
2	23862927	306	36
2	23945979	307	14
2	24029388	308	44
2	24112381	309	5
2	24196271	310	33
2	24279443	311	16
2	24362971	312	35
2	24446082	313	12
2	24529715	314	48
2	24612555	315	7
2	24696227	316	28
2	24779250	317	8
2	24862546	318	56
2	24945416	319	18
2	25029044	320	21
2	25112469	321	25
2	25195707	322	28
2	25279395	323	17
2	25363092	324	34
2	25446195	325	51
2	25529252	326	4
2	25612994	327	31
2	25696230	328	10
2	25779886	329	34
2	25862775	330	14
2	25947059	331	44
2	26030045	332	18
2	26113591	333	15
2	26197037	334	48
2	26279866	335	14
2	26363442	336	17
2	26447146	337	39
2	26530121	338	38
2	26613161	339	13
2	26696934	340	16
2	26780347	341	46
2	26863321	342	29
2	26946667	343	21
2	27030064	344	18
2	27113434	345	17
2	27197226	346	36
2	27280394	347	32
2	27363790	348	30
2	27447028	349	16
2	27530521	350	5
2	27614345	351	52
2	27697090	352	9
2	27781140	353	66
2	27863564	354	7
2	27947049	355	13
2	28030344	356	16
2	28114122	357	54
2	28197015	358	28
2	28280604	359	22
2	28364163	360	25
2	28447430	361	32
2	28530358	362	14
2	28613690	363	13
2	28697264	364	26
2	28780876	365	27
2	28864215	366	18
2	28948224	367	29
2	29031501	368	21
2	29115213	369	30
2	29198397	370	20
2	29281817	371	30
2	29364799	372	17
2	29448562	373	61
2	29531178	374	19
2	29614875	375	6
2	29698493	376	32
2	29781588	377	19
2	29864898	378	30
2	29948241	379	13
2	30032107	380	30
2	30115037	381	9
2	30198796	382	61
2	30280997	383	33
2	30364393	384	18
2	30447659	385	32
2	30530806	386	8
2	30614513	387	52
2	30696870	388	9
2	30780497	389	26
2	30863625	390	31
2	30946874	391	38
2	31030331	392	13
2	31114045	393	27
2	31197193	394	14
2	31280523	395	28
2	31363795	396	38
2	31446844	397	16
2	31530877	398	25
2	31613948	399	33
2	31697239	400	9
2	31781143	401	26
2	31863937	402	19
2	31947556	403	35
2	32030621	404	25
2	32114048	405	26
2	32197430	406	24
2	32280591	407	21
2	32364112	408	40
2	32447244	409	49
2	32530229	410	21
2	32613467	411	4
2	32697796	412	28
2	32780891	413	16
2	32864577	414	44
2	32947332	415	9
2	33031130	416	50
2	33113702	417	24
2	33197027	418	37
2	33279989	419	40
2	33362725	420	4
2	33446632	421	42
2	33529232	422	24
2	33612639	423	39
2	33695519	424	13
2	33779185	425	16
2	33862431	426	21
2	33945768	427	28
2	34029257	428	32
2	34112298	429	27
2	34195959	430	46
2	34278278	431	21
2	34361776	432	58
2	34444490	433	17
2	34528321	434	35
2	34611229	435	16
2	34694509	436	31
2	34777678	437	41
2	34860539	438	15
2	34944215	439	40
2	35027137	440	53
2	35109505	441	5
2	35193378	442	32
2	35276707	443	9
2	35360545	444	33
2	35443719	445	7
2	35527410	446	14
2	35610637	447	39
2	35693696	448	26
2	35777246	449	41
2	35859827	450	21
2	35943206	451	25
2	36026447	452	30
2	36109519	453	27
2	36193246	454	37
2	36276327	455	14
2	36360116	456	28
2	36443560	457	14
2	36527034	458	10
2	36610913	459	42
2	36693584	460	19
2	36777194	461	24
2	36860594	462	61
2	36943304	463	26
2	37026644	464	28
2	37109616	465	16
2	37193180	466	30
2	37276267	467	14
2	37359594	468	17
2	37443401	469	17
2	37526808	470	16
2	37610341	471	39
2	37693261	472	17
2	37776521	473	10
2	37860094	474	24
2	37943649	475	26
2	38026869	476	31
2	38109875	477	11
2	38193401	478	34
2	38276046	479	7
2	38359492	480	42
2	38442291	481	35
2	38525466	482	30
2	38608797	483	22
2	38692431	484	51
2	38775442	485	11
2	38859519	486	20
2	38942644	487	21
2	39026287	488	36
2	39109569	489	13
2	39193229	490	6
2	39277278	491	50
2	39360099	492	12
2	39443740	493	49
2	39526696	494	12
2	39610187	495	48
2	39693121	496	21
2	39776564	497	4
2	39860135	498	18
2	39943447	499	15
2	40026859	500	15
2	40110418	501	27
2	40193979	502	43
2	40277091	503	14
2	40360487	504	36
2	40443667	505	30
2	40526850	506	23
2	40610307	507	24
2	40693589	508	18
2	40777326	509	26
2	40860674	510	46
2	40943466	511	20
2	41026930	512	11
2	41110612	513	38
2	41193752	514	25
2	41277115	515	11
2	41360651	516	18
2	41443949	517	60
2	41526737	518	8
2	41610476	519	28
2	41693589	520	29
2	41776707	521	37
2	41859728	522	22
2	41943209	523	28
2	42026445	524	30
2	42109251	525	12
2	42192998	526	23
2	42276248	527	32
2	42359562	528	47
2	42442423	529	24
2	42525638	530	24
2	42608874	531	40
2	42691513	532	13
2	42775057	533	15
2	42858699	534	35
2	42942188	535	30
2	43025541	536	7
2	43109466	537	71
2	43191487	538	13
2	43275172	539	16
2	43358376	540	15
2	43442192	541	30
2	43525285	542	22
2	43608658	543	18
2	43691825	544	21
2	43775388	545	60
2	43858035	546	10
2	43942015	547	28
2	44025492	548	44
2	44108457	549	22
2	44191948	550	37
2	44274862	551	37
2	44358223	552	26
2	44441400	553	16
2	44525016	554	62
2	44607654	555	13
2	44691768	556	71
2	44774120	557	30
2	44856950	558	0
2	44940869	559	42
2	45023677	560	15
2	45107013	561	57
2	45189818	562	24
2	45273284	563	24
2	45356400	564	25
2	45440160	565	23
2	45523724	566	30
2	45607118	567	15
2	45690464	568	33
2	45773777	569	6
2	45857461	570	17
2	45940693	571	56
2	46023229	572	1
2	46106946	573	58
2	46189665	574	11
2	46273288	575	19
2	46356567	576	25
2	46440071	577	17
2	46523570	578	30
2	46606860	579	23
2	46689794	580	13
2	46773227	581	32
2	46856525	582	24
2	46939940	583	15
2	47023499	584	18
2	47107034	585	33
2	47190270	586	43
2	47273329	587	39
2	47356135	588	7
2	47439652	589	46
2	47522621	590	42
2	47605586	591	13
2	47688922	592	30
2	47771859	593	57
2	47854427	594	1
2	47938339	595	40
2	48021116	596	14
2	48104628	597	50
2	48187544	598	29
2	48270509	599	16
2	48353479	600	27
2	48436829	601	29
2	48520080	602	3
2	48603702	603	31
2	48686905	604	31
2	48770289	605	28
2	48853476	606	22
2	48936725	607	35
2	49020092	608	13
2	49103441	609	17
2	49186842	610	23
2	49269974	611	16
2	49353147	612	18
2	49436511	613	45
2	49519275	614	11
2	49602825	615	18
2	49686239	616	30
2	49769689	617	26
2	49852840	618	20
2	49936281	619	32
2	50019468	620	27
2	50102460	621	22
2	50185686	622	8
2	50269317	623	59
2	50351899	624	26
2	50435187	625	11
2	50518816	626	41
2	50601972	627	23
2	50685335	628	18
2	50769068	629	45
2	50851844	630	17
2	50935487	631	24
2	51018871	632	6
2	51102448	633	18
2	51185921	634	35
2	51269287	635	45
2	51352222	636	19
2	51435743	637	19
2	51519107	638	45
2	51601963	639	14
2	51685718	640	58
2	51768509	641	27
2	51851985	642	19
2	51935617	643	23
2	52018950	644	18
2	52102586	645	22
2	52186165	646	20
2	52269347	647	15
2	52353130	648	40
2	52436187	649	15
2	52519591	650	18
2	52602752	651	20
2	52686004	652	22
2	52769467	653	17
2	52853154	654	24
2	52936694	655	25
2	53020063	656	18
2	53103442	657	16
2	53187033	658	56
2	53269539	659	8
2	53353410	660	51
2	53436080	661	7
2	53519699	662	10
2	53603450	663	28
2	53686499	664	17
2	53770023	665	25
2	53853773	666	7
2	53937417	667	50
2	54020034	668	15
2	54103967	669	50
2	54186662	670	16
2	54270372	671	33
2	54353036	672	27
2	54436381	673	25
2	54519742	674	17
2	54603177	675	17
2	54686508	676	32
2	54769821	677	15
2	54853596	678	55
2	54936052	679	19
2	55019539	680	32
2	55102703	681	21
2	55186066	682	31
2	55268952	683	27
2	55352147	684	7
2	55435865	685	33
2	55519075	686	28
2	55602165	687	31
2	55685584	688	20
2	55768998	689	16
2	55852723	690	40
2	55935410	691	30
2	56018606	692	38
2	56101496	693	20
2	56184703	694	27
2	56267978	695	17
2	56351481	696	18
2	56435306	697	32
2	56518623	698	54
2	56601396	699	34
2	56684625	700	1
2	56768322	701	19
2	56851461	702	26
2	56934871	703	38
2	57018133	704	28
2	57101742	705	43
2	57184570	706	8
2	57268173	707	59
2	57350400	708	8
2	57434184	709	34
2	57517404	710	21
2	57600756	711	15
2	57684578	712	12
2	57768000	713	24
2	57851080	714	33
2	57934188	715	31
2	58017250	716	17
2	58100426	717	34
2	58183355	718	16
2	58267283	719	36
2	58350185	720	25
2	58433870	721	21
2	58516999	722	29
2	58600142	723	24
2	58683418	724	23
2	58766726	725	38
2	58849895	726	16
2	58933476	727	40
2	59016420	728	52
2	59099324	729	19
2	59182930	730	11
2	59266765	731	29
2	59350456	732	35
2	59433888	733	21
2	59517245	734	45
2	59600365	735	23
2	59683959	736	35
2	59767099	737	21
2	59850641	738	25
2	59934041	739	19
2	60017675	740	11
2	60101328	741	33
2	60184337	742	25
2	60267592	743	36
2	60350745	744	15
2	60434302	745	21
2	60517854	746	21
2	60600941	747	30
2	60684301	748	16
2	60768030	749	31
2	60851188	750	23
2	60934611	751	18
2	61018002	752	29
2	61100869	753	11
2	61184421	754	20
2	61268066	755	61
2	61350405	756	2
2	61434118	757	59
2	61516308	758	8
2	61599739	759	30
2	61682602	760	29
2	61766001	761	11
2	61849431	762	38
2	61932480	763	23
2	62015555	764	12
2	62099402	765	45
2	62182333	766	15
2	62266398	767	22
2	62349497	768	33
2	62432612	769	9
2	62516386	770	32
2	62599672	771	26
2	62683114	772	12
2	62766726	773	40
2	62849654	774	29
2	62932628	775	14
2	63016428	776	33
2	63099376	777	11
2	63182973	778	41
2	63265981	779	8
2	63349622	780	24
2	63432936	781	28
2	63516270	782	41
2	63599480	783	7
2	63683088	784	39
2	63766445	785	24
2	63849657	786	17
2	63933658	787	16
2	64017177	788	23
2	64100895	789	14
2	64184048	790	17
2	64267776	791	57
2	64350453	792	14
2	64434109	793	42
2	64517301	794	30
2	64600929	795	48
2	64683965	796	13
2	64768023	797	35
2	64851361	798	6
2	64935186	799	35
2	65018498	800	27
2	65102255	801	20
2	65185971	802	19
2	65269476	803	16
2	65352899	804	11
2	65436398	805	37
2	65519185	806	19
2	65602718	807	42
2	65685695	808	12
2	65768897	809	33
2	65852152	810	11
2	65935611	811	35
2	66018819	812	26
2	66102089	813	19
2	66185754	814	36
2	66268900	815	15
2	66352422	816	21
2	66435887	817	34
2	66518974	818	15
2	66602611	819	29
2	66685685	820	34
2	66769246	821	23
2	66852814	822	29
2	66936096	823	36
2	67019452	824	18
2	67102873	825	28
2	67186110	826	21
2	67269322	827	21
2	67352835	828	49
2	67435847	829	15
2	67519763	830	30
2	67602784	831	24
2	67686138	832	39
2	67768978	833	14
2	67852466	834	24
2	67935705	835	16
2	68019322	836	23
2	68102630	837	26
2	68186198	838	22
2	68269431	839	22
2	68353005	840	19
2	68435996	841	19
2	68519749	842	36
2	68602876	843	12
2	68686469	844	41
2	68769530	845	23
2	68852865	846	19
2	68936446	847	43
2	69019281	848	12
2	69102652	849	33
2	69185448	850	11
2	69269050	851	32
2	69352036	852	19
2	69435235	853	35
2	69518526	854	52
2	69601257	855	37
2	69684196	856	9
2	69767719	857	54
2	69850313	858	27
2	69933467	859	23
2	70017062	860	49
2	70099662	861	14
2	70183337	862	39
2	70266266	863	25
2	70350143	864	43
2	70433002	865	18
2	70517027	866	39
2	70600430	867	19
2	70683874	868	16
2	70767568	869	27
2	70851010	870	26
2	70934420	871	22
2	71017692	872	10
2	71101319	873	16
2	71184669	874	43
2	71267457	875	12
2	71351181	876	43
2	71433809	877	10
2	71517588	878	31
2	71600556	879	17
2	71684331	880	20
2	71767898	881	30
2	71851156	882	26
2	71934504	883	28
2	72017860	884	27
2	72101060	885	28
2	72184430	886	21
2	72267852	887	36
2	72351073	888	10
2	72435105	889	50
2	72517721	890	28
2	72601292	891	32
2	72684388	892	29
2	72767857	893	16
2	72851341	894	30
2	72934855	895	13
2	73018536	896	36
2	73101367	897	22
2	73184584	898	21
2	73268238	899	34
2	73351091	900	14
2	73434918	901	16
2	73518228	902	46
2	73600950	903	20
2	73684285	904	27
2	73767539	905	24
2	73850675	906	7
2	73934415	907	40
2	74017480	908	25
2	74100806	909	33
2	74184079	910	20
2	74267714	911	32
2	74350924	912	26
2	74434116	913	25
2	74517472	914	19
2	74601424	915	28
2	74684701	916	24
2	74767851	917	17
2	74851300	918	25
2	74934554	919	40
2	75017781	920	15
2	75101289	921	40
2	75184448	922	27
2	75267793	923	22
2	75351037	924	29
2	75434309	925	10
2	75518186	926	56
2	75600729	927	6
2	75684664	928	49
2	75767294	929	14
2	75851050	930	40
2	75933631	931	25
2	76017303	932	25
2	76100394	933	17
2	76183956	934	39
2	76266546	935	5
2	76350355	936	52
2	76432733	937	18
2	76516564	938	37
2	76599536	939	5
2	76683210	940	24
2	76767082	941	45
2	76849871	942	18
2	76933354	943	15
2	77016730	944	27
2	77099994	945	29
2	77183186	946	12
2	77267083	947	54
2	77349522	948	3
2	77433498	949	27
2	77516691	950	21
2	77600125	951	12
2	77683898	952	41
2	77766871	953	31
2	77850122	954	18
2	77933740	955	18
2	78017340	956	44
2	78100020	957	15
2	78183316	958	29
2	78266627	959	9
2	78350140	960	15
2	78433533	961	18
2	78516690	962	11
2	78600426	963	48
2	78683226	964	17
2	78767084	965	39
2	78849847	966	9
2	78933521	967	24
2	79017029	968	46
2	79100041	969	22
2	79183268	970	12
2	79266755	971	33
2	79349728	972	26
2	79432923	973	6
2	79516724	974	70
2	79598887	975	16
2	79682508	976	47
2	79764912	977	32
2	79848237	978	27
2	79931480	979	19
2	80015287	980	48
2	80098069	981	12
2	80181855	982	29
2	80265063	983	18
2	80348770	984	47
2	80431737	985	10
2	80515679	986	79
2	80597311	987	11
2	80681245	988	62
2	80763588	989	10
2	80847318	990	34
2	80930174	991	28
2	81013482	992	10
2	81096860	993	40
2	81179811	994	8
2	81263445	995	18
2	81346876	996	23
2	81430285	997	6
2	81514023	998	51
2	81596390	999	10
3	12529441	170	0
3	12612661	171	3
3	12696094	172	4
3	12778786	173	3
3	12862756	174	1
3	12945704	175	3
3	13029622	176	5
3	13112020	177	0
3	13195786	178	2
3	13278444	179	0
3	13362035	180	0
3	13445035	181	4
3	13528701	182	0
3	13612132	183	0
3	13695431	184	5
3	13779068	185	1
3	13862278	186	0
3	13945994	187	4
3	14028854	188	0
3	14112238	189	1
3	14195572	190	1
3	14278694	191	0
3	14361954	192	1
3	14445700	193	0
3	14529258	194	0
3	14613010	195	1
3	14696542	196	6
3	14779340	197	2
3	14863392	198	1
3	14946612	199	7
3	15030249	200	0
3	15113637	201	1
3	15196510	202	1
3	15280083	203	6
3	15363403	204	2
3	15446960	205	0
3	15530119	206	2
3	15613745	207	8
3	15696046	208	2
3	15779902	209	3
3	15862000	210	1
3	15946095	211	2
3	16029723	212	3
3	16112860	213	2
3	16196249	214	0
3	16279820	215	13
3	16362743	216	3
3	16446149	217	1
3	16529844	218	0
3	16613111	219	1
3	16696721	220	1
3	16779569	221	4
3	16863239	222	0
3	16946413	223	1
3	17030092	224	2
3	17113231	225	6
3	17196921	226	1
3	17279815	227	2
3	17363944	228	1
3	17446553	229	1
3	17530004	230	0
3	17613272	231	0
3	17696424	232	2
3	17779603	233	0
3	17862607	234	1
3	17946124	235	0
3	18029513	236	0
3	18113022	237	0
3	18195931	238	8
3	18278954	239	1
3	18361859	240	0
3	18445246	241	1
3	18528708	242	3
3	18612158	243	0
3	18695395	244	0
3	18778830	245	9
3	18861584	246	6
3	18945268	247	2
3	19028218	248	0
3	19111837	249	3
3	19195431	250	2
3	19278651	251	4
3	19362127	252	2
3	19445322	253	1
3	19529136	254	3
3	19612806	255	4
3	19696613	256	2
3	19779118	257	2
3	19862889	258	1
3	19945831	259	2
3	20029412	260	0
3	20113067	261	0
3	20195831	262	2
3	20279877	263	3
3	20363214	264	6
3	20446519	265	1
3	20529356	266	2
3	20612398	267	1
3	20695794	268	2
3	20779193	269	1
3	20862672	270	1
3	20945960	271	0
3	21029352	272	0
3	21111884	273	4
3	21195648	274	4
3	21278806	275	2
3	21362038	276	2
3	21445265	277	1
3	21528626	278	1
3	21611869	279	0
3	21695709	280	3
3	21778834	281	1
3	21862706	282	0
3	21945518	283	0
3	22029171	284	2
3	22111391	285	0
3	22195242	286	0
3	22278323	287	1
3	22362136	288	2
3	22444885	289	1
3	22528485	290	1
3	22611705	291	3
3	22695750	292	1
3	22778896	293	3
3	22862286	294	1
3	22945857	295	0
3	23029056	296	2
3	23111951	297	5
3	23195639	298	2
3	23279135	299	10
3	23362643	300	0
3	23446247	301	1
3	23529802	302	4
3	23612797	303	0
3	23696521	304	5
3	23779172	305	1
3	23862927	306	3
3	23945979	307	6
3	24029388	308	3
3	24112381	309	4
3	24196271	310	3
3	24279443	311	10
3	24362971	312	0
3	24446082	313	6
3	24529715	314	4
3	24612555	315	3
3	24696227	316	0
3	24779250	317	1
3	24862546	318	4
3	24945416	319	4
3	25029044	320	1
3	25112469	321	0
3	25195707	322	1
3	25279395	323	3
3	25363092	324	4
3	25446195	325	3
3	25529252	326	0
3	25612994	327	6
3	25696230	328	2
3	25779886	329	3
3	25862775	330	3
3	25947059	331	2
3	26030045	332	0
3	26113591	333	2
3	26197037	334	5
3	26279866	335	0
3	26363442	336	5
3	26447146	337	1
3	26530121	338	0
3	26613161	339	0
3	26696934	340	2
3	26780347	341	4
3	26863321	342	0
3	26946667	343	4
3	27030064	344	1
3	27113434	345	2
3	27197226	346	4
3	27280394	347	0
3	27363790	348	3
3	27447028	349	0
3	27530521	350	2
3	27614345	351	1
3	27697090	352	1
3	27781140	353	4
3	27863564	354	4
3	27947049	355	2
3	28030344	356	4
3	28114122	357	5
3	28197015	358	1
3	28280604	359	0
3	28364163	360	1
3	28447430	361	1
3	28530358	362	3
3	28613690	363	1
3	28697264	364	0
3	28780876	365	1
3	28864215	366	4
3	28948224	367	3
3	29031501	368	3
3	29115213	369	0
3	29198397	370	3
3	29281817	371	1
3	29364799	372	3
3	29448562	373	1
3	29531178	374	0
3	29614875	375	4
3	29698493	376	2
3	29781588	377	3
3	29864898	378	1
3	29948241	379	1
3	30032107	380	5
3	30115037	381	1
3	30198796	382	0
3	30280997	383	1
3	30364393	384	2
3	30447659	385	2
3	30530806	386	0
3	30614513	387	1
3	30696870	388	1
3	30780497	389	0
3	30863625	390	2
3	30946874	391	5
3	31030331	392	1
3	31114045	393	0
3	31197193	394	1
3	31280523	395	0
3	31363795	396	6
3	31446844	397	6
3	31530877	398	0
3	31613948	399	1
3	31697239	400	7
3	31781143	401	0
3	31863937	402	0
3	31947556	403	1
3	32030621	404	0
3	32114048	405	1
3	32197430	406	2
3	32280591	407	0
3	32364112	408	3
3	32447244	409	7
3	32530229	410	3
3	32613467	411	10
3	32697796	412	5
3	32780891	413	0
3	32864577	414	7
3	32947332	415	0
3	33031130	416	0
3	33113702	417	1
3	33197027	418	3
3	33279989	419	1
3	33362725	420	1
3	33446632	421	0
3	33529232	422	0
3	33612639	423	5
3	33695519	424	5
3	33779185	425	0
3	33862431	426	1
3	33945768	427	4
3	34029257	428	2
3	34112298	429	1
3	34195959	430	4
3	34278278	431	0
3	34361776	432	3
3	34444490	433	2
3	34528321	434	0
3	34611229	435	1
3	34694509	436	3
3	34777678	437	5
3	34860539	438	4
3	34944215	439	4
3	35027137	440	1
3	35109505	441	8
3	35193378	442	2
3	35276707	443	0
3	35360545	444	0
3	35443719	445	4
3	35527410	446	1
3	35610637	447	0
3	35693696	448	0
3	35777246	449	0
3	35859827	450	5
3	35943206	451	3
3	36026447	452	5
3	36109519	453	2
3	36193246	454	0
3	36276327	455	0
3	36360116	456	4
3	36443560	457	0
3	36527034	458	4
3	36610913	459	2
3	36693584	460	1
3	36777194	461	5
3	36860594	462	0
3	36943304	463	9
3	37026644	464	7
3	37109616	465	8
3	37193180	466	0
3	37276267	467	0
3	37359594	468	2
3	37443401	469	1
3	37526808	470	2
3	37610341	471	3
3	37693261	472	3
3	37776521	473	1
3	37860094	474	1
3	37943649	475	2
3	38026869	476	2
3	38109875	477	3
3	38193401	478	0
3	38276046	479	2
3	38359492	480	4
3	38442291	481	1
3	38525466	482	0
3	38608797	483	0
3	38692431	484	0
3	38775442	485	4
3	38859519	486	2
3	38942644	487	0
3	39026287	488	4
3	39109569	489	1
3	39193229	490	5
3	39277278	491	5
3	39360099	492	7
3	39443740	493	4
3	39526696	494	8
3	39610187	495	5
3	39693121	496	0
3	39776564	497	0
3	39860135	498	2
3	39943447	499	4
3	40026859	500	2
3	40110418	501	0
3	40193979	502	3
3	40277091	503	1
3	40360487	504	4
3	40443667	505	2
3	40526850	506	0
3	40610307	507	3
3	40693589	508	2
3	40777326	509	0
3	40860674	510	5
3	40943466	511	4
3	41026930	512	1
3	41110612	513	6
3	41193752	514	2
3	41277115	515	1
3	41360651	516	3
3	41443949	517	1
3	41526737	518	2
3	41610476	519	1
3	41693589	520	1
3	41776707	521	2
3	41859728	522	0
3	41943209	523	0
3	42026445	524	0
3	42109251	525	2
3	42192998	526	6
3	42276248	527	1
3	42359562	528	0
3	42442423	529	2
3	42525638	530	1
3	42608874	531	1
3	42691513	532	3
3	42775057	533	0
3	42858699	534	1
3	42942188	535	3
3	43025541	536	0
3	43109466	537	0
3	43191487	538	4
3	43275172	539	0
3	43358376	540	0
3	43442192	541	2
3	43525285	542	3
3	43608658	543	3
3	43691825	544	0
3	43775388	545	0
3	43858035	546	2
3	43942015	547	1
3	44025492	548	3
3	44108457	549	1
3	44191948	550	5
3	44274862	551	1
3	44358223	552	2
3	44441400	553	0
3	44525016	554	2
3	44607654	555	1
3	44691768	556	2
3	44774120	557	8
3	44856950	558	8
3	44940869	559	3
3	45023677	560	1
3	45107013	561	2
3	45189818	562	7
3	45273284	563	1
3	45356400	564	1
3	45440160	565	1
3	45523724	566	2
3	45607118	567	1
3	45690464	568	1
3	45773777	569	4
3	45857461	570	3
3	45940693	571	0
3	46023229	572	0
3	46106946	573	0
3	46189665	574	6
3	46273288	575	0
3	46356567	576	3
3	46440071	577	2
3	46523570	578	1
3	46606860	579	1
3	46689794	580	5
3	46773227	581	4
3	46856525	582	0
3	46939940	583	1
3	47023499	584	3
3	47107034	585	0
3	47190270	586	2
3	47273329	587	4
3	47356135	588	0
3	47439652	589	1
3	47522621	590	3
3	47605586	591	1
3	47688922	592	0
3	47771859	593	4
3	47854427	594	4
3	47938339	595	5
3	48021116	596	0
3	48104628	597	0
3	48187544	598	0
3	48270509	599	0
3	48353479	600	0
3	48436829	601	0
3	48520080	602	0
3	48603702	603	0
3	48686905	604	0
3	48770289	605	2
3	48853476	606	1
3	48936725	607	2
3	49020092	608	4
3	49103441	609	5
3	49186842	610	10
3	49269974	611	0
3	49353147	612	1
3	49436511	613	1
3	49519275	614	1
3	49602825	615	1
3	49686239	616	0
3	49769689	617	12
3	49852840	618	7
3	49936281	619	0
3	50019468	620	2
3	50102460	621	0
3	50185686	622	5
3	50269317	623	5
3	50351899	624	1
3	50435187	625	1
3	50518816	626	4
3	50601972	627	0
3	50685335	628	1
3	50769068	629	2
3	50851844	630	3
3	50935487	631	0
3	51018871	632	2
3	51102448	633	4
3	51185921	634	1
3	51269287	635	6
3	51352222	636	1
3	51435743	637	1
3	51519107	638	1
3	51601963	639	6
3	51685718	640	4
3	51768509	641	0
3	51851985	642	3
3	51935617	643	4
3	52018950	644	1
3	52102586	645	5
3	52186165	646	9
3	52269347	647	4
3	52353130	648	3
3	52436187	649	5
3	52519591	650	1
3	52602752	651	0
3	52686004	652	1
3	52769467	653	0
3	52853154	654	3
3	52936694	655	9
3	53020063	656	6
3	53103442	657	2
3	53187033	658	1
3	53269539	659	2
3	53353410	660	1
3	53436080	661	2
3	53519699	662	2
3	53603450	663	2
3	53686499	664	0
3	53770023	665	0
3	53853773	666	2
3	53937417	667	4
3	54020034	668	0
3	54103967	669	0
3	54186662	670	1
3	54270372	671	4
3	54353036	672	1
3	54436381	673	0
3	54519742	674	2
3	54603177	675	0
3	54686508	676	0
3	54769821	677	0
3	54853596	678	1
3	54936052	679	3
3	55019539	680	0
3	55102703	681	1
3	55186066	682	3
3	55268952	683	1
3	55352147	684	0
3	55435865	685	2
3	55519075	686	2
3	55602165	687	4
3	55685584	688	2
3	55768998	689	1
3	55852723	690	1
3	55935410	691	1
3	56018606	692	2
3	56101496	693	1
3	56184703	694	1
3	56267978	695	1
3	56351481	696	0
3	56435306	697	0
3	56518623	698	1
3	56601396	699	4
3	56684625	700	0
3	56768322	701	0
3	56851461	702	0
3	56934871	703	3
3	57018133	704	3
3	57101742	705	6
3	57184570	706	4
3	57268173	707	1
3	57350400	708	0
3	57434184	709	3
3	57517404	710	6
3	57600756	711	8
3	57684578	712	1
3	57768000	713	3
3	57851080	714	0
3	57934188	715	2
3	58017250	716	2
3	58100426	717	2
3	58183355	718	2
3	58267283	719	0
3	58350185	720	0
3	58433870	721	0
3	58516999	722	1
3	58600142	723	0
3	58683418	724	3
3	58766726	725	2
3	58849895	726	1
3	58933476	727	13
3	59016420	728	3
3	59099324	729	0
3	59182930	730	0
3	59266765	731	7
3	59350456	732	3
3	59433888	733	7
3	59517245	734	3
3	59600365	735	4
3	59683959	736	3
3	59767099	737	9
3	59850641	738	10
3	59934041	739	6
3	60017675	740	11
3	60101328	741	1
3	60184337	742	0
3	60267592	743	2
3	60350745	744	5
3	60434302	745	0
3	60517854	746	0
3	60600941	747	4
3	60684301	748	9
3	60768030	749	6
3	60851188	750	2
3	60934611	751	3
3	61018002	752	6
3	61100869	753	1
3	61184421	754	1
3	61268066	755	0
3	61350405	756	0
3	61434118	757	1
3	61516308	758	0
3	61599739	759	3
3	61682602	760	1
3	61766001	761	2
3	61849431	762	3
3	61932480	763	5
3	62015555	764	1
3	62099402	765	1
3	62182333	766	3
3	62266398	767	5
3	62349497	768	1
3	62432612	769	5
3	62516386	770	2
3	62599672	771	4
3	62683114	772	1
3	62766726	773	0
3	62849654	774	0
3	62932628	775	6
3	63016428	776	1
3	63099376	777	4
3	63182973	778	2
3	63265981	779	1
3	63349622	780	1
3	63432936	781	6
3	63516270	782	1
3	63599480	783	0
3	63683088	784	1
3	63766445	785	5
3	63849657	786	0
3	63933658	787	1
3	64017177	788	2
3	64100895	789	2
3	64184048	790	1
3	64267776	791	0
3	64350453	792	1
3	64434109	793	7
3	64517301	794	4
3	64600929	795	1
3	64683965	796	2
3	64768023	797	5
3	64851361	798	3
3	64935186	799	3
3	65018498	800	1
3	65102255	801	1
3	65185971	802	0
3	65269476	803	3
3	65352899	804	3
3	65436398	805	1
3	65519185	806	0
3	65602718	807	1
3	65685695	808	5
3	65768897	809	1
3	65852152	810	1
3	65935611	811	1
3	66018819	812	0
3	66102089	813	0
3	66185754	814	10
3	66268900	815	1
3	66352422	816	0
3	66435887	817	4
3	66518974	818	2
3	66602611	819	3
3	66685685	820	1
3	66769246	821	0
3	66852814	822	1
3	66936096	823	1
3	67019452	824	3
3	67102873	825	0
3	67186110	826	1
3	67269322	827	3
3	67352835	828	7
3	67435847	829	0
3	67519763	830	3
3	67602784	831	0
3	67686138	832	3
3	67768978	833	1
3	67852466	834	6
3	67935705	835	0
3	68019322	836	2
3	68102630	837	2
3	68186198	838	0
3	68269431	839	1
3	68353005	840	2
3	68435996	841	3
3	68519749	842	0
3	68602876	843	1
3	68686469	844	2
3	68769530	845	3
3	68852865	846	0
3	68936446	847	0
3	69019281	848	4
3	69102652	849	1
3	69185448	850	0
3	69269050	851	4
3	69352036	852	2
3	69435235	853	0
3	69518526	854	0
3	69601257	855	1
3	69684196	856	6
3	69767719	857	1
3	69850313	858	0
3	69933467	859	0
3	70017062	860	3
3	70099662	861	2
3	70183337	862	2
3	70266266	863	1
3	70350143	864	5
3	70433002	865	3
3	70517027	866	7
3	70600430	867	2
3	70683874	868	2
3	70767568	869	2
3	70851010	870	0
3	70934420	871	3
3	71017692	872	3
3	71101319	873	1
3	71184669	874	2
3	71267457	875	1
3	71351181	876	2
3	71433809	877	1
3	71517588	878	0
3	71600556	879	5
3	71684331	880	4
3	71767898	881	0
3	71851156	882	2
3	71934504	883	3
3	72017860	884	5
3	72101060	885	2
3	72184430	886	6
3	72267852	887	0
3	72351073	888	4
3	72435105	889	0
3	72517721	890	0
3	72601292	891	7
3	72684388	892	3
3	72767857	893	5
3	72851341	894	1
3	72934855	895	2
3	73018536	896	1
3	73101367	897	0
3	73184584	898	2
3	73268238	899	0
3	73351091	900	0
3	73434918	901	0
3	73518228	902	2
3	73600950	903	4
3	73684285	904	0
3	73767539	905	2
3	73850675	906	1
3	73934415	907	0
3	74017480	908	1
3	74100806	909	0
3	74184079	910	0
3	74267714	911	5
3	74350924	912	7
3	74434116	913	2
3	74517472	914	0
3	74601424	915	2
3	74684701	916	1
3	74767851	917	0
3	74851300	918	6
3	74934554	919	3
3	75017781	920	1
3	75101289	921	0
3	75184448	922	1
3	75267793	923	0
3	75351037	924	2
3	75434309	925	2
3	75518186	926	0
3	75600729	927	3
3	75684664	928	6
3	75767294	929	0
3	75851050	930	3
3	75933631	931	2
3	76017303	932	4
3	76100394	933	0
3	76183956	934	2
3	76266546	935	3
3	76350355	936	1
3	76432733	937	3
3	76516564	938	1
3	76599536	939	3
3	76683210	940	5
3	76767082	941	2
3	76849871	942	0
3	76933354	943	1
3	77016730	944	1
3	77099994	945	2
3	77183186	946	0
3	77267083	947	8
3	77349522	948	0
3	77433498	949	1
3	77516691	950	3
3	77600125	951	1
3	77683898	952	1
3	77766871	953	1
3	77850122	954	0
3	77933740	955	0
3	78017340	956	7
3	78100020	957	10
3	78183316	958	0
3	78266627	959	1
3	78350140	960	1
3	78433533	961	0
3	78516690	962	3
3	78600426	963	1
3	78683226	964	2
3	78767084	965	0
3	78849847	966	1
3	78933521	967	5
3	79017029	968	1
3	79100041	969	2
3	79183268	970	0
3	79266755	971	1
3	79349728	972	1
3	79432923	973	2
3	79516724	974	1
3	79598887	975	0
3	79682508	976	0
3	79764912	977	4
3	79848237	978	2
3	79931480	979	0
3	80015287	980	8
3	80098069	981	3
3	80181855	982	2
3	80265063	983	2
3	80348770	984	0
3	80431737	985	2
3	80515679	986	0
3	80597311	987	1
3	80681245	988	3
3	80763588	989	1
3	80847318	990	1
3	80930174	991	2
3	81013482	992	4
3	81096860	993	1
3	81179811	994	1
3	81263445	995	8
3	81346876	996	3
3	81430285	997	2
3	81514023	998	0
3	81596390	999	1
4	12529441	170	0.034636236939412
4	12612661	171	0.034409910054096
4	12696094	172	0.034182598672443
4	12778786	173	0.033965110722312
4	12862756	174	0.03373845634793
4	12945704	175	0.033523429368863
4	13029622	176	0.033306223616436
4	13112020	177	0.033098437061013
4	13195786	178	0.032888623771122
4	13278444	179	0.032686395299787
4	13362035	180	0.032478419466661
4	13445035	181	0.03227731243808
4	13528701	182	0.032076048690256
4	13612132	183	0.031876097929777
4	13695431	184	0.031685159807259
4	13779068	185	0.031490499029766
4	13862278	186	0.031301176932987
4	13945994	187	0.03111029124528
4	14028854	188	0.03092661177232
4	14112238	189	0.03074245110374
4	14195572	190	0.03056231678067
4	14278694	191	0.030382885826619
4	14361954	192	0.030206398095111
4	14445700	193	0.030029642095267
4	14529258	194	0.029858828348184
4	14613010	195	0.029688481476624
4	14696542	196	0.029518345160803
4	14779340	197	0.029353853503728
4	14863392	198	0.029187546013727
4	14946612	199	0.029022420435454
4	15030249	200	0.028861960452773
4	15113637	201	0.028701445581352
4	15196510	202	0.02854469502666
4	15280083	203	0.028387586411707
4	15363403	204	0.028233587565801
4	15446960	205	0.028080425629141
4	15530119	206	0.027928825807625
4	15613745	207	0.027781903660986
4	15696046	208	0.027644114945039
4	15779902	209	0.027497228230828
4	15862000	210	0.027358067705337
4	15946095	211	0.02721314274332
4	16029723	212	0.027082022895962
4	16112860	213	0.026942885213484
4	16196249	214	0.026803584602024
4	16279820	215	0.026668813714682
4	16362743	216	0.026533158746053
4	16446149	217	0.026397905823356
4	16529844	218	0.02626218270087
4	16613111	219	0.026133239465683
4	16696721	220	0.025999510924202
4	16779569	221	0.025872272926643
4	16863239	222	0.025741502942697
4	16946413	223	0.025615781129629
4	17030092	224	0.02548758471692
4	17113231	225	0.025364399716079
4	17196921	226	0.025240772112054
4	17279815	227	0.025120541847637
4	17363944	228	0.024996516973947
4	17446553	229	0.024878884436831
4	17530004	230	0.024759079095655
4	17613272	231	0.024642184719099
4	17696424	232	0.024526598486596
4	17779603	233	0.024413334504916
4	17862607	234	0.02430353747101
4	17946124	235	0.024192778392465
4	18029513	236	0.024079850629458
4	18113022	237	0.023968972492022
4	18195931	238	0.023859573324914
4	18278954	239	0.023751823086827
4	18361859	240	0.023644133153658
4	18445246	241	0.023536707975433
4	18528708	242	0.023429553601053
4	18612158	243	0.023325328084345
4	18695395	244	0.02322854701638
4	18778830	245	0.023124954718773
4	18861584	246	0.02302535781748
4	18945268	247	0.022921249099028
4	19028218	248	0.02282254925068
4	19111837	249	0.022721340606553
4	19195431	250	0.022628354220372
4	19278651	251	0.022532494517816
4	19362127	252	0.022434045830926
4	19445322	253	0.022338768815379
4	19529136	254	0.022242346372751
4	19612806	255	0.022146297604521
4	19696613	256	0.022050228789348
4	19779118	257	0.021961086005125
4	19862889	258	0.021866669372205
4	19945831	259	0.02177553592673
4	20029412	260	0.021683468147612
4	20113067	261	0.021595437456638
4	20195831	262	0.021508326930561
4	20279877	263	0.021418829789613
4	20363214	264	0.021330338212774
4	20446519	265	0.021242574830678
4	20529356	266	0.021156413175769
4	20612398	267	0.021071256626008
4	20695794	268	0.020985965544267
4	20779193	269	0.020902578275574
4	20862672	270	0.020817136593445
4	20945960	271	0.020733537253997
4	21029352	272	0.020651793798234
4	21111884	273	0.020571624900685
4	21195648	274	0.020491345484275
4	21278806	275	0.020415071739187
4	21362038	276	0.02033501848638
4	21445265	277	0.020256399415609
4	21528626	278	0.020177677742084
4	21611869	279	0.020099237655306
4	21695709	280	0.020021079708227
4	21778834	281	0.019945003226262
4	21862706	282	0.019867305565794
4	21945518	283	0.019792073072774
4	22029171	284	0.019717949186955
4	22111391	285	0.019644244195449
4	22195242	286	0.019568823306505
4	22278323	287	0.019496006528811
4	22362136	288	0.01942263601926
4	22444885	289	0.019351118231652
4	22528485	290	0.019281369390798
4	22611705	291	0.019209995879595
4	22695750	292	0.019138426854597
4	22778896	293	0.019068274370913
4	22862286	294	0.018998048432358
4	22945857	295	0.018930573996247
4	23029056	296	0.018863303374226
4	23111951	297	0.018796427240656
4	23195639	298	0.018727177202603
4	23279135	299	0.018659646405541
4	23362643	300	0.018592681044777
4	23446247	301	0.018525597797374
4	23529802	302	0.018459865948759
4	23612797	303	0.018395501141988
4	23696521	304	0.018329441213406
4	23779172	305	0.018266986857765
4	23862927	306	0.018201768268237
4	23945979	307	0.018138729952456
4	24029388	308	0.018077388910076
4	24112381	309	0.018016193063755
4	24196271	310	0.017953541802804
4	24279443	311	0.017892289536941
4	24362971	312	0.017830569288513
4	24446082	313	0.017769675997446
4	24529715	314	0.017715282767115
4	24612555	315	0.017659827370687
4	24696227	316	0.01759894308479
4	24779250	317	0.017540009590923
4	24862546	318	0.017481221660352
4	24945416	319	0.017424985568325
4	25029044	320	0.017367460705441
4	25112469	321	0.017309446711245
4	25195707	322	0.017251784529548
4	25279395	323	0.017195464205828
4	25363092	324	0.017137230847413
4	25446195	325	0.017084935973535
4	25529252	326	0.017029744366478
4	25612994	327	0.016973506783506
4	25696230	328	0.016918600664204
4	25779886	329	0.016863851012222
4	25862775	330	0.016810665379179
4	25947059	331	0.016756145310472
4	26030045	332	0.016703706497541
4	26113591	333	0.016649668683932
4	26197037	334	0.016595596670888
4	26279866	335	0.016547544017272
4	26363442	336	0.016495057975221
4	26447146	337	0.016442152669518
4	26530121	338	0.016390954045366
4	26613161	339	0.016340258742833
4	26696934	340	0.016287940927459
4	26780347	341	0.01623754410435
4	26863321	342	0.016188034572454
4	26946667	343	0.016137469268191
4	27030064	344	0.016087158953348
4	27113434	345	0.016041053213966
4	27197226	346	0.015991708003258
4	27280394	347	0.015943253826196
4	27363790	348	0.015893776593103
4	27447028	349	0.015846465357866
4	27530521	350	0.015797903852202
4	27614345	351	0.015748921362938
4	27697090	352	0.015704084952175
4	27781140	353	0.015656367998029
4	27863564	354	0.015610547462134
4	27947049	355	0.015563396390214
4	28030344	356	0.015516891521826
4	28114122	357	0.015470248283073
4	28197015	358	0.015425371442444
4	28280604	359	0.015379823437278
4	28364163	360	0.015333999386001
4	28447430	361	0.015289123861189
4	28530358	362	0.015244483335333
4	28613690	363	0.015199995778268
4	28697264	364	0.015155953197378
4	28780876	365	0.015111768676789
4	28864215	366	0.015067893581367
4	28948224	367	0.01502395905054
4	29031501	368	0.01498098121006
4	29115213	369	0.014937215638008
4	29198397	370	0.014894321163002
4	29281817	371	0.014851442605989
4	29364799	372	0.014810053903043
4	29448562	373	0.014767532278876
4	29531178	374	0.014726885385599
4	29614875	375	0.014684714539414
4	29698493	376	0.014643231170204
4	29781588	377	0.014602499712716
4	29864898	378	0.014561405282617
4	29948241	379	0.014520785510471
4	30032107	380	0.014480100544617
4	30115037	381	0.014440173796791
4	30198796	382	0.014400034662738
4	30280997	383	0.014361287513275
4	30364393	384	0.014321585136445
4	30447659	385	0.014282715451482
4	30530806	386	0.014243610073551
4	30614513	387	0.014204321296126
4	30696870	388	0.014166316921543
4	30780497	389	0.014127753080687
4	30863625	390	0.014090133808168
4	30946874	391	0.014052668640968
4	31030331	392	0.01401600114178
4	31114045	393	0.013977305074658
4	31197193	394	0.013940126174111
4	31280523	395	0.01390339058038
4	31363795	396	0.013866158358524
4	31446844	397	0.013830320120219
4	31530877	398	0.013792883306334
4	31613948	399	0.013756940553207
4	31697239	400	0.013720596453793
4	31781143	401	0.013686787278445
4	31863937	402	0.013651273450295
4	31947556	403	0.013615707523765
4	32030621	404	0.01358051846033
4	32114048	405	0.01354500140245
4	32197430	406	0.013509627406852
4	32280591	407	0.013474500707707
4	32364112	408	0.01343978605801
4	32447244	409	0.013405748777136
4	32530229	410	0.013371780037003
4	32613467	411	0.013337550822025
4	32697796	412	0.013302575103994
4	32780891	413	0.013268495152486
4	32864577	414	0.013234812272058
4	32947332	415	0.01320194516397
4	33031130	416	0.013167997075133
4	33113702	417	0.013135520459287
4	33197027	418	0.013102429042404
4	33279989	419	0.013069958449507
4	33362725	420	0.013038940354201
4	33446632	421	0.013006180380451
4	33529232	422	0.012973993483739
4	33612639	423	0.012942139876911
4	33695519	424	0.012910519422529
4	33779185	425	0.012877882813501
4	33862431	426	0.012846346109838
4	33945768	427	0.012815020478833
4	34029257	428	0.01278350698398
4	34112298	429	0.012752317396256
4	34195959	430	0.012720792941689
4	34278278	431	0.012692140004022
4	34361776	432	0.012661583093287
4	34444490	433	0.012631523584396
4	34528321	434	0.012600192369349
4	34611229	435	0.012570258819972
4	34694509	436	0.012539794194217
4	34777678	437	0.012509621672927
4	34860539	438	0.012480296547782
4	34944215	439	0.012450230039816
4	35027137	440	0.012421289452248
4	35109505	441	0.012392305476207
4	35193378	442	0.012362201346888
4	35276707	443	0.0123332106574
4	35360545	444	0.012303480151638
4	35443719	445	0.012274746476654
4	35527410	446	0.012245678391604
4	35610637	447	0.0122166786064
4	35693696	448	0.012188434379674
4	35777246	449	0.01215982447998
4	35859827	450	0.012132284843484
4	35943206	451	0.012104157916842
4	36026447	452	0.01207626230882
4	36109519	453	0.0120485789338
4	36193246	454	0.012020336975396
4	36276327	455	0.011992776037751
4	36360116	456	0.011965026584335
4	36443560	457	0.011937668965098
4	36527034	458	0.011910091619268
4	36610913	459	0.011882690386236
4	36693584	460	0.011856065228928
4	36777194	461	0.011829041212839
4	36860594	462	0.011802043448883
4	36943304	463	0.011776243206799
4	37026644	464	0.011749597407098
4	37109616	465	0.01172581550552
4	37193180	466	0.011699498225729
4	37276267	467	0.01167348789996
4	37359594	468	0.01164710667446
4	37443401	469	0.011621312907344
4	37526808	470	0.011595228901188
4	37610341	471	0.011569416498994
4	37693261	472	0.011543980724436
4	37776521	473	0.011518518469188
4	37860094	474	0.011492923904564
4	37943649	475	0.011467260361707
4	38026869	476	0.011442241028002
4	38109875	477	0.011417360778303
4	38193401	478	0.01139213826536
4	38276046	479	0.011367774043144
4	38359492	480	0.01134306745505
4	38442291	481	0.011318853193898
4	38525466	482	0.011294565078271
4	38608797	483	0.011269955040073
4	38692431	484	0.011245729860612
4	38775442	485	0.01122153579849
4	38859519	486	0.011196880203222
4	38942644	487	0.011172953390904
4	39026287	488	0.01114886990063
4	39109569	489	0.01112533367639
4	39193229	490	0.011101326562311
4	39277278	491	0.011077578918783
4	39360099	492	0.011054201120503
4	39443740	493	0.011030724803314
4	39526696	494	0.011007866398513
4	39610187	495	0.010984390936607
4	39693121	496	0.010961612807139
4	39776564	497	0.010938721404123
4	39860135	498	0.010915153863533
4	39943447	499	0.010892620526695
4	40026859	500	0.010870016076261
4	40110418	501	0.010846933809622
4	40193979	502	0.010824342253486
4	40277091	503	0.010802222399872
4	40360487	504	0.010779816513761
4	40443667	505	0.010757717492984
4	40526850	506	0.010735442352859
4	40610307	507	0.010713166367496
4	40693589	508	0.010691511325733
4	40777326	509	0.0106694697466
4	40860674	510	0.010647597518844
4	40943466	511	0.010626088965234
4	41026930	512	0.01060479717467
4	41110612	513	0.010583020664302
4	41193752	514	0.010561617168246
4	41277115	515	0.010539953223473
4	41360651	516	0.010518966494513
4	41443949	517	0.010497719101042
4	41526737	518	0.010476747750007
4	41610476	519	0.010455329098651
4	41693589	520	0.010434451063173
4	41776707	521	0.010413693862929
4	41859728	522	0.010393243910734
4	41943209	523	0.010372587965495
4	42026445	524	0.010351840480149
4	42109251	525	0.010331644843735
4	42192998	526	0.010311048369405
4	42276248	527	0.01029090121544
4	42359562	528	0.010270613077692
4	42442423	529	0.010250465526172
4	42525638	530	0.010230493685202
4	42608874	531	0.010210539241152
4	42691513	532	0.010190746547602
4	42775057	533	0.01017081512356
4	42858699	534	0.01015119982064
4	42942188	535	0.010131019099923
4	43025541	536	0.010111403155955
4	43109466	537	0.010091403753003
4	43191487	538	0.010072468663301
4	43275172	539	0.01005286822931
4	43358376	540	0.010033693160196
4	43442192	541	0.010014243199741
4	43525285	542	0.0099950302231777
4	43608658	543	0.0099759253512857
4	43691825	544	0.009956767274381
4	43775388	545	0.0099379452999311
4	43858035	546	0.0099192398613967
4	43942015	547	0.0099001400077617
4	44025492	548	0.0098812716309925
4	44108457	549	0.0098628012271478
4	44191948	550	0.0098442764775521
4	44274862	551	0.0098259551560132
4	44358223	552	0.0098074349611014
4	44441400	553	0.0097890176910913
4	44525016	554	0.0097705590730171
4	44607654	555	0.0097526318460419
4	44691768	556	0.0097341895397984
4	44774120	557	0.0097161879916096
4	44856950	558	0.0096986009476547
4	44940869	559	0.0096801238446927
4	45023677	560	0.0096625266479256
4	45107013	561	0.0096446168361463
4	45189818	562	0.0096273948812718
4	45273284	563	0.0096093052921182
4	45356400	564	0.0095918899284047
4	45440160	565	0.0095740499847776
4	45523724	566	0.0095564452410604
4	45607118	567	0.0095387473004066
4	45690464	568	0.0095213663733261
4	45773777	569	0.0095040591168303
4	45857461	570	0.0094863984046002
4	45940693	571	0.0094692075560948
4	46023229	572	0.0094523991693081
4	46106946	573	0.0094352900358842
4	46189665	574	0.0094184478728989
4	46273288	575	0.0094013693298807
4	46356567	576	0.0093845461007146
4	46440071	577	0.0093675698803598
4	46523570	578	0.0093505134240633
4	46606860	579	0.009333861475048
4	46689794	580	0.009317369114559
4	46773227	581	0.0093007948910157
4	46856525	582	0.009284419074285
4	46939940	583	0.0092675942834118
4	47023499	584	0.0092510975515828
4	47107034	585	0.0092346298619824
4	47190270	586	0.0092182206958008
4	47273329	587	0.0092022026548908
4	47356135	588	0.0091860645446376
4	47439652	589	0.0091698565354314
4	47522621	590	0.0091537346877643
4	47605586	591	0.0091380653041989
4	47688922	592	0.0091219202443763
4	47771859	593	0.0091062252548227
4	47854427	594	0.0090948653745483
4	47938339	595	0.0090789274861067
4	48021116	596	0.0090632352355792
4	48104628	597	0.0090472943863274
4	48187544	598	0.0090320411974658
4	48270509	599	0.00901849134625
4	48353479	600	0.0090029826151095
4	48436829	601	0.0089874617949791
4	48520080	602	0.008971994397428
4	48603702	603	0.0089564225643064
4	48686905	604	0.0089411818188393
4	48770289	605	0.0089257258727439
4	48853476	606	0.0089108003554435
4	48936725	607	0.0088955680458532
4	49020092	608	0.0088804879650609
4	49103441	609	0.0088653226971315
4	49186842	610	0.008850136730215
4	49269974	611	0.0088353815477947
4	49353147	612	0.0088205675985307
4	49436511	613	0.0088065967565676
4	49519275	614	0.0087918718611341
4	49602825	615	0.0087769558008529
4	49686239	616	0.0087623475194609
4	49769689	617	0.0087477524188976
4	49852840	618	0.0087330119961617
4	49936281	619	0.0087184353355011
4	50019468	620	0.0087040035399298
4	50102460	621	0.0086896019951447
4	50185686	622	0.0086750654263311
4	50269317	623	0.0086604994171299
4	50351899	624	0.0086465523183849
4	50435187	625	0.0086322970587355
4	50518816	626	0.0086179256837087
4	50601972	627	0.0086038158992156
4	50685335	628	0.0085895732207773
4	50769068	629	0.008575326640186
4	50851844	630	0.0085614321084864
4	50935487	631	0.0085471857983397
4	51018871	632	0.0085332981024627
4	51102448	633	0.008519069723492
4	51185921	634	0.0085052480967603
4	51269287	635	0.0084916462020119
4	51352222	636	0.0084777555644148
4	51435743	637	0.0084639765140543
4	51519107	638	0.0084502091805103
4	51601963	639	0.0084368319622872
4	51685718	640	0.008423160918869
4	51768509	641	0.0084098854778622
4	51851985	642	0.0083961793745986
4	51935617	643	0.0083825178739881
4	52018950	644	0.0083691516262069
4	52102586	645	0.0083556907998583
4	52186165	646	0.0083431325301205
4	52269347	647	0.0083298689700833
4	52353130	648	0.0083165676095825
4	52436187	649	0.0083033086613025
4	52519591	650	0.0082900681038289
4	52602752	651	0.0082769013637381
4	52686004	652	0.0082639578400672
4	52769467	653	0.0082509446264007
4	52853154	654	0.0082377292950441
4	52936694	655	0.0082246812650958
4	53020063	656	0.0082118692627912
4	53103442	657	0.0081990272180045
4	53187033	658	0.0081858381972999
4	53269539	659	0.0081733243315975
4	53353410	660	0.0081602793500436
4	53436080	661	0.0081477207372482
4	53519699	662	0.0081350707448533
4	53603450	663	0.0081221779747852
4	53686499	664	0.0081097210784355
4	53770023	665	0.0080970296548099
4	53853773	666	0.0080841589336681
4	53937417	667	0.0080717204439446
4	54020034	668	0.0080595152745319
4	54103967	669	0.0080467260441176
4	54186662	670	0.0080346559513168
4	54270372	671	0.0080220866878402
4	54353036	672	0.0080100606954576
4	54436381	673	0.0079977603314414
4	54519742	674	0.0079856155594036
4	54603177	675	0.0079731624237087
4	54686508	676	0.007961136117401
4	54769821	677	0.0079489197421744
4	54853596	678	0.0079367408015962
4	54936052	679	0.0079249183566781
4	55019539	680	0.0079128489638611
4	55102703	681	0.007900736951827
4	55186066	682	0.0078889998760508
4	55268952	683	0.0078771112405358
4	55352147	684	0.0078653941738292
4	55435865	685	0.007853327139705
4	55519075	686	0.0078416735667838
4	55602165	687	0.0078299128723189
4	55685584	688	0.0078181591558989
4	55768998	689	0.0078064688354509
4	55852723	690	0.007794694096978
4	55935410	691	0.0077831367767599
4	56018606	692	0.0077716346110681
4	56101496	693	0.0077600829080947
4	56184703	694	0.0077487735882837
4	56267978	695	0.0077372551157862
4	56351481	696	0.0077257156729566
4	56435306	697	0.0077142587235468
4	56518623	698	0.0077026369251387
4	56601396	699	0.0076916309972018
4	56684625	700	0.0076802203272079
4	56768322	701	0.0076687279621525
4	56851461	702	0.0076575883197008
4	56934871	703	0.0076463053752043
4	57018133	704	0.0076352509374264
4	57101742	705	0.0076240538193374
4	57184570	706	0.0076129966235797
4	57268173	707	0.0076017578186749
4	57350400	708	0.0075911645719928
4	57434184	709	0.007579996724909
4	57517404	710	0.0075692455676278
4	57600756	711	0.0075580166842171
4	57684578	712	0.0075470645267042
4	57768000	713	0.0075360390871085
4	57851080	714	0.0075252944132339
4	57934188	715	0.0075144890043302
4	58017250	716	0.0075038576902405
4	58100426	717	0.0074929839839199
4	58183355	718	0.0074824651334068
4	58267283	719	0.0074713888790586
4	58350185	720	0.0074610269945059
4	58433870	721	0.0074501807891029
4	58516999	722	0.0074396154365145
4	58600142	723	0.0074290736315948
4	58683418	724	0.007418453574673
4	58766726	725	0.0074079842939778
4	58849895	726	0.0073976077421913
4	58933476	727	0.0073870395687935
4	59016420	728	0.0073767907210608
4	59099324	729	0.0073663508565
4	59182930	730	0.0073559217464535
4	59266765	731	0.0073455408256266
4	59350456	732	0.0073350772784626
4	59433888	733	0.0073247488675664
4	59517245	734	0.0073144556831529
4	59600365	735	0.0073043639693007
4	59683959	736	0.00729419556972
4	59767099	737	0.0072840002760111
4	59850641	738	0.0072739801427737
4	59934041	739	0.0072637315238899
4	60017675	740	0.0072537001748061
4	60101328	741	0.0072433752321085
4	60184337	742	0.0072335208845353
4	60267592	743	0.0072234582139299
4	60350745	744	0.0072136399130296
4	60434302	745	0.0072035425184603
4	60517854	746	0.0071936168285424
4	60600941	747	0.0071836886448589
4	60684301	748	0.0071739007919801
4	60768030	749	0.0071639794846669
4	60851188	750	0.007154209751578
4	60934611	751	0.0071444430413075
4	61018002	752	0.0071345853475596
4	61100869	753	0.0071249307549908
4	61184421	754	0.0071150975531166
4	61268066	755	0.0071053847751371
4	61350405	756	0.0070958846164566
4	61434118	757	0.00708613137013
4	61516308	758	0.0070768388048841
4	61599739	759	0.0070671666589104
4	61682602	760	0.0070577338282009
4	61766001	761	0.0070482285788732
4	61849431	762	0.0070386515973169
4	61932480	763	0.0070292318923787
4	62015555	764	0.0070199170683088
4	62099402	765	0.0070103713974255
4	62182333	766	0.0070010441714447
4	62266398	767	0.0069914424292355
4	62349497	768	0.0069822105278441
4	62432612	769	0.0069729524202332
4	62516386	770	0.0069634947476135
4	62599672	771	0.0069541911936609
4	62683114	772	0.0069448678902557
4	62766726	773	0.0069356529096731
4	62849654	774	0.0069265842881126
4	62932628	775	0.006917373507802
4	63016428	776	0.0069081155193976
4	63099376	777	0.0068991297181447
4	63182973	778	0.0068899424033928
4	63265981	779	0.0068810256671161
4	63349622	780	0.0068717937318698
4	63432936	781	0.0068628150544284
4	63516270	782	0.0068537838334315
4	63599480	783	0.0068447709381907
4	63683088	784	0.0068356845476887
4	63766445	785	0.0068268268426162
4	63849657	786	0.0068179544718803
4	63933658	787	0.00680881055051
4	64017177	788	0.0068000917572455
4	64100895	789	0.0067910009822474
4	64184048	790	0.0067821098347644
4	64267776	791	0.0067732525384047
4	64350453	792	0.0067647461071059
4	64434109	793	0.0067559024390244
4	64517301	794	0.0067472186041146
4	64600929	795	0.0067384836232116
4	64683965	796	0.0067297816941541
4	64768023	797	0.0067210656802478
4	64851361	798	0.0067123201627831
4	64935186	799	0.0067035506514587
4	65018498	800	0.0066950525758086
4	65102255	801	0.0066863539210105
4	65185971	802	0.0066776932951516
4	65269476	803	0.0066691218732713
4	65352899	804	0.0066604955513338
4	65436398	805	0.0066519681941244
4	65519185	806	0.0066436666039857
4	65602718	807	0.0066352585497177
4	65685695	808	0.0066268108702359
4	65768897	809	0.0066183998550314
4	65852152	810	0.0066100707360042
4	65935611	811	0.0066015611593916
4	66018819	812	0.0065933798079267
4	66102089	813	0.006585088456696
4	66185754	814	0.0065767929472709
4	66268900	815	0.0065685183119454
4	66352422	816	0.0065601998375108
4	66435887	817	0.0065520015925845
4	66518974	818	0.0065437496078362
4	66602611	819	0.0065355331865556
4	66685685	820	0.0065273422948555
4	66769246	821	0.0065191571790185
4	66852814	822	0.006511012155494
4	66936096	823	0.0065043264513783
4	67019452	824	0.006496176424687
4	67102873	825	0.0064881391750067
4	67186110	826	0.0064801363388352
4	67269322	827	0.0064720661349775
4	67352835	828	0.0064641173545648
4	67435847	829	0.0064562843628614
4	67519763	830	0.0064480717226957
4	67602784	831	0.0064401146694476
4	67686138	832	0.0064321772303303
4	67768978	833	0.0064244023406254
4	67852466	834	0.0064164797849019
4	67935705	835	0.0064085720016906
4	68019322	836	0.0064005795858622
4	68102630	837	0.0063928666890149
4	68186198	838	0.0063849557522124
4	68269431	839	0.0063771817982946
4	68353005	840	0.0063693096089179
4	68435996	841	0.0063616017305203
4	68519749	842	0.0063538192265777
4	68602876	843	0.0063461813330792
4	68686469	844	0.0063383576054801
4	68769530	845	0.0063307521881238
4	68852865	846	0.0063230033754818
4	68936446	847	0.0063153379996907
4	69019281	848	0.0063077922872705
4	69102652	849	0.0063002187394032
4	69185448	850	0.0062926770769359
4	69269050	851	0.0062850211351802
4	69352036	852	0.0062775203432117
4	69435235	853	0.0062699602424558
4	69518526	854	0.0062625496924421
4	69601257	855	0.0062551566390056
4	69684196	856	0.0062476908511523
4	69767719	857	0.00624012142939
4	69850313	858	0.0062328754303189
4	69933467	859	0.0062254358452226
4	70017062	860	0.0062179559457319
4	70099662	861	0.0062106989295906
4	70183337	862	0.0062033477156233
4	70266266	863	0.0061960670932874
4	70350143	864	0.006188657558804
4	70433002	865	0.0061814113580042
4	70517027	866	0.0061740632295956
4	70600430	867	0.0061667237659608
4	70683874	868	0.0061593973494245
4	70767568	869	0.006152070834793
4	70851010	870	0.006144800978853
4	70934420	871	0.0061375700383368
4	71017692	872	0.0061303474146757
4	71101319	873	0.0061230638232869
4	71184669	874	0.0061158450398293
4	71267457	875	0.0061087984195301
4	71351181	876	0.0061015788134691
4	71433809	877	0.0060946937166509
4	71517588	878	0.0060874431894884
4	71600556	879	0.0060811470395931
4	71684331	880	0.0060739082186803
4	71767898	881	0.006066775871902
4	71851156	882	0.0060597323472418
4	71934504	883	0.0060527813155765
4	72017860	884	0.0060457786724143
4	72101060	885	0.0060388469631065
4	72184430	886	0.0060318891118794
4	72267852	887	0.0060248676254688
4	72351073	888	0.0060180339467433
4	72435105	889	0.0060108151634422
4	72517721	890	0.0060040924071356
4	72601292	891	0.0059972060596784
4	72684388	892	0.0059904556731186
4	72767857	893	0.0059834434340363
4	72851341	894	0.0059779889081767
4	72934855	895	0.005971065050207
4	73018536	896	0.0059641941761479
4	73101367	897	0.0059574456377067
4	73184584	898	0.0059505774348003
4	73268238	899	0.0059437943931647
4	73351091	900	0.005937157033382
4	73434918	901	0.0059303273833774
4	73518228	902	0.0059235823002458
4	73600950	903	0.0059169495566558
4	73684285	904	0.0059102388866559
4	73767539	905	0.0059036279262527
4	73850675	906	0.0058969594675102
4	73934415	907	0.0058902059089762
4	74017480	908	0.0058836316701199
4	74100806	909	0.005876996319498
4	74184079	910	0.0058704913088125
4	74267714	911	0.0058637505661657
4	74350924	912	0.0058571520350577
4	74434116	913	0.0058507145694344
4	74517472	914	0.0058441492717587
4	74601424	915	0.0058375042630429
4	74684701	916	0.0058309528602369
4	74767851	917	0.0058244905672305
4	74851300	918	0.0058180582155133
4	74934554	919	0.0058115659623808
4	75017781	920	0.0058050842913521
4	75101289	921	0.0057986287090034
4	75184448	922	0.0057921487326958
4	75267793	923	0.0057858416893241
4	75351037	924	0.0057793748185813
4	75434309	925	0.0057730378270288
4	75518186	926	0.0057664689914971
4	75600729	927	0.0057603020018396
4	75684664	928	0.0057538805975107
4	75767294	929	0.0057476336883934
4	75851050	930	0.0057412366760354
4	75933631	931	0.0057351273071124
4	76017303	932	0.0057287542985501
4	76100394	933	0.0057225315512283
4	76183956	934	0.0057161676267312
4	76266546	935	0.0057100474683544
4	76350355	936	0.0057036999963121
4	76432733	937	0.0056975989958648
4	76516564	938	0.0056913689118912
4	76599536	939	0.0056851972194325
4	76683210	940	0.0056789569760488
4	76767082	941	0.0056727044082828
4	76849871	942	0.0056666732094137
4	76933354	943	0.0056604809415443
4	77016730	944	0.0056543612549927
4	77099994	945	0.005648170067242
4	77183186	946	0.0056421394398641
4	77267083	947	0.0056359713054162
4	77349522	948	0.0056300618390235
4	77433498	949	0.0056239127653924
4	77516691	950	0.0056178062599525
4	77600125	951	0.0056117457252635
4	77683898	952	0.0056056873682071
4	77766871	953	0.0055996782819636
4	77850122	954	0.0055936892902906
4	77933740	955	0.0055877851957564
4	78017340	956	0.0055817028930634
4	78100020	957	0.0055758384197864
4	78183316	958	0.005569846557512
4	78266627	959	0.0055638925791639
4	78350140	960	0.0055579905499401
4	78433533	961	0.0055520156105166
4	78516690	962	0.0055461635993391
4	78600426	963	0.0055402282233721
4	78683226	964	0.0055344469962158
4	78767084	965	0.0055284731367016
4	78849847	966	0.0055227128820578
4	78933521	967	0.0055168416225031
4	79017029	968	0.0055110634869932
4	79100041	969	0.0055052624486563
4	79183268	970	0.0054994107547419
4	79266755	971	0.0054936725400735
4	79349728	972	0.0054878941275541
4	79432923	973	0.0054821799086746
4	79516724	974	0.0054764325603982
4	79598887	975	0.0054706937946377
4	79682508	976	0.0054650429076224
4	79764912	977	0.0054594415371407
4	79848237	978	0.0054537142684429
4	79931480	979	0.005448029846221
4	80015287	980	0.0054423093840721
4	80098069	981	0.0054367510814182
4	80181855	982	0.0054310474566068
4	80265063	983	0.0054254169603007
4	80348770	984	0.0054216449035349
4	80431737	985	0.0054160324311822
4	80515679	986	0.0054102626387769
4	80597311	987	0.0054049434271359
4	80681245	988	0.005399291436477
4	80763588	989	0.0053938628001519
4	80847318	990	0.005388183683331
4	80930174	991	0.0053827439071365
4	81013482	992	0.0053771615860641
4	81096860	993	0.005371624135109
4	81179811	994	0.0053662210506496
4	81263445	995	0.0053606397624093
4	81346876	996	0.0053551064809521
4	81430285	997	0.0053495813075849
4	81514023	998	0.0053440905978794
4	81596390	999	0.0053387591821543
5	12529442	170	482857
5	12612662	171	481857
5	12696095	172	480571
5	12778787	173	484857
5	12862757	174	482357
5	12945705	175	482928
5	13029623	176	483285
5	13112021	177	481214
5	13195787	178	481071
5	13278445	179	480071
5	13362036	180	479571
5	13445036	181	479428
5	13528702	182	484000
5	13612133	183	480214
5	13695432	184	482428
5	13779069	185	484285
5	13862279	186	483285
5	13945995	187	482214
5	14028855	188	480285
5	14112239	189	480428
5	14195573	190	480428
5	14278695	191	479642
5	14361955	192	481428
5	14445701	193	483000
5	14529259	194	485000
5	14613011	195	484214
5	14696543	196	483428
5	14779341	197	484071
5	14863393	198	483071
5	14946613	199	482285
5	15030250	200	483000
5	15113638	201	482357
5	15196511	202	481428
5	15280084	203	480571
5	15363404	204	481142
5	15446961	205	483000
5	15530120	206	483285
5	15613746	207	482500
5	15696047	208	481500
5	15779903	209	481071
5	15862001	210	481000
5	15946096	211	485785
5	16029724	212	483357
5	16112861	213	482571
5	16196250	214	481357
5	16279821	215	481642
5	16362744	216	478857
5	16446150	217	481428
5	16529845	218	481928
5	16613112	219	483214
5	16696722	220	482071
5	16779570	221	480785
5	16863240	222	481214
5	16946414	223	481285
5	17030093	224	483642
5	17113232	225	483714
5	17196922	226	482214
5	17279816	227	483285
5	17363945	228	484285
5	17446554	229	482214
5	17530005	230	478928
5	17613273	231	480714
5	17696425	232	482285
5	17779604	233	480928
5	17862608	234	482285
5	17946125	235	483000
5	18029514	236	482928
5	18113023	237	483142
5	18195932	238	480642
5	18278955	239	480428
5	18361860	240	479928
5	18445247	241	482357
5	18528709	242	482142
5	18612159	243	480857
5	18695396	244	481071
5	18778831	245	482000
5	18861585	246	482785
5	18945269	247	482714
5	19028219	248	482571
5	19111838	249	481571
5	19195432	250	482857
5	19278652	251	480000
5	19362128	252	480214
5	19445323	253	483214
5	19529137	254	482928
5	19612807	255	483714
5	19696614	256	482357
5	19779119	257	480857
5	19862890	258	480500
5	19945832	259	480357
5	20029413	260	482928
5	20113068	261	482714
5	20195832	262	484214
5	20279878	263	484000
5	20363215	264	481214
5	20446520	265	480500
5	20529357	266	479357
5	20612399	267	478214
5	20695795	268	482857
5	20779194	269	482285
5	20862673	270	482714
5	20945961	271	481785
5	21029353	272	481928
5	21111885	273	480785
5	21195649	274	484428
5	21278807	275	480714
5	21362039	276	481071
5	21445266	277	481285
5	21528627	278	482357
5	21611870	279	481857
5	21695710	280	482357
5	21778835	281	482428
5	21862707	282	482071
5	21945519	283	481857
5	22029172	284	480642
5	22111392	285	481285
5	22195243	286	482428
5	22278324	287	481928
5	22362137	288	482071
5	22444886	289	483142
5	22528486	290	482642
5	22611706	291	482428
5	22695751	292	485142
5	22778897	293	481142
5	22862287	294	479357
5	22945858	295	480071
5	23029057	296	482928
5	23111952	297	482142
5	23195640	298	479785
5	23279136	299	482857
5	23362644	300	485357
5	23446248	301	482571
5	23529803	302	482571
5	23612798	303	481785
5	23696522	304	480214
5	23779173	305	482785
5	23862928	306	482428
5	23945980	307	480285
5	24029389	308	482857
5	24112382	309	482500
5	24196272	310	481214
5	24279444	311	483000
5	24362972	312	480785
5	24446083	313	482714
5	24529716	314	481714
5	24612556	315	481857
5	24696228	316	479857
5	24779251	317	479500
5	24862547	318	478857
5	24945417	319	483928
5	25029045	320	483071
5	25112470	321	481285
5	25195708	322	483000
5	25279396	323	486000
5	25363093	324	482500
5	25446196	325	481071
5	25529253	326	484714
5	25612995	327	483071
5	25696231	328	481642
5	25779887	329	481214
5	25862776	330	483571
5	25947060	331	485000
5	26030046	332	484285
5	26113592	333	480500
5	26197038	334	480357
5	26279867	335	482642
5	26363443	336	481857
5	26447147	337	483142
5	26530122	338	480785
5	26613162	339	481714
5	26696935	340	482500
5	26780348	341	482428
5	26863322	342	482571
5	26946668	343	481857
5	27030065	344	481928
5	27113435	345	481928
5	27197227	346	484428
5	27280395	347	482500
5	27363791	348	483285
5	27447029	349	483285
5	27530522	350	481571
5	27614346	351	481000
5	27697091	352	483428
5	27781141	353	483714
5	27863565	354	481071
5	27947050	355	479071
5	28030345	356	481500
5	28114123	357	482500
5	28197016	358	484428
5	28280605	359	483428
5	28364164	360	483857
5	28447431	361	481571
5	28530359	362	478571
5	28613691	363	479500
5	28697265	364	482857
5	28780877	365	484500
5	28864216	366	484642
5	28948225	367	485071
5	29031502	368	483214
5	29115214	369	482857
5	29198398	370	481357
5	29281818	371	481642
5	29364800	372	481000
5	29448563	373	482571
5	29531179	374	483142
5	29614876	375	482214
5	29698494	376	481571
5	29781589	377	480142
5	29864899	378	481000
5	29948242	379	484428
5	30032108	380	482285
5	30115038	381	480142
5	30198797	382	481000
5	30280998	383	480357
5	30364394	384	482214
5	30447660	385	481500
5	30530807	386	480000
5	30614514	387	480142
5	30696871	388	480357
5	30780498	389	479642
5	30863626	390	481285
5	30946875	391	485571
5	31030332	392	481928
5	31114046	393	482214
5	31197194	394	481000
5	31280524	395	480500
5	31363796	396	480857
5	31446845	397	483357
5	31530878	398	484571
5	31613949	399	481428
5	31697240	400	482571
5	31781144	401	481714
5	31863938	402	478000
5	31947557	403	482500
5	32030622	404	482714
5	32114049	405	482214
5	32197431	406	483071
5	32280592	407	480000
5	32364113	408	484000
5	32447245	409	482857
5	32530230	410	481214
5	32613468	411	481142
5	32697797	412	486000
5	32780892	413	480642
5	32864578	414	482285
5	32947333	415	481428
5	33031131	416	481571
5	33113703	417	481285
5	33197028	418	479714
5	33279990	419	480642
5	33362726	420	479500
5	33446633	421	482357
5	33529233	422	479928
5	33612640	423	480000
5	33695520	424	481500
5	33779186	425	482428
5	33862432	426	479785
5	33945769	427	481785
5	34029258	428	483714
5	34112299	429	481357
5	34195960	430	480928
5	34278279	431	478571
5	34361777	432	481642
5	34444491	433	483571
5	34528322	434	484000
5	34611230	435	480642
5	34694510	436	479000
5	34777679	437	480857
5	34860540	438	480928
5	34944216	439	482928
5	35027138	440	480071
5	35109506	441	479142
5	35193379	442	482142
5	35276708	443	484928
5	35360546	444	481928
5	35443720	445	482142
5	35527411	446	480500
5	35610638	447	479928
5	35693697	448	482285
5	35777247	449	483428
5	35859828	450	479214
5	35943207	451	479642
5	36026448	452	480571
5	36109520	453	482142
5	36193247	454	484142
5	36276328	455	483500
5	36360117	456	483357
5	36443561	457	483928
5	36527035	458	481214
5	36610914	459	481285
5	36693585	460	481428
5	36777195	461	482785
5	36860595	462	481857
5	36943305	463	482285
5	37026645	464	481285
5	37109617	465	479571
5	37193181	466	482928
5	37276268	467	480857
5	37359595	468	480285
5	37443402	469	483285
5	37526809	470	481500
5	37610342	471	480785
5	37693262	472	481785
5	37776522	473	478571
5	37860095	474	481571
5	37943650	475	482214
5	38026870	476	480571
5	38109876	477	480714
5	38193402	478	478714
5	38276047	479	478642
5	38359493	480	478000
5	38442292	481	481000
5	38525467	482	482285
5	38608798	483	482642
5	38692432	484	484285
5	38775443	485	485857
5	38859520	486	484142
5	38942645	487	480571
5	39026288	488	482071
5	39109570	489	483500
5	39193230	490	482785
5	39277279	491	485071
5	39360100	492	483642
5	39443741	493	481214
5	39526697	494	483214
5	39610188	495	479357
5	39693122	496	483000
5	39776565	497	482571
5	39860136	498	478071
5	39943448	499	480428
5	40026860	500	481928
5	40110419	501	482500
5	40193980	502	483214
5	40277092	503	484357
5	40360488	504	480071
5	40443668	505	481642
5	40526851	506	481000
5	40610308	507	481928
5	40693590	508	482071
5	40777327	509	484571
5	40860675	510	481214
5	40943467	511	481928
5	41026931	512	482857
5	41110613	513	481857
5	41193753	514	483214
5	41277116	515	481285
5	41360652	516	481857
5	41443950	517	480285
5	41526738	518	482071
5	41610477	519	482071
5	41693590	520	480714
5	41776708	521	479571
5	41859729	522	482214
5	41943210	523	481571
5	42026446	524	481357
5	42109252	525	478500
5	42192999	526	482785
5	42276249	527	481214
5	42359563	528	482214
5	42442424	529	481428
5	42525639	530	479857
5	42608875	531	479714
5	42691514	532	478642
5	42775058	533	481500
5	42858700	534	484285
5	42942189	535	484285
5	43025542	536	483642
5	43109467	537	481500
5	43191488	538	480857
5	43275173	539	480571
5	43358377	540	480785
5	43442193	541	483500
5	43525286	542	481714
5	43608659	543	480428
5	43691826	544	480071
5	43775389	545	482928
5	43858036	546	483357
5	43942016	547	484071
5	44025493	548	483857
5	44108458	549	482571
5	44191949	550	481785
5	44274863	551	480642
5	44358224	552	483571
5	44441401	553	481642
5	44525017	554	482928
5	44607655	555	484857
5	44691769	556	484142
5	44774121	557	481071
5	44856951	558	479142
5	44940870	559	481642
5	45023678	560	480857
5	45107014	561	480357
5	45189819	562	483357
5	45273285	563	481642
5	45356401	564	482571
5	45440161	565	483785
5	45523725	566	484357
5	45607119	567	481571
5	45690465	568	479571
5	45773778	569	484071
5	45857462	570	480500
5	45940694	571	479714
5	46023230	572	480642
5	46106947	573	481285
5	46189666	574	482000
5	46273289	575	480785
5	46356568	576	482142
5	46440072	577	481785
5	46523571	578	481785
5	46606861	579	480357
5	46689795	580	478642
5	46773228	581	481214
5	46856526	582	482928
5	46939941	583	482500
5	47023500	584	483071
5	47107035	585	482357
5	47190271	586	481142
5	47273330	587	481500
5	47356136	588	480071
5	47439653	589	481000
5	47522622	590	482357
5	47605587	591	480142
5	47688923	592	480000
5	47771860	593	479000
5	47854428	594	481357
5	47938340	595	481571
5	48021117	596	480214
5	48104629	597	481000
5	48187545	598	482642
5	48270510	599	478071
5	48353480	600	477571
5	48436830	601	480928
5	48520081	602	481285
5	48603703	603	480071
5	48686906	604	482642
5	48770290	605	482357
5	48853477	606	482571
5	48936726	607	480928
5	49020093	608	482500
5	49103442	609	479214
5	49186843	610	480000
5	49269975	611	478642
5	49353148	612	478000
5	49436512	613	480642
5	49519276	614	480571
5	49602826	615	480142
5	49686240	616	482071
5	49769690	617	483142
5	49852841	618	481071
5	49936282	619	482071
5	50019469	620	480285
5	50102461	621	479357
5	50185687	622	479571
5	50269318	623	481142
5	50351900	624	482000
5	50435188	625	481857
5	50518817	626	482142
5	50601973	627	483785
5	50685336	628	482571
5	50769069	629	482785
5	50851845	630	480857
5	50935488	631	481785
5	51018872	632	483071
5	51102449	633	479500
5	51185922	634	483071
5	51269288	635	483928
5	51352223	636	480571
5	51435744	637	482928
5	51519108	638	480500
5	51601964	639	483142
5	51685719	640	483857
5	51768510	641	483285
5	51851986	642	482928
5	51935618	643	482928
5	52018951	644	482500
5	52102587	645	483071
5	52186166	646	482285
5	52269348	647	481000
5	52353131	648	482500
5	52436188	649	482500
5	52519592	650	479714
5	52602753	651	478000
5	52686005	652	481071
5	52769468	653	482642
5	52853155	654	482928
5	52936695	655	483214
5	53020064	656	483357
5	53103443	657	482642
5	53187034	658	481285
5	53269540	659	481571
5	53353411	660	481000
5	53436081	661	481357
5	53519700	662	482857
5	53603451	663	480071
5	53686500	664	480500
5	53770024	665	483428
5	53853774	666	482071
5	53937418	667	481285
5	54020035	668	483000
5	54103968	669	481928
5	54186663	670	482428
5	54270373	671	481000
5	54353037	672	479071
5	54436382	673	482714
5	54519743	674	483071
5	54603178	675	479714
5	54686509	676	479785
5	54769822	677	484500
5	54853597	678	482142
5	54936053	679	481071
5	55019540	680	481571
5	55102704	681	481214
5	55186067	682	480928
5	55268953	683	479571
5	55352148	684	480428
5	55435866	685	481857
5	55519076	686	481857
5	55602166	687	480928
5	55685585	688	482285
5	55768999	689	482785
5	55852724	690	481214
5	55935411	691	480000
5	56018607	692	480714
5	56101497	693	479928
5	56184704	694	480071
5	56267979	695	483642
5	56351482	696	483500
5	56435307	697	483214
5	56518624	698	481857
5	56601397	699	482214
5	56684626	700	481642
5	56768323	701	480714
5	56851462	702	481500
5	56934872	703	482785
5	57018134	704	483428
5	57101743	705	482785
5	57184571	706	480571
5	57268174	707	479785
5	57350401	708	480571
5	57434185	709	482500
5	57517405	710	482428
5	57600757	711	481000
5	57684579	712	482428
5	57768001	713	480214
5	57851081	714	480214
5	57934189	715	480785
5	58017251	716	479785
5	58100427	717	478714
5	58183356	718	482142
5	58267284	719	481500
5	58350186	720	483428
5	58433871	721	482214
5	58517000	722	478785
5	58600143	723	480071
5	58683419	724	482071
5	58766727	725	482142
5	58849896	726	482071
5	58933477	727	483500
5	59016421	728	483428
5	59099325	729	481285
5	59182931	730	484714
5	59266766	731	483928
5	59350457	732	485285
5	59433889	733	484357
5	59517246	734	483142
5	59600366	735	483785
5	59683960	736	482642
5	59767100	737	482071
5	59850642	738	484214
5	59934042	739	482642
5	60017676	740	483142
5	60101329	741	481357
5	60184338	742	481142
5	60267593	743	481428
5	60350746	744	481714
5	60434303	745	480785
5	60517855	746	482000
5	60600942	747	479857
5	60684302	748	483785
5	60768031	749	482714
5	60851189	750	480142
5	60934612	751	483285
5	61018003	752	480071
5	61100870	753	478000
5	61184422	754	482142
5	61268067	755	483285
5	61350406	756	479785
5	61434119	757	478357
5	61516309	758	478071
5	61599740	759	477214
5	61682603	760	480357
5	61766002	761	482714
5	61849432	762	479714
5	61932481	763	481714
5	62015556	764	480928
5	62099403	765	483357
5	62182334	766	483428
5	62266399	767	484785
5	62349498	768	479142
5	62432613	769	481714
5	62516387	770	483571
5	62599673	771	482071
5	62683115	772	483500
5	62766727	773	481357
5	62849655	774	479857
5	62932629	775	481428
5	63016429	776	481500
5	63099377	777	479357
5	63182974	778	480857
5	63265982	779	483071
5	63349623	780	481785
5	63432937	781	481428
5	63516271	782	482500
5	63599481	783	482714
5	63683089	784	482571
5	63766446	785	484642
5	63849658	786	481714
5	63933659	787	485000
5	64017178	788	484428
5	64100896	789	482714
5	64184049	790	479928
5	64267777	791	483285
5	64350454	792	483214
5	64434110	793	482500
5	64517302	794	485071
5	64600930	795	485000
5	64683966	796	483714
5	64768024	797	485714
5	64851362	798	483642
5	64935187	799	483214
5	65018499	800	485285
5	65102256	801	485571
5	65185972	802	484714
5	65269477	803	482500
5	65352900	804	479500
5	65436399	805	479500
5	65519186	806	481000
5	65602719	807	480642
5	65685696	808	481857
5	65768898	809	478357
5	65852153	810	481357
5	65935612	811	480500
5	66018820	812	483214
5	66102090	813	482142
5	66185755	814	483428
5	66268901	815	482500
5	66352423	816	480642
5	66435888	817	483071
5	66518975	818	482357
5	66602612	819	482571
5	66685686	820	481142
5	66769247	821	484428
5	66852815	822	483642
5	66936097	823	482928
5	67019453	824	483428
5	67102874	825	481500
5	67186111	826	480857
5	67269323	827	480785
5	67352836	828	481928
5	67435848	829	485428
5	67519764	830	482785
5	67602785	831	480500
5	67686139	832	481500
5	67768979	833	480142
5	67852467	834	480500
5	67935706	835	480571
5	68019323	836	481642
5	68102631	837	482642
5	68186199	838	483071
5	68269432	839	481785
5	68353006	840	482500
5	68435997	841	479642
5	68519750	842	482642
5	68602877	843	483285
5	68686470	844	480142
5	68769531	845	482500
5	68852866	846	482785
5	68936447	847	481357
5	69019282	848	479785
5	69102653	849	478214
5	69185449	850	478642
5	69269051	851	480571
5	69352037	852	480071
5	69435236	853	479785
5	69518527	854	482785
5	69601258	855	481142
5	69684197	856	481428
5	69767720	857	479857
5	69850314	858	480642
5	69933468	859	482357
5	70017063	860	482785
5	70099663	861	479714
5	70183338	862	483571
5	70266267	863	482857
5	70350144	864	484071
5	70433003	865	483571
5	70517028	866	486500
5	70600431	867	484928
5	70683875	868	481285
5	70767569	869	483285
5	70851011	870	484500
5	70934421	871	481785
5	71017693	872	481642
5	71101320	873	480071
5	71184670	874	479642
5	71267458	875	482071
5	71351182	876	480285
5	71433810	877	481714
5	71517589	878	480928
5	71600557	879	481714
5	71684332	880	483285
5	71767899	881	482428
5	71851157	882	481357
5	71934505	883	482642
5	72017861	884	483571
5	72101061	885	480785
5	72184431	886	481785
5	72267853	887	483357
5	72351074	888	484000
5	72435106	889	481928
5	72517722	890	482000
5	72601293	891	485571
5	72684389	892	482214
5	72767858	893	482857
5	72851342	894	481357
5	72934856	895	484000
5	73018537	896	481785
5	73101368	897	480071
5	73184585	898	480500
5	73268239	899	483071
5	73351092	900	481357
5	73434919	901	481214
5	73518229	902	479285
5	73600951	903	480714
5	73684286	904	481000
5	73767540	905	480714
5	73850676	906	481071
5	73934416	907	481428
5	74017481	908	482357
5	74100807	909	481285
5	74184080	910	484500
5	74267715	911	482357
5	74350925	912	481714
5	74434117	913	482214
5	74517473	914	483714
5	74601425	915	483500
5	74684702	916	482357
5	74767852	917	480571
5	74851301	918	480214
5	74934555	919	482428
5	75017782	920	483857
5	75101290	921	481357
5	75184449	922	481214
5	75267794	923	482785
5	75351038	924	480214
5	75434310	925	483428
5	75518187	926	483214
5	75600730	927	482571
5	75684665	928	482071
5	75767295	929	481071
5	75851051	930	481285
5	75933632	931	479000
5	76017304	932	483142
5	76100395	933	481214
5	76183957	934	480071
5	76266547	935	478857
5	76350356	936	480285
5	76432734	937	482285
5	76516565	938	482642
5	76599537	939	480928
5	76683211	940	482000
5	76767083	941	485857
5	76849872	942	481857
5	76933355	943	481071
5	77016731	944	480214
5	77099995	945	480928
5	77183187	946	481642
5	77267084	947	482142
5	77349523	948	480285
5	77433499	949	483214
5	77516692	950	481500
5	77600126	951	481714
5	77683899	952	483857
5	77766872	953	482285
5	77850123	954	481928
5	77933741	955	483000
5	78017341	956	481428
5	78100021	957	480285
5	78183317	958	480071
5	78266628	959	481571
5	78350141	960	480285
5	78433534	961	480071
5	78516691	962	479714
5	78600427	963	481000
5	78683227	964	482571
5	78767085	965	482500
5	78849848	966	480214
5	78933522	967	482285
5	79017030	968	483928
5	79100042	969	482785
5	79183269	970	480214
5	79266756	971	480428
5	79349729	972	479571
5	79432924	973	481285
5	79516725	974	481642
5	79598888	975	479642
5	79682509	976	480928
5	79764913	977	478642
5	79848238	978	481785
5	79931481	979	483500
5	80015288	980	484500
5	80098070	981	482142
5	80181856	982	483357
5	80265064	983	483142
5	80348771	984	483071
5	80431738	985	482500
5	80515680	986	481285
5	80597312	987	481000
5	80681246	988	481428
5	80763589	989	481500
5	80847319	990	481500
5	80930175	991	480500
5	81013483	992	479285
5	81096861	993	479500
5	81179812	994	481285
5	81263446	995	481071
5	81346877	996	481928
5	81430286	997	482285
5	81514024	998	481500
5	81596391	999	482071
6	15030248	200	20
6	19195430	250	20
6	23362642	300	20
6	27530520	350	20
6	31697238	400	20
6	35859826	450	20
6	40026858	500	20
6	44191947	550	20
6	48353478	600	20
6	52519590	650	20
6	56684624	700	20
6	60851187	750	20
6	65018497	800	20
6	69185447	850	20
6	73351090	900	20
6	77516690	950	20
6	81680530	1000	20
7	15030248	200	0
7	19195430	250	0
7	23362642	300	0
7	27530520	350	0
7	31697238	400	0
7	35859826	450	0
7	40026858	500	0
7	44191947	550	0
7	48353478	600	0
7	52519590	650	0
7	56684624	700	0
7	60851187	750	0
7	65018497	800	0
7	69185447	850	0
7	73351090	900	0
7	77516690	950	0
7	81680530	1000	0
