version 2
run PerfectCC-2-20100906-00:25:47-5816
attr configname PerfectCC
attr datetime 20100906-00:25:47
attr experiment PerfectCC
attr inifile D:/Developement/Oversim2/multic/simulations/omnetpp.ini
attr iterationvars $mpeers=49
attr iterationvars2 "$mpeers=49, $repetition=0"
attr measurement $mpeers=49
attr mpeers 49
attr network oversim.underlay.simpleunderlay.SimpleUnderlayNetwork
attr processid 5816
attr repetition 0
attr replication #0
attr resultdir results
attr runnumber 2
attr seedset 2

vector 1  SimpleUnderlayNetwork.globalObserver.globalStatistics  incoming_bytes  ETV
vector 2  SimpleUnderlayNetwork.globalObserver.globalStatistics  drops  ETV
vector 3  SimpleUnderlayNetwork.globalObserver.globalStatistics  delayed_acks  ETV
vector 4  SimpleUnderlayNetwork.globalObserver.globalStatistics  timetotimeouts  ETV
vector 5  SimpleUnderlayNetwork.globalObserver.globalStatistics  rate  ETV
vector 6  SimpleUnderlayNetwork.globalObserver.globalStatistics  "GlobalNodeList: Number of nodes"  ETV
vector 7  SimpleUnderlayNetwork.globalObserver.globalStatistics  "GlobalNodeList: Number of bootstrapped malicious nodes"  ETV
1	31652234	197	222282
1	31863384	198	226787
1	32073055	199	222176
1	32283027	200	223183
1	32494071	201	224879
1	32704421	202	223342
1	32915063	203	225038
1	33125324	204	223607
1	33336228	205	224826
1	33545395	206	220268
1	33754750	207	221487
1	33965730	208	225727
1	34177132	209	225621
1	34386901	210	222282
1	34597364	211	225144
1	34807877	212	224561
1	35018061	213	222706
1	35227442	214	221010
1	35438967	215	226469
1	35648590	216	222282
1	35860123	217	227370
1	36070994	218	224985
1	36281695	219	224137
1	36492214	220	223766
1	36702646	221	224243
1	36912943	222	223024
1	37121964	223	219950
1	37332179	224	224137
1	37541225	225	220480
1	37751876	226	226469
1	37962010	227	222070
1	38172796	228	225886
1	38383575	229	223448
1	38593167	230	221540
1	38803596	231	224932
1	39012550	232	219579
1	39223099	233	224296
1	39432633	234	223342
1	39643901	235	224455
1	39852629	236	220056
1	40062301	237	220957
1	40271932	238	222759
1	40479887	239	218466
1	40691536	240	227317
1	40901053	241	220162
1	41110571	242	223183
1	41320526	243	222176
1	41530053	244	221964
1	41739401	245	220904
1	41948981	246	221010
1	42158721	247	224031
1	42368983	248	221964
1	42580096	249	226469
1	42791416	250	226575
1	43001909	251	223819
1	43213142	252	225727
1	43423898	253	226045
1	43634753	254	224243
1	43843670	255	219844
1	44055187	256	226734
1	44265695	257	223554
1	44475698	258	223183
1	44686748	259	225303
1	44897031	260	223819
1	45107686	261	223607
1	45316862	262	221593
1	45527333	263	224190
1	45738773	264	227370
1	45948407	265	220427
1	46158029	266	223236
1	46368608	267	224296
1	46577901	268	220692
1	46788084	269	223501
1	46997995	270	223289
1	47209154	271	225780
1	47419104	272	221911
1	47628020	273	221222
1	47839327	274	227052
1	48050142	275	223872
1	48261050	276	225409
1	48471598	277	223395
1	48681956	278	224031
1	48892879	279	226204
1	49102767	280	222123
1	49313485	281	222971
1	49524574	282	225038
1	49733458	283	219261
1	49943450	284	224455
1	50153131	285	222971
1	50364948	286	227211
1	50572795	287	216558
1	50783174	288	225250
1	50994470	289	225462
1	51203783	290	221434
1	51414102	291	223872
1	51625169	292	224720
1	51834639	293	221911
1	52045225	294	224773
1	52255543	295	222971
1	52465256	296	222706
1	52674380	297	221434
1	52885307	298	224614
1	53095282	299	223713
1	53306165	300	225568
1	53517060	301	224773
1	53727389	302	224137
1	53937373	303	221222
1	54148368	304	226310
1	54359435	305	224455
1	54569414	306	222441
1	54779615	307	223342
1	54990070	308	224667
1	55201764	309	226522
1	55411860	310	223448
1	55621455	311	222176
1	55832030	312	223819
1	56040827	313	219897
1	56251793	314	225992
1	56462785	315	225780
1	56673135	316	224137
1	56883593	317	223554
1	57093166	318	221752
1	57304033	319	225197
1	57514640	320	223660
1	57723710	321	221540
1	57934301	322	224031
1	58144019	323	221593
1	58355373	324	227317
1	58565607	325	222600
1	58777095	326	226681
1	58987785	327	224773
1	59197755	328	223236
1	59408381	329	224455
1	59618055	330	221381
1	59828808	331	225515
1	60039948	332	225515
1	60250380	333	222865
1	60459176	334	221434
1	60669438	335	224508
1	60880899	336	225621
1	61088903	337	217459
1	61299390	338	224084
1	61510346	339	225621
1	61719455	340	219314
1	61929923	341	225886
1	62142424	342	228536
1	62352312	343	221858
1	62562897	344	225568
1	62775074	345	226946
1	62983340	346	217724
1	63194065	347	225515
1	63403871	348	221699
1	63614254	349	223925
1	63826041	350	226575
1	64035480	351	222335
1	64247465	352	227582
1	64456748	353	220533
1	64667432	354	225038
1	64879306	355	228536
1	65089269	356	222388
1	65300108	357	224561
1	65510710	358	224773
1	65720621	359	222865
1	65932210	360	226999
1	66142222	361	222123
1	66352944	362	225621
1	66564875	363	226946
1	66774514	364	221487
1	66983613	365	221169
1	67194199	366	224084
1	67404817	367	224084
1	67616098	368	226416
1	67826552	369	224402
1	68037115	370	223289
1	68247880	371	224349
1	68458306	372	224349
1	68668179	373	222388
1	68877874	374	222070
1	69088885	375	225780
1	69298748	376	222706
1	69508404	377	221010
1	69719405	378	226522
1	69929967	379	223713
1	70140182	380	223607
1	70349078	381	220374
1	70559538	382	224243
1	70768991	383	222706
1	70978950	384	222918
1	71189390	385	224932
1	71398760	386	220109
1	71608756	387	222971
1	71818745	388	222653
1	72028707	389	223554
1	72240171	390	225886
1	72449866	391	222282
1	72660737	392	224932
1	72871033	393	222017
1	73079534	394	220374
1	73290847	395	226310
1	73500044	396	220904
1	73711142	397	226045
1	73921964	398	224243
1	74132343	399	223978
1	74342230	400	222070
1	74553514	401	226734
1	74762834	402	221222
1	74972024	403	221116
1	75182247	404	223024
1	75389760	405	217194
1	75601100	406	226946
1	75810548	407	220692
1	76021115	408	225356
1	76231096	409	221911
1	76440391	410	221646
1	76651118	411	225197
1	76860868	412	222017
1	77071265	413	224031
1	77282297	414	225674
1	77493262	415	224667
1	77702977	416	222494
1	77913914	417	225780
1	78124946	418	224720
1	78335052	419	222971
1	78544608	420	222547
1	78755901	421	225462
1	78967012	422	224720
1	79176217	423	222229
1	79386723	424	223978
1	79597325	425	223925
1	79807717	426	223872
1	80018079	427	223501
1	80227818	428	222335
1	80438538	429	224137
1	80649141	430	224402
1	80858987	431	223077
1	81070437	432	226734
1	81281309	433	224508
1	81490787	434	221858
1	81702489	435	226098
1	81912186	436	222229
1	82123960	437	226787
1	82332211	438	218890
1	82543431	439	225409
1	82754029	440	224296
1	82964744	441	223448
1	83175377	442	225462
1	83385408	443	223554
1	83594515	444	220957
1	83804458	445	222229
1	84016030	446	226522
1	84226744	447	225250
1	84438052	448	225674
1	84648620	449	224031
1	84859587	450	224773
1	85068699	451	220586
1	85279139	452	225197
1	85489371	453	223236
1	85698268	454	220427
1	85908185	455	223183
1	86118337	456	224137
1	86328940	457	223448
1	86538321	458	221911
1	86747536	459	220904
1	86957301	460	222176
1	87167489	461	224084
1	87378334	462	225038
1	87588026	463	221593
1	87799210	464	226045
1	88010273	465	225462
1	88219286	466	220321
1	88429545	467	223766
1	88639061	468	221646
1	88849016	469	222759
1	89059042	470	222865
1	89269935	471	225038
1	89480283	472	223342
1	89691500	473	226628
1	89902391	474	225144
1	90111993	475	221752
1	90322717	476	224455
1	90533044	477	224402
1	90742879	478	222653
1	90953233	479	223183
1	91164114	480	225250
1	91374271	481	223501
1	91585525	482	226840
1	91794829	483	220533
1	92006215	484	226257
1	92217559	485	225621
1	92427730	486	222918
1	92638918	487	225409
1	92849742	488	224826
1	93061392	489	227211
1	93270985	490	221858
1	93482502	491	226363
1	93691631	492	219844
1	93901064	493	222706
1	94111114	494	223660
1	94320475	495	221911
1	94532099	496	226628
1	94743057	497	225197
1	94954350	498	225250
1	95164517	499	223501
1	95375125	500	224243
1	95586106	501	225250
1	95797901	502	226257
1	96006653	503	219367
1	96216888	504	225515
1	96426142	505	220162
1	96635606	506	221275
1	96845954	507	223766
1	97056159	508	223289
1	97267957	509	227211
1	97478127	510	223554
1	97689295	511	225409
1	97900535	512	226310
1	98111568	513	225674
1	98321844	514	222971
1	98531544	515	222176
1	98742624	516	226257
1	98952765	517	222070
1	99163371	518	224137
1	99373857	519	224031
1	99583230	520	222388
1	99794077	521	224985
1	100005618	522	227052
1	100216641	523	225144
1	100427202	524	223819
1	100636519	525	221540
1	100848169	526	227317
1	101057437	527	220533
1	101268240	528	224720
1	101478348	529	223978
1	101689722	530	226575
1	101900446	531	224455
1	102110376	532	221699
1	102320195	533	222918
1	102529793	534	221964
1	102739600	535	223130
1	102950680	536	225144
1	103160564	537	222070
1	103370846	538	224455
1	103580930	539	221805
1	103790315	540	221699
1	104000613	541	224243
1	104210185	542	222176
1	104419605	543	222759
1	104630783	544	225091
1	104842095	545	226098
1	105052534	546	223713
1	105261914	547	221646
1	105471901	548	221858
1	105682331	549	224773
1	105892144	550	222176
1	106103496	551	226787
1	106314216	552	224455
1	106524348	553	222865
1	106735787	554	225992
1	106945499	555	222441
1	107155715	556	223395
1	107365635	557	223236
1	107576129	558	224667
1	107785919	559	221010
1	107995917	560	223130
1	108206711	561	225250
1	108416504	562	221805
1	108626881	563	224561
1	108837659	564	224773
1	109047345	565	222070
1	109256330	566	219314
1	109467008	567	224879
1	109678005	568	225091
1	109887057	569	220480
1	110096397	570	222441
1	110308920	571	229066
1	110518803	572	222335
1	110728381	573	222282
1	110939558	574	224826
1	111149604	575	222335
1	111360317	576	225144
1	111571327	577	225674
1	111781819	578	225515
1	111991786	579	222759
1	112202027	580	222706
1	112411302	581	220957
1	112620901	582	222123
1	112830209	583	222070
1	113041720	584	226469
1	113251015	585	220533
1	113461108	586	224402
1	113671474	587	224508
1	113882184	588	224243
1	114090599	589	219685
1	114301280	590	224455
1	114511317	591	223448
1	114722465	592	224720
1	114932684	593	224243
1	115143983	594	226522
1	115354424	595	222812
1	115565238	596	225144
1	115775967	597	224773
1	115986561	598	223978
1	116196282	599	221169
1	116406288	600	223342
1	116616797	601	224243
1	116827497	602	224826
1	117037418	603	223130
1	117248699	604	226098
1	117458533	605	221699
1	117668778	606	223660
1	117879688	607	224720
1	118090006	608	224137
1	118300962	609	225250
1	118511236	610	222918
1	118722616	611	226469
1	118933482	612	224561
1	119143960	613	224826
1	119355389	614	225939
1	119565117	615	221169
1	119776845	616	227635
1	119987030	617	222388
1	120198119	618	226310
1	120409053	619	225568
1	120619248	620	222017
1	120830062	621	225621
1	121041380	622	225674
1	121251138	623	221646
1	121462088	624	224826
1	121672883	625	224349
1	121883387	626	224985
1	122094845	627	225886
1	122305410	628	224667
1	122515597	629	222441
1	122725545	630	223342
1	122936523	631	225091
1	123147463	632	224826
1	123356961	633	222070
1	123568859	634	228430
1	123778553	635	221328
1	123989221	636	224243
1	124200142	637	224455
1	124409905	638	222971
1	124620316	639	223289
1	124830734	640	224614
1	125042530	641	227741
1	125253564	642	225621
1	125465881	643	227688
1	125675970	644	222123
1	125886184	645	222600
1	126096971	646	225992
1	126309202	647	227476
1	126520012	648	224773
1	126730164	649	224243
1	126940756	650	224773
1	127151225	651	223713
1	127361852	652	224455
1	127571831	653	222865
1	127783423	654	226893
1	127994028	655	224720
1	128204949	656	224985
1	128415891	657	225250
1	128627523	658	226416
1	128837345	659	222229
1	129047787	660	224614
1	129258583	661	224826
1	129468169	662	221805
1	129678571	663	223872
1	129888751	664	223236
1	130099165	665	223978
1	130309448	666	224402
1	130519519	667	222547
1	130728918	668	221593
1	130939989	669	226098
1	131151403	670	226098
1	131361336	671	223395
1	131571774	672	223501
1	131782005	673	224084
1	131993333	674	226257
1	132203093	675	221593
1	132413839	676	224932
1	132624764	677	224349
1	132836340	678	227105
1	133047158	679	224349
1	133257260	680	223289
1	133468921	681	227423
1	133679772	682	224084
1	133890197	683	223766
1	134101520	684	226893
1	134310899	685	220639
1	134521625	686	224296
1	134732032	687	225939
1	134943565	688	226151
1	135153099	689	220533
1	135364065	690	225356
1	135574428	691	223925
1	135785921	692	226257
1	135995011	693	219049
1	136206704	694	227953
1	136417019	695	222706
1	136628085	696	225621
1	136836907	697	220427
1	137046901	698	223766
1	137256465	699	221487
1	137466707	700	223501
1	137677712	701	225303
1	137887483	702	220957
1	138097757	703	224667
1	138308679	704	224349
1	138518731	705	223660
1	138729400	706	224084
1	138939432	707	223342
1	139149106	708	221858
1	139360522	709	226522
1	139570458	710	222017
1	139780443	711	223607
1	139991915	712	226310
1	140201618	713	221699
1	140412355	714	224985
1	140622669	715	224296
1	140832622	716	221593
1	141042800	717	224402
1	141253025	718	223607
1	141462743	719	221964
1	141671832	720	221222
1	141882028	721	224031
1	142092843	722	223978
1	142302240	723	221010
1	142513042	724	224932
1	142722587	725	222282
1	142933169	726	224667
1	143144046	727	224932
1	143354405	728	223872
1	143565001	729	224561
1	143774855	730	220374
1	143984798	731	223289
1	144194351	732	222547
1	144406014	733	226734
1	144615875	734	222070
1	144826621	735	225515
1	145037184	736	223236
1	145247484	737	223289
1	145457216	738	223077
1	145667850	739	223183
1	145878215	740	224879
1	146088804	741	224773
1	146299196	742	222971
1	146508607	743	221169
1	146719692	744	227052
1	146931096	745	225144
1	147140466	746	221010
1	147350698	747	224137
1	147559335	748	219102
1	147769785	749	225250
1	147978364	750	219314
1	148188625	751	223501
1	148398383	752	221646
1	148607565	753	220321
1	148817696	754	224667
1	149028406	755	224826
1	149239651	756	226204
1	149449385	757	221911
1	149659769	758	223660
1	149869096	759	220745
1	150079678	760	225197
1	150291022	761	225091
1	150500114	762	220904
1	150711504	763	225992
1	150921627	764	223024
1	151131954	765	223978
1	151341972	766	223501
1	151552719	767	224773
1	151763028	768	223183
1	151973167	769	223554
1	152183854	770	224296
1	152395249	771	226204
1	152606354	772	225303
1	152815897	773	221116
1	153026810	774	224826
1	153237981	775	226257
1	153449187	776	225833
1	153659556	777	223978
1	153870753	778	226045
1	154080235	779	221116
1	154290615	780	224826
1	154501112	781	223925
1	154711766	782	224137
1	154922249	783	224826
1	155132564	784	223607
1	155342452	785	222282
1	155553084	786	224614
1	155763363	787	223289
1	155973854	788	225621
1	156184751	789	224190
1	156394966	790	223183
1	156605002	791	223236
1	156814792	792	221222
1	157025408	793	224879
1	157233449	794	217724
1	157443819	795	225568
1	157654064	796	223342
1	157863165	797	219791
1	158074195	798	226045
1	158284014	799	222759
1	158495724	800	225992
1	158704794	801	220480
1	158915761	802	225356
1	159125038	803	221593
1	159335679	804	224826
1	159545779	805	223766
1	159756661	806	224879
1	159967608	807	224508
1	160176139	808	219261
1	160386236	809	223077
1	160597147	810	224985
1	160808154	811	225886
1	161018427	812	223554
1	161228089	813	222335
1	161439465	814	225939
1	161649314	815	223872
1	161860492	816	225939
1	162071086	817	223607
1	162281605	818	224773
1	162491846	819	222600
1	162702700	820	225197
1	162912848	821	223819
1	163122946	822	223554
1	163333487	823	223819
1	163543504	824	223289
1	163754150	825	224826
1	163964826	826	224985
1	164175147	827	223872
1	164385188	828	223501
1	164595870	829	224137
1	164806076	830	224084
1	165016796	831	223766
1	165226778	832	222388
1	165435776	833	221699
1	165647636	834	226787
1	165857042	835	221699
1	166067986	836	224826
1	166278977	837	225462
1	166489351	838	223713
1	166700658	839	226257
1	166911154	840	223660
1	167122056	841	225197
1	167333352	842	226416
1	167543162	843	222971
1	167754680	844	226999
1	167964160	845	221063
1	168174405	846	224084
1	168385001	847	222759
1	168594263	848	221858
1	168805107	849	225621
1	169015052	850	222070
1	169224789	851	221593
1	169436071	852	227158
1	169646858	853	225356
1	169857217	854	223183
1	170067049	855	222441
1	170278275	856	226416
1	170487901	857	222176
1	170697891	858	223713
1	170908134	859	223766
1	171117914	860	222176
1	171327709	861	222388
1	171539163	862	225727
1	171748828	863	221805
1	171958688	864	222229
1	172169557	865	225091
1	172379716	866	222441
1	172589931	867	223872
1	172800482	868	224773
1	173009727	869	221063
1	173220590	870	224455
1	173429955	871	222494
1	173640866	872	223236
1	173849659	873	220586
1	174060916	874	226734
1	174270445	875	222229
1	174481536	876	225780
1	174692179	877	224137
1	174902792	878	223713
1	175112573	879	221593
1	175323051	880	225356
1	175532897	881	221275
1	175742955	882	224667
1	175954293	883	224773
1	176164848	884	224508
1	176375131	885	223607
1	176586063	886	224985
1	176795551	887	222176
1	177007210	888	226628
1	177217441	889	223342
1	177428398	890	224561
1	177638938	891	224455
1	177850088	892	225250
1	178060537	893	222918
1	178271867	894	225939
1	178484180	895	228801
1	178695287	896	224985
1	178906966	897	227900
1	179118514	898	225091
1	179329892	899	226363
1	179540567	900	223819
1	179751871	901	227317
1	179962124	902	222918
1	180173035	903	224349
1	180383991	904	225886
1	180594148	905	224031
1	180803782	906	221752
1	181013935	907	222070
1	181224018	908	223978
1	181434506	909	223395
1	181644892	910	224455
1	181855669	911	223607
1	182066407	912	225780
1	182277930	913	225780
1	182487278	914	219526
1	182697568	915	223077
1	182906438	916	221116
1	183116363	917	223342
1	183326463	918	223130
1	183535798	919	221699
1	183746042	920	223607
1	183956924	921	225144
1	184167736	922	224243
1	184376758	923	220480
1	184587717	924	225250
1	184797403	925	221699
1	185007582	926	223766
1	185217498	927	222494
1	185427556	928	222706
1	185638326	929	225992
1	185847766	930	221646
1	186059076	931	227052
1	186268251	932	219738
1	186477429	933	221540
1	186688507	934	225939
1	186899111	935	223713
1	187108727	936	222017
1	187319446	937	225409
1	187529802	938	223978
1	187740048	939	224985
1	187949740	940	221328
1	188160355	941	224720
1	188371141	942	223607
1	188580706	943	222176
1	188791807	944	226098
1	189000471	945	218731
1	189210859	946	224561
1	189420654	947	222759
1	189630773	948	222653
1	189840911	949	222706
1	190049603	950	218307
1	190260643	951	226363
1	190471042	952	224296
1	190681583	953	224932
1	190892354	954	225038
1	191102028	955	222653
1	191312110	956	222441
1	191520290	957	218519
1	191731416	958	225515
1	191940058	959	219738
1	192150595	960	224932
1	192360775	961	223660
1	192571625	962	223925
1	192782360	963	224826
1	192992543	964	223448
1	193203044	965	223766
1	193412800	966	222335
1	193623201	967	224932
1	193832496	968	219897
1	194044283	969	227317
1	194254340	970	222865
1	194465127	971	225197
1	194674979	972	221964
1	194885136	973	224243
1	195096442	974	226204
1	195307629	975	225409
1	195518448	976	224773
1	195728513	977	222812
1	195938702	978	223395
1	196149405	979	224508
1	196360147	980	224932
1	196570108	981	222653
1	196780686	982	223819
1	196991864	983	227264
1	197201740	984	222017
1	197411481	985	222017
1	197623067	986	226628
1	197833626	987	224508
1	198044241	988	224243
1	198254840	989	224137
1	198465202	990	223077
1	198675047	991	222812
1	198885980	992	226787
1	199095397	993	222017
1	199306075	994	223925
1	199515413	995	221752
1	199726197	996	224031
1	199935781	997	222017
1	200146136	998	225409
1	200357117	999	224031
2	31652234	197	58
2	31863384	198	114
2	32073055	199	128
2	32283027	200	86
2	32494071	201	122
2	32704421	202	91
2	32915063	203	119
2	33125324	204	93
2	33336228	205	154
2	33545395	206	146
2	33754750	207	102
2	33965730	208	77
2	34177132	209	128
2	34386901	210	93
2	34597364	211	97
2	34807877	212	104
2	35018061	213	174
2	35227442	214	71
2	35438967	215	119
2	35648590	216	62
2	35860123	217	92
2	36070994	218	94
2	36281695	219	93
2	36492214	220	95
2	36702646	221	118
2	36912943	222	157
2	37121964	223	100
2	37332179	224	159
2	37541225	225	85
2	37751876	226	119
2	37962010	227	87
2	38172796	228	117
2	38383575	229	136
2	38593167	230	77
2	38803596	231	170
2	39012550	232	104
2	39223099	233	109
2	39432633	234	94
2	39643901	235	186
2	39852629	236	164
2	40062301	237	122
2	40271932	238	185
2	40479887	239	50
2	40691536	240	160
2	40901053	241	137
2	41110571	242	129
2	41320526	243	128
2	41530053	244	172
2	41739401	245	143
2	41948981	246	102
2	42158721	247	145
2	42368983	248	69
2	42580096	249	70
2	42791416	250	98
2	43001909	251	86
2	43213142	252	102
2	43423898	253	104
2	43634753	254	157
2	43843670	255	83
2	44055187	256	135
2	44265695	257	110
2	44475698	258	102
2	44686748	259	111
2	44897031	260	115
2	45107686	261	144
2	45316862	262	88
2	45527333	263	79
2	45738773	264	117
2	45948407	265	133
2	46158029	266	74
2	46368608	267	167
2	46577901	268	93
2	46788084	269	114
2	46997995	270	77
2	47209154	271	123
2	47419104	272	142
2	47628020	273	74
2	47839327	274	105
2	48050142	275	89
2	48261050	276	93
2	48471598	277	125
2	48681956	278	87
2	48892879	279	151
2	49102767	280	130
2	49313485	281	116
2	49524574	282	205
2	49733458	283	110
2	49943450	284	120
2	50153131	285	62
2	50364948	286	225
2	50572795	287	92
2	50783174	288	79
2	50994470	289	163
2	51203783	290	107
2	51414102	291	89
2	51625169	292	160
2	51834639	293	75
2	52045225	294	116
2	52255543	295	124
2	52465256	296	139
2	52674380	297	96
2	52885307	298	127
2	53095282	299	93
2	53306165	300	87
2	53517060	301	114
2	53727389	302	158
2	53937373	303	75
2	54148368	304	97
2	54359435	305	130
2	54569414	306	123
2	54779615	307	93
2	54990070	308	53
2	55201764	309	98
2	55411860	310	110
2	55621455	311	116
2	55832030	312	137
2	56040827	313	92
2	56251793	314	57
2	56462785	315	122
2	56673135	316	130
2	56883593	317	122
2	57093166	318	85
2	57304033	319	108
2	57514640	320	149
2	57723710	321	96
2	57934301	322	120
2	58144019	323	54
2	58355373	324	136
2	58565607	325	82
2	58777095	326	85
2	58987785	327	122
2	59197755	328	81
2	59408381	329	155
2	59618055	330	60
2	59828808	331	104
2	60039948	332	117
2	60250380	333	147
2	60459176	334	86
2	60669438	335	90
2	60880899	336	221
2	61088903	337	91
2	61299390	338	80
2	61510346	339	177
2	61719455	340	109
2	61929923	341	34
2	62142424	342	139
2	62352312	343	88
2	62562897	344	70
2	62775074	345	236
2	62983340	346	81
2	63194065	347	126
2	63403871	348	118
2	63614254	349	74
2	63826041	350	134
2	64035480	351	41
2	64247465	352	158
2	64456748	353	86
2	64667432	354	63
2	64879306	355	132
2	65089269	356	115
2	65300108	357	92
2	65510710	358	117
2	65720621	359	54
2	65932210	360	115
2	66142222	361	100
2	66352944	362	68
2	66564875	363	164
2	66774514	364	163
2	66983613	365	123
2	67194199	366	121
2	67404817	367	79
2	67616098	368	113
2	67826552	369	97
2	68037115	370	112
2	68247880	371	82
2	68458306	372	114
2	68668179	373	125
2	68877874	374	76
2	69088885	375	122
2	69298748	376	136
2	69508404	377	70
2	69719405	378	109
2	69929967	379	96
2	70140182	380	159
2	70349078	381	100
2	70559538	382	118
2	70768991	383	113
2	70978950	384	103
2	71189390	385	176
2	71398760	386	124
2	71608756	387	126
2	71818745	388	106
2	72028707	389	84
2	72240171	390	145
2	72449866	391	100
2	72660737	392	123
2	72871033	393	170
2	73079534	394	68
2	73290847	395	151
2	73500044	396	88
2	73711142	397	87
2	73921964	398	97
2	74132343	399	124
2	74342230	400	68
2	74553514	401	136
2	74762834	402	150
2	74972024	403	122
2	75182247	404	202
2	75389760	405	66
2	75601100	406	146
2	75810548	407	88
2	76021115	408	158
2	76231096	409	145
2	76440391	410	85
2	76651118	411	128
2	76860868	412	96
2	77071265	413	78
2	77282297	414	108
2	77493262	415	110
2	77702977	416	83
2	77913914	417	59
2	78124946	418	130
2	78335052	419	135
2	78544608	420	85
2	78755901	421	109
2	78967012	422	152
2	79176217	423	109
2	79386723	424	133
2	79597325	425	142
2	79807717	426	122
2	80018079	427	129
2	80227818	428	100
2	80438538	429	105
2	80649141	430	116
2	80858987	431	45
2	81070437	432	98
2	81281309	433	151
2	81490787	434	77
2	81702489	435	126
2	81912186	436	86
2	82123960	437	198
2	82332211	438	90
2	82543431	439	113
2	82754029	440	134
2	82964744	441	109
2	83175377	442	85
2	83385408	443	150
2	83594515	444	117
2	83804458	445	58
2	84016030	446	115
2	84226744	447	93
2	84438052	448	92
2	84648620	449	78
2	84859587	450	151
2	85068699	451	104
2	85279139	452	101
2	85489371	453	162
2	85698268	454	111
2	85908185	455	107
2	86118337	456	106
2	86328940	457	163
2	86538321	458	147
2	86747536	459	140
2	86957301	460	106
2	87167489	461	75
2	87378334	462	153
2	87588026	463	78
2	87799210	464	74
2	88010273	465	151
2	88219286	466	121
2	88429545	467	137
2	88639061	468	121
2	88849016	469	111
2	89059042	470	85
2	89269935	471	102
2	89480283	472	74
2	89691500	473	87
2	89902391	474	153
2	90111993	475	85
2	90322717	476	85
2	90533044	477	143
2	90742879	478	110
2	90953233	479	101
2	91164114	480	118
2	91374271	481	72
2	91585525	482	152
2	91794829	483	111
2	92006215	484	90
2	92217559	485	139
2	92427730	486	112
2	92638918	487	91
2	92849742	488	55
2	93061392	489	162
2	93270985	490	59
2	93482502	491	172
2	93691631	492	120
2	93901064	493	117
2	94111114	494	159
2	94320475	495	72
2	94532099	496	77
2	94743057	497	90
2	94954350	498	107
2	95164517	499	87
2	95375125	500	104
2	95586106	501	74
2	95797901	502	180
2	96006653	503	109
2	96216888	504	156
2	96426142	505	150
2	96635606	506	129
2	96845954	507	101
2	97056159	508	57
2	97267957	509	124
2	97478127	510	82
2	97689295	511	76
2	97900535	512	77
2	98111568	513	119
2	98321844	514	147
2	98531544	515	77
2	98742624	516	131
2	98952765	517	121
2	99163371	518	99
2	99373857	519	116
2	99583230	520	90
2	99794077	521	51
2	100005618	522	94
2	100216641	523	107
2	100427202	524	137
2	100636519	525	53
2	100848169	526	160
2	101057437	527	108
2	101268240	528	84
2	101478348	529	69
2	101689722	530	84
2	101900446	531	154
2	102110376	532	112
2	102320195	533	151
2	102529793	534	119
2	102739600	535	82
2	102950680	536	135
2	103160564	537	90
2	103370846	538	141
2	103580930	539	118
2	103790315	540	117
2	104000613	541	129
2	104210185	542	126
2	104419605	543	67
2	104630783	544	65
2	104842095	545	111
2	105052534	546	146
2	105261914	547	158
2	105471901	548	77
2	105682331	549	118
2	105892144	550	74
2	106103496	551	94
2	106314216	552	115
2	106524348	553	79
2	106735787	554	130
2	106945499	555	102
2	107155715	556	97
2	107365635	557	87
2	107576129	558	138
2	107785919	559	119
2	107995917	560	78
2	108206711	561	155
2	108416504	562	122
2	108626881	563	77
2	108837659	564	132
2	109047345	565	190
2	109256330	566	76
2	109467008	567	94
2	109678005	568	142
2	109887057	569	131
2	110096397	570	44
2	110308920	571	108
2	110518803	572	138
2	110728381	573	88
2	110939558	574	131
2	111149604	575	96
2	111360317	576	78
2	111571327	577	84
2	111781819	578	129
2	111991786	579	125
2	112202027	580	140
2	112411302	581	129
2	112620901	582	133
2	112830209	583	60
2	113041720	584	165
2	113251015	585	90
2	113461108	586	94
2	113671474	587	80
2	113882184	588	168
2	114090599	589	120
2	114301280	590	140
2	114511317	591	67
2	114722465	592	96
2	114932684	593	78
2	115143983	594	128
2	115354424	595	92
2	115565238	596	92
2	115775967	597	107
2	115986561	598	168
2	116196282	599	113
2	116406288	600	124
2	116616797	601	116
2	116827497	602	108
2	117037418	603	78
2	117248699	604	148
2	117458533	605	113
2	117668778	606	94
2	117879688	607	108
2	118090006	608	91
2	118300962	609	133
2	118511236	610	81
2	118722616	611	104
2	118933482	612	75
2	119143960	613	59
2	119355389	614	150
2	119565117	615	67
2	119776845	616	145
2	119987030	617	84
2	120198119	618	125
2	120409053	619	150
2	120619248	620	108
2	120830062	621	63
2	121041380	622	144
2	121251138	623	92
2	121462088	624	106
2	121672883	625	93
2	121883387	626	61
2	122094845	627	101
2	122305410	628	145
2	122515597	629	127
2	122725545	630	111
2	122936523	631	88
2	123147463	632	136
2	123356961	633	94
2	123568859	634	143
2	123778553	635	143
2	123989221	636	112
2	124200142	637	119
2	124409905	638	153
2	124620316	639	111
2	124830734	640	40
2	125042530	641	88
2	125253564	642	69
2	125465881	643	142
2	125675970	644	128
2	125886184	645	82
2	126096971	646	65
2	126309202	647	84
2	126520012	648	101
2	126730164	649	72
2	126940756	650	111
2	127151225	651	113
2	127361852	652	110
2	127571831	653	37
2	127783423	654	89
2	127994028	655	105
2	128204949	656	84
2	128415891	657	64
2	128627523	658	138
2	128837345	659	80
2	129047787	660	90
2	129258583	661	148
2	129468169	662	113
2	129678571	663	87
2	129888751	664	95
2	130099165	665	74
2	130309448	666	137
2	130519519	667	138
2	130728918	668	91
2	130939989	669	58
2	131151403	670	128
2	131361336	671	104
2	131571774	672	112
2	131782005	673	69
2	131993333	674	155
2	132203093	675	89
2	132413839	676	96
2	132624764	677	72
2	132836340	678	110
2	133047158	679	128
2	133257260	680	78
2	133468921	681	94
2	133679772	682	100
2	133890197	683	73
2	134101520	684	142
2	134310899	685	96
2	134521625	686	75
2	134732032	687	77
2	134943565	688	176
2	135153099	689	102
2	135364065	690	131
2	135574428	691	88
2	135785921	692	207
2	135995011	693	79
2	136206704	694	112
2	136417019	695	69
2	136628085	696	170
2	136836907	697	104
2	137046901	698	151
2	137256465	699	133
2	137466707	700	92
2	137677712	701	133
2	137887483	702	106
2	138097757	703	77
2	138308679	704	122
2	138518731	705	122
2	138729400	706	130
2	138939432	707	135
2	139149106	708	77
2	139360522	709	156
2	139570458	710	128
2	139780443	711	71
2	139991915	712	141
2	140201618	713	83
2	140412355	714	104
2	140622669	715	145
2	140832622	716	104
2	141042800	717	113
2	141253025	718	152
2	141462743	719	146
2	141671832	720	104
2	141882028	721	114
2	142092843	722	150
2	142302240	723	92
2	142513042	724	140
2	142722587	725	77
2	142933169	726	109
2	143144046	727	106
2	143354405	728	134
2	143565001	729	175
2	143774855	730	96
2	143984798	731	136
2	144194351	732	78
2	144406014	733	127
2	144615875	734	101
2	144826621	735	124
2	145037184	736	117
2	145247484	737	135
2	145457216	738	118
2	145667850	739	106
2	145878215	740	91
2	146088804	741	118
2	146299196	742	146
2	146508607	743	64
2	146719692	744	101
2	146931096	745	158
2	147140466	746	82
2	147350698	747	190
2	147559335	748	72
2	147769785	749	184
2	147978364	750	102
2	148188625	751	136
2	148398383	752	156
2	148607565	753	99
2	148817696	754	78
2	149028406	755	60
2	149239651	756	132
2	149449385	757	106
2	149659769	758	172
2	149869096	759	113
2	150079678	760	87
2	150291022	761	148
2	150500114	762	101
2	150711504	763	123
2	150921627	764	105
2	151131954	765	131
2	151341972	766	90
2	151552719	767	127
2	151763028	768	115
2	151973167	769	81
2	152183854	770	111
2	152395249	771	88
2	152606354	772	148
2	152815897	773	100
2	153026810	774	80
2	153237981	775	107
2	153449187	776	124
2	153659556	777	65
2	153870753	778	127
2	154080235	779	95
2	154290615	780	94
2	154501112	781	95
2	154711766	782	99
2	154922249	783	132
2	155132564	784	129
2	155342452	785	103
2	155553084	786	129
2	155763363	787	77
2	155973854	788	88
2	156184751	789	123
2	156394966	790	140
2	156605002	791	148
2	156814792	792	68
2	157025408	793	198
2	157233449	794	73
2	157443819	795	92
2	157654064	796	163
2	157863165	797	69
2	158074195	798	130
2	158284014	799	68
2	158495724	800	165
2	158704794	801	74
2	158915761	802	112
2	159125038	803	92
2	159335679	804	122
2	159545779	805	101
2	159756661	806	102
2	159967608	807	213
2	160176139	808	131
2	160386236	809	107
2	160597147	810	80
2	160808154	811	95
2	161018427	812	131
2	161228089	813	71
2	161439465	814	127
2	161649314	815	46
2	161860492	816	100
2	162071086	817	101
2	162281605	818	120
2	162491846	819	65
2	162702700	820	111
2	162912848	821	93
2	163122946	822	91
2	163333487	823	106
2	163543504	824	99
2	163754150	825	74
2	163964826	826	118
2	164175147	827	102
2	164385188	828	74
2	164595870	829	106
2	164806076	830	108
2	165016796	831	121
2	165226778	832	180
2	165435776	833	64
2	165647636	834	132
2	165857042	835	95
2	166067986	836	88
2	166278977	837	120
2	166489351	838	86
2	166700658	839	112
2	166911154	840	74
2	167122056	841	65
2	167333352	842	117
2	167543162	843	43
2	167754680	844	135
2	167964160	845	90
2	168174405	846	112
2	168385001	847	160
2	168594263	848	52
2	168805107	849	127
2	169015052	850	145
2	169224789	851	62
2	169436071	852	115
2	169646858	853	108
2	169857217	854	120
2	170067049	855	84
2	170278275	856	123
2	170487901	857	92
2	170697891	858	113
2	170908134	859	132
2	171117914	860	142
2	171327709	861	105
2	171539163	862	154
2	171748828	863	125
2	171958688	864	102
2	172169557	865	118
2	172379716	866	134
2	172589931	867	87
2	172800482	868	136
2	173009727	869	85
2	173220590	870	135
2	173429955	871	117
2	173640866	872	180
2	173849659	873	53
2	174060916	874	133
2	174270445	875	82
2	174481536	876	105
2	174692179	877	83
2	174902792	878	143
2	175112573	879	87
2	175323051	880	164
2	175532897	881	88
2	175742955	882	108
2	175954293	883	101
2	176164848	884	118
2	176375131	885	107
2	176586063	886	154
2	176795551	887	83
2	177007210	888	124
2	177217441	889	105
2	177428398	890	98
2	177638938	891	86
2	177850088	892	181
2	178060537	893	130
2	178271867	894	72
2	178484180	895	111
2	178695287	896	70
2	178906966	897	121
2	179118514	898	111
2	179329892	899	128
2	179540567	900	78
2	179751871	901	122
2	179962124	902	103
2	180173035	903	87
2	180383991	904	104
2	180594148	905	123
2	180803782	906	137
2	181013935	907	118
2	181224018	908	100
2	181434506	909	110
2	181644892	910	134
2	181855669	911	97
2	182066407	912	76
2	182277930	913	164
2	182487278	914	149
2	182697568	915	142
2	182906438	916	103
2	183116363	917	109
2	183326463	918	150
2	183535798	919	120
2	183746042	920	96
2	183956924	921	104
2	184167736	922	170
2	184376758	923	83
2	184587717	924	141
2	184797403	925	109
2	185007582	926	126
2	185217498	927	138
2	185427556	928	91
2	185638326	929	141
2	185847766	930	42
2	186059076	931	158
2	186268251	932	132
2	186477429	933	83
2	186688507	934	84
2	186899111	935	140
2	187108727	936	77
2	187319446	937	104
2	187529802	938	79
2	187740048	939	119
2	187949740	940	77
2	188160355	941	119
2	188371141	942	125
2	188580706	943	75
2	188791807	944	204
2	189000471	945	93
2	189210859	946	142
2	189420654	947	142
2	189630773	948	106
2	189840911	949	189
2	190049603	950	68
2	190260643	951	99
2	190471042	952	104
2	190681583	953	88
2	190892354	954	109
2	191102028	955	124
2	191312110	956	187
2	191520290	957	77
2	191731416	958	181
2	191940058	959	90
2	192150595	960	122
2	192360775	961	109
2	192571625	962	102
2	192782360	963	126
2	192992543	964	135
2	193203044	965	152
2	193412800	966	96
2	193623201	967	186
2	193832496	968	69
2	194044283	969	127
2	194254340	970	92
2	194465127	971	139
2	194674979	972	107
2	194885136	973	83
2	195096442	974	82
2	195307629	975	103
2	195518448	976	128
2	195728513	977	116
2	195938702	978	86
2	196149405	979	108
2	196360147	980	130
2	196570108	981	109
2	196780686	982	55
2	196991864	983	135
2	197201740	984	149
2	197411481	985	70
2	197623067	986	98
2	197833626	987	93
2	198044241	988	96
2	198254840	989	129
2	198465202	990	115
2	198675047	991	85
2	198885980	992	130
2	199095397	993	93
2	199306075	994	120
2	199515413	995	93
2	199726197	996	137
2	199935781	997	90
2	200146136	998	98
2	200357117	999	108
3	31652234	197	7
3	31863384	198	29
3	32073055	199	33
3	32283027	200	25
3	32494071	201	14
3	32704421	202	15
3	32915063	203	21
3	33125324	204	12
3	33336228	205	25
3	33545395	206	17
3	33754750	207	13
3	33965730	208	22
3	34177132	209	24
3	34386901	210	43
3	34597364	211	21
3	34807877	212	13
3	35018061	213	17
3	35227442	214	26
3	35438967	215	21
3	35648590	216	21
3	35860123	217	34
3	36070994	218	12
3	36281695	219	11
3	36492214	220	18
3	36702646	221	30
3	36912943	222	20
3	37121964	223	25
3	37332179	224	36
3	37541225	225	19
3	37751876	226	32
3	37962010	227	46
3	38172796	228	21
3	38383575	229	38
3	38593167	230	22
3	38803596	231	13
3	39012550	232	25
3	39223099	233	14
3	39432633	234	29
3	39643901	235	23
3	39852629	236	30
3	40062301	237	13
3	40271932	238	10
3	40479887	239	16
3	40691536	240	25
3	40901053	241	8
3	41110571	242	23
3	41320526	243	50
3	41530053	244	26
3	41739401	245	35
3	41948981	246	33
3	42158721	247	26
3	42368983	248	40
3	42580096	249	12
3	42791416	250	23
3	43001909	251	20
3	43213142	252	27
3	43423898	253	27
3	43634753	254	47
3	43843670	255	28
3	44055187	256	20
3	44265695	257	20
3	44475698	258	20
3	44686748	259	19
3	44897031	260	25
3	45107686	261	39
3	45316862	262	29
3	45527333	263	28
3	45738773	264	25
3	45948407	265	18
3	46158029	266	19
3	46368608	267	28
3	46577901	268	14
3	46788084	269	13
3	46997995	270	17
3	47209154	271	18
3	47419104	272	20
3	47628020	273	24
3	47839327	274	14
3	48050142	275	24
3	48261050	276	30
3	48471598	277	17
3	48681956	278	11
3	48892879	279	26
3	49102767	280	38
3	49313485	281	21
3	49524574	282	15
3	49733458	283	23
3	49943450	284	28
3	50153131	285	24
3	50364948	286	27
3	50572795	287	28
3	50783174	288	8
3	50994470	289	20
3	51203783	290	31
3	51414102	291	22
3	51625169	292	12
3	51834639	293	13
3	52045225	294	17
3	52255543	295	22
3	52465256	296	16
3	52674380	297	17
3	52885307	298	21
3	53095282	299	26
3	53306165	300	22
3	53517060	301	16
3	53727389	302	26
3	53937373	303	10
3	54148368	304	23
3	54359435	305	22
3	54569414	306	37
3	54779615	307	35
3	54990070	308	42
3	55201764	309	25
3	55411860	310	23
3	55621455	311	24
3	55832030	312	24
3	56040827	313	14
3	56251793	314	30
3	56462785	315	25
3	56673135	316	23
3	56883593	317	18
3	57093166	318	16
3	57304033	319	15
3	57514640	320	19
3	57723710	321	21
3	57934301	322	24
3	58144019	323	20
3	58355373	324	30
3	58565607	325	18
3	58777095	326	32
3	58987785	327	36
3	59197755	328	17
3	59408381	329	17
3	59618055	330	21
3	59828808	331	17
3	60039948	332	18
3	60250380	333	24
3	60459176	334	37
3	60669438	335	22
3	60880899	336	29
3	61088903	337	19
3	61299390	338	20
3	61510346	339	29
3	61719455	340	26
3	61929923	341	15
3	62142424	342	24
3	62352312	343	19
3	62562897	344	26
3	62775074	345	18
3	62983340	346	8
3	63194065	347	22
3	63403871	348	35
3	63614254	349	27
3	63826041	350	21
3	64035480	351	21
3	64247465	352	29
3	64456748	353	36
3	64667432	354	25
3	64879306	355	17
3	65089269	356	20
3	65300108	357	23
3	65510710	358	21
3	65720621	359	18
3	65932210	360	18
3	66142222	361	29
3	66352944	362	28
3	66564875	363	13
3	66774514	364	31
3	66983613	365	26
3	67194199	366	12
3	67404817	367	29
3	67616098	368	27
3	67826552	369	15
3	68037115	370	5
3	68247880	371	21
3	68458306	372	19
3	68668179	373	20
3	68877874	374	30
3	69088885	375	18
3	69298748	376	27
3	69508404	377	12
3	69719405	378	32
3	69929967	379	29
3	70140182	380	36
3	70349078	381	25
3	70559538	382	30
3	70768991	383	22
3	70978950	384	19
3	71189390	385	34
3	71398760	386	27
3	71608756	387	18
3	71818745	388	24
3	72028707	389	24
3	72240171	390	30
3	72449866	391	14
3	72660737	392	21
3	72871033	393	17
3	73079534	394	16
3	73290847	395	23
3	73500044	396	13
3	73711142	397	12
3	73921964	398	31
3	74132343	399	25
3	74342230	400	17
3	74553514	401	24
3	74762834	402	20
3	74972024	403	22
3	75182247	404	19
3	75389760	405	12
3	75601100	406	24
3	75810548	407	24
3	76021115	408	27
3	76231096	409	40
3	76440391	410	11
3	76651118	411	12
3	76860868	412	10
3	77071265	413	17
3	77282297	414	20
3	77493262	415	22
3	77702977	416	27
3	77913914	417	26
3	78124946	418	23
3	78335052	419	21
3	78544608	420	18
3	78755901	421	16
3	78967012	422	19
3	79176217	423	18
3	79386723	424	26
3	79597325	425	25
3	79807717	426	26
3	80018079	427	24
3	80227818	428	17
3	80438538	429	23
3	80649141	430	17
3	80858987	431	26
3	81070437	432	32
3	81281309	433	41
3	81490787	434	20
3	81702489	435	28
3	81912186	436	39
3	82123960	437	24
3	82332211	438	22
3	82543431	439	30
3	82754029	440	22
3	82964744	441	23
3	83175377	442	19
3	83385408	443	21
3	83594515	444	26
3	83804458	445	26
3	84016030	446	17
3	84226744	447	21
3	84438052	448	27
3	84648620	449	39
3	84859587	450	18
3	85068699	451	23
3	85279139	452	18
3	85489371	453	20
3	85698268	454	19
3	85908185	455	13
3	86118337	456	15
3	86328940	457	33
3	86538321	458	25
3	86747536	459	19
3	86957301	460	19
3	87167489	461	16
3	87378334	462	26
3	87588026	463	27
3	87799210	464	28
3	88010273	465	32
3	88219286	466	24
3	88429545	467	28
3	88639061	468	31
3	88849016	469	17
3	89059042	470	18
3	89269935	471	8
3	89480283	472	16
3	89691500	473	20
3	89902391	474	32
3	90111993	475	21
3	90322717	476	20
3	90533044	477	28
3	90742879	478	20
3	90953233	479	19
3	91164114	480	18
3	91374271	481	24
3	91585525	482	25
3	91794829	483	30
3	92006215	484	33
3	92217559	485	26
3	92427730	486	20
3	92638918	487	16
3	92849742	488	13
3	93061392	489	12
3	93270985	490	29
3	93482502	491	22
3	93691631	492	22
3	93901064	493	15
3	94111114	494	23
3	94320475	495	18
3	94532099	496	19
3	94743057	497	26
3	94954350	498	28
3	95164517	499	18
3	95375125	500	25
3	95586106	501	32
3	95797901	502	41
3	96006653	503	18
3	96216888	504	35
3	96426142	505	49
3	96635606	506	29
3	96845954	507	26
3	97056159	508	22
3	97267957	509	19
3	97478127	510	26
3	97689295	511	41
3	97900535	512	28
3	98111568	513	31
3	98321844	514	37
3	98531544	515	39
3	98742624	516	24
3	98952765	517	31
3	99163371	518	27
3	99373857	519	25
3	99583230	520	26
3	99794077	521	32
3	100005618	522	41
3	100216641	523	30
3	100427202	524	29
3	100636519	525	33
3	100848169	526	17
3	101057437	527	21
3	101268240	528	30
3	101478348	529	12
3	101689722	530	19
3	101900446	531	25
3	102110376	532	28
3	102320195	533	31
3	102529793	534	26
3	102739600	535	28
3	102950680	536	23
3	103160564	537	32
3	103370846	538	38
3	103580930	539	24
3	103790315	540	15
3	104000613	541	28
3	104210185	542	38
3	104419605	543	31
3	104630783	544	22
3	104842095	545	18
3	105052534	546	28
3	105261914	547	28
3	105471901	548	27
3	105682331	549	14
3	105892144	550	27
3	106103496	551	23
3	106314216	552	42
3	106524348	553	32
3	106735787	554	21
3	106945499	555	24
3	107155715	556	33
3	107365635	557	28
3	107576129	558	37
3	107785919	559	28
3	107995917	560	26
3	108206711	561	30
3	108416504	562	42
3	108626881	563	32
3	108837659	564	42
3	109047345	565	33
3	109256330	566	29
3	109467008	567	21
3	109678005	568	21
3	109887057	569	23
3	110096397	570	16
3	110308920	571	32
3	110518803	572	26
3	110728381	573	25
3	110939558	574	31
3	111149604	575	24
3	111360317	576	15
3	111571327	577	24
3	111781819	578	22
3	111991786	579	23
3	112202027	580	19
3	112411302	581	31
3	112620901	582	25
3	112830209	583	17
3	113041720	584	27
3	113251015	585	24
3	113461108	586	20
3	113671474	587	29
3	113882184	588	23
3	114090599	589	19
3	114301280	590	17
3	114511317	591	26
3	114722465	592	21
3	114932684	593	27
3	115143983	594	32
3	115354424	595	23
3	115565238	596	16
3	115775967	597	30
3	115986561	598	14
3	116196282	599	13
3	116406288	600	32
3	116616797	601	30
3	116827497	602	21
3	117037418	603	25
3	117248699	604	23
3	117458533	605	17
3	117668778	606	31
3	117879688	607	16
3	118090006	608	24
3	118300962	609	20
3	118511236	610	19
3	118722616	611	11
3	118933482	612	31
3	119143960	613	23
3	119355389	614	19
3	119565117	615	29
3	119776845	616	27
3	119987030	617	12
3	120198119	618	22
3	120409053	619	23
3	120619248	620	29
3	120830062	621	22
3	121041380	622	27
3	121251138	623	19
3	121462088	624	29
3	121672883	625	20
3	121883387	626	22
3	122094845	627	35
3	122305410	628	37
3	122515597	629	15
3	122725545	630	34
3	122936523	631	21
3	123147463	632	19
3	123356961	633	40
3	123568859	634	22
3	123778553	635	21
3	123989221	636	24
3	124200142	637	35
3	124409905	638	18
3	124620316	639	28
3	124830734	640	32
3	125042530	641	10
3	125253564	642	22
3	125465881	643	14
3	125675970	644	14
3	125886184	645	7
3	126096971	646	13
3	126309202	647	26
3	126520012	648	28
3	126730164	649	32
3	126940756	650	15
3	127151225	651	25
3	127361852	652	22
3	127571831	653	17
3	127783423	654	19
3	127994028	655	21
3	128204949	656	19
3	128415891	657	30
3	128627523	658	19
3	128837345	659	25
3	129047787	660	33
3	129258583	661	32
3	129468169	662	19
3	129678571	663	20
3	129888751	664	27
3	130099165	665	25
3	130309448	666	23
3	130519519	667	21
3	130728918	668	27
3	130939989	669	23
3	131151403	670	39
3	131361336	671	40
3	131571774	672	30
3	131782005	673	15
3	131993333	674	15
3	132203093	675	30
3	132413839	676	21
3	132624764	677	23
3	132836340	678	15
3	133047158	679	19
3	133257260	680	42
3	133468921	681	18
3	133679772	682	33
3	133890197	683	20
3	134101520	684	32
3	134310899	685	18
3	134521625	686	5
3	134732032	687	26
3	134943565	688	22
3	135153099	689	15
3	135364065	690	23
3	135574428	691	28
3	135785921	692	24
3	135995011	693	21
3	136206704	694	20
3	136417019	695	20
3	136628085	696	28
3	136836907	697	16
3	137046901	698	12
3	137256465	699	17
3	137466707	700	18
3	137677712	701	32
3	137887483	702	18
3	138097757	703	16
3	138308679	704	24
3	138518731	705	36
3	138729400	706	21
3	138939432	707	26
3	139149106	708	25
3	139360522	709	24
3	139570458	710	35
3	139780443	711	42
3	139991915	712	32
3	140201618	713	25
3	140412355	714	43
3	140622669	715	35
3	140832622	716	23
3	141042800	717	18
3	141253025	718	20
3	141462743	719	39
3	141671832	720	30
3	141882028	721	19
3	142092843	722	14
3	142302240	723	19
3	142513042	724	24
3	142722587	725	33
3	142933169	726	23
3	143144046	727	23
3	143354405	728	18
3	143565001	729	34
3	143774855	730	32
3	143984798	731	28
3	144194351	732	34
3	144406014	733	31
3	144615875	734	24
3	144826621	735	26
3	145037184	736	23
3	145247484	737	20
3	145457216	738	20
3	145667850	739	11
3	145878215	740	21
3	146088804	741	35
3	146299196	742	20
3	146508607	743	18
3	146719692	744	41
3	146931096	745	31
3	147140466	746	28
3	147350698	747	25
3	147559335	748	14
3	147769785	749	27
3	147978364	750	23
3	148188625	751	31
3	148398383	752	21
3	148607565	753	24
3	148817696	754	24
3	149028406	755	21
3	149239651	756	19
3	149449385	757	15
3	149659769	758	21
3	149869096	759	25
3	150079678	760	31
3	150291022	761	30
3	150500114	762	32
3	150711504	763	20
3	150921627	764	29
3	151131954	765	29
3	151341972	766	29
3	151552719	767	32
3	151763028	768	18
3	151973167	769	27
3	152183854	770	14
3	152395249	771	45
3	152606354	772	46
3	152815897	773	32
3	153026810	774	35
3	153237981	775	37
3	153449187	776	34
3	153659556	777	31
3	153870753	778	39
3	154080235	779	26
3	154290615	780	21
3	154501112	781	26
3	154711766	782	32
3	154922249	783	25
3	155132564	784	26
3	155342452	785	32
3	155553084	786	18
3	155763363	787	35
3	155973854	788	28
3	156184751	789	27
3	156394966	790	22
3	156605002	791	26
3	156814792	792	21
3	157025408	793	17
3	157233449	794	33
3	157443819	795	38
3	157654064	796	18
3	157863165	797	15
3	158074195	798	27
3	158284014	799	21
3	158495724	800	11
3	158704794	801	15
3	158915761	802	24
3	159125038	803	31
3	159335679	804	22
3	159545779	805	14
3	159756661	806	29
3	159967608	807	22
3	160176139	808	21
3	160386236	809	38
3	160597147	810	16
3	160808154	811	17
3	161018427	812	31
3	161228089	813	20
3	161439465	814	33
3	161649314	815	23
3	161860492	816	24
3	162071086	817	19
3	162281605	818	30
3	162491846	819	29
3	162702700	820	16
3	162912848	821	30
3	163122946	822	24
3	163333487	823	20
3	163543504	824	30
3	163754150	825	38
3	163964826	826	25
3	164175147	827	22
3	164385188	828	25
3	164595870	829	23
3	164806076	830	31
3	165016796	831	33
3	165226778	832	27
3	165435776	833	27
3	165647636	834	29
3	165857042	835	42
3	166067986	836	27
3	166278977	837	42
3	166489351	838	43
3	166700658	839	44
3	166911154	840	26
3	167122056	841	23
3	167333352	842	23
3	167543162	843	40
3	167754680	844	23
3	167964160	845	25
3	168174405	846	22
3	168385001	847	23
3	168594263	848	36
3	168805107	849	25
3	169015052	850	21
3	169224789	851	26
3	169436071	852	23
3	169646858	853	21
3	169857217	854	21
3	170067049	855	24
3	170278275	856	19
3	170487901	857	26
3	170697891	858	38
3	170908134	859	32
3	171117914	860	31
3	171327709	861	19
3	171539163	862	31
3	171748828	863	21
3	171958688	864	11
3	172169557	865	26
3	172379716	866	25
3	172589931	867	22
3	172800482	868	46
3	173009727	869	30
3	173220590	870	38
3	173429955	871	34
3	173640866	872	41
3	173849659	873	39
3	174060916	874	39
3	174270445	875	28
3	174481536	876	26
3	174692179	877	14
3	174902792	878	39
3	175112573	879	34
3	175323051	880	38
3	175532897	881	48
3	175742955	882	25
3	175954293	883	26
3	176164848	884	20
3	176375131	885	25
3	176586063	886	26
3	176795551	887	29
3	177007210	888	21
3	177217441	889	40
3	177428398	890	23
3	177638938	891	20
3	177850088	892	14
3	178060537	893	18
3	178271867	894	21
3	178484180	895	45
3	178695287	896	25
3	178906966	897	29
3	179118514	898	24
3	179329892	899	18
3	179540567	900	24
3	179751871	901	14
3	179962124	902	20
3	180173035	903	35
3	180383991	904	15
3	180594148	905	24
3	180803782	906	27
3	181013935	907	29
3	181224018	908	20
3	181434506	909	31
3	181644892	910	19
3	181855669	911	33
3	182066407	912	33
3	182277930	913	30
3	182487278	914	17
3	182697568	915	21
3	182906438	916	34
3	183116363	917	23
3	183326463	918	23
3	183535798	919	26
3	183746042	920	21
3	183956924	921	36
3	184167736	922	25
3	184376758	923	15
3	184587717	924	24
3	184797403	925	18
3	185007582	926	28
3	185217498	927	38
3	185427556	928	36
3	185638326	929	16
3	185847766	930	30
3	186059076	931	26
3	186268251	932	38
3	186477429	933	15
3	186688507	934	18
3	186899111	935	30
3	187108727	936	32
3	187319446	937	21
3	187529802	938	11
3	187740048	939	21
3	187949740	940	29
3	188160355	941	39
3	188371141	942	27
3	188580706	943	35
3	188791807	944	30
3	189000471	945	23
3	189210859	946	18
3	189420654	947	26
3	189630773	948	28
3	189840911	949	32
3	190049603	950	34
3	190260643	951	21
3	190471042	952	32
3	190681583	953	25
3	190892354	954	34
3	191102028	955	23
3	191312110	956	30
3	191520290	957	25
3	191731416	958	28
3	191940058	959	32
3	192150595	960	31
3	192360775	961	41
3	192571625	962	32
3	192782360	963	18
3	192992543	964	31
3	193203044	965	25
3	193412800	966	26
3	193623201	967	36
3	193832496	968	32
3	194044283	969	31
3	194254340	970	36
3	194465127	971	28
3	194674979	972	19
3	194885136	973	20
3	195096442	974	23
3	195307629	975	27
3	195518448	976	26
3	195728513	977	28
3	195938702	978	25
3	196149405	979	22
3	196360147	980	26
3	196570108	981	28
3	196780686	982	34
3	196991864	983	24
3	197201740	984	19
3	197411481	985	24
3	197623067	986	28
3	197833626	987	32
3	198044241	988	32
3	198254840	989	23
3	198465202	990	31
3	198675047	991	34
3	198885980	992	26
3	199095397	993	33
3	199306075	994	23
3	199515413	995	23
3	199726197	996	31
3	199935781	997	10
3	200146136	998	40
3	200357117	999	23
4	31652234	197	0.13805235795035
4	31863384	198	0.13746290063761
4	32073055	199	0.13685867091346
4	32283027	200	0.13626220992428
4	32494071	201	0.13561681767344
4	32704421	202	0.13496737349738
4	32915063	203	0.13434738727404
4	33125324	204	0.13367956776834
4	33336228	205	0.13302800010251
4	33545395	206	0.13240588290814
4	33754750	207	0.13175169169154
4	33965730	208	0.13104734003595
4	34177132	209	0.13041234384925
4	34386901	210	0.12981013731141
4	34597364	211	0.12922070471081
4	34807877	212	0.12860939369837
4	35018061	213	0.12799059882284
4	35227442	214	0.12741684484694
4	35438967	215	0.12684366199979
4	35648590	216	0.12624914374632
4	35860123	217	0.12566623138615
4	36070994	218	0.12508548657356
4	36281695	219	0.12452403831509
4	36492214	220	0.12394927326742
4	36702646	221	0.12340570565063
4	36912943	222	0.12288957901814
4	37121964	223	0.12232406383678
4	37332179	224	0.12176794033659
4	37541225	225	0.12123701959105
4	37751876	226	0.1207964012883
4	37962010	227	0.12032402616137
4	38172796	228	0.11990597364788
4	38383575	229	0.11950064199806
4	38593167	230	0.11909575015067
4	38803596	231	0.11860617163276
4	39012550	232	0.11814956700898
4	39223099	233	0.1177032622631
4	39432633	234	0.11727007715908
4	39643901	235	0.11676736241345
4	39852629	236	0.11633224963474
4	40062301	237	0.11591696803415
4	40271932	238	0.11551056305084
4	40479887	239	0.11518103032086
4	40691536	240	0.11475622342606
4	40901053	241	0.11436747727831
4	41110571	242	0.11397670752423
4	41320526	243	0.11359151410364
4	41530053	244	0.11317684661067
4	41739401	245	0.11283560026146
4	41948981	246	0.11248023762756
4	42158721	247	0.11213710095557
4	42368983	248	0.11174765732284
4	42580096	249	0.11135851416569
4	42791416	250	0.11096199389676
4	43001909	251	0.11059421683313
4	43213142	252	0.11021827887987
4	43423898	253	0.10985161378398
4	43634753	254	0.1095057401924
4	43843670	255	0.10918748725329
4	44055187	256	0.10885846165073
4	44265695	257	0.10857038459269
4	44475698	258	0.10819653986117
4	44686748	259	0.10785963421447
4	44897031	260	0.10749110226715
4	45107686	261	0.10708491136483
4	45316862	262	0.10670952724048
4	45527333	263	0.10631584057479
4	45738773	264	0.10591657753071
4	45948407	265	0.10553318115828
4	46158029	266	0.1051198565291
4	46368608	267	0.10474873043659
4	46577901	268	0.10435032031893
4	46788084	269	0.10398674912325
4	46997995	270	0.10360868700988
4	47209154	271	0.10323945864687
4	47419104	272	0.10289638021319
4	47628020	273	0.10254025399376
4	47839327	274	0.10219653300574
4	48050142	275	0.10183942503073
4	48261050	276	0.10152467039708
4	48471598	277	0.10121156739149
4	48681956	278	0.10088452301369
4	48892879	279	0.10055477433596
4	49102767	280	0.10021663042522
4	49313485	281	0.099928407978793
4	49524574	282	0.099603528696005
4	49733458	283	0.099342155085803
4	49943450	284	0.09912250886441
4	50153131	285	0.098945310974553
4	50364948	286	0.098720474796385
4	50572795	287	0.098486864578451
4	50783174	288	0.098209208794447
4	50994470	289	0.097913137679732
4	51203783	290	0.097635132484366
4	51414102	291	0.097378756371926
4	51625169	292	0.097075148489618
4	51834639	293	0.096818728770372
4	52045225	294	0.096564094795437
4	52255543	295	0.096317288620324
4	52465256	296	0.096080961058451
4	52674380	297	0.095807407082573
4	52885307	298	0.095524873628523
4	53095282	299	0.095279076299486
4	53306165	300	0.09499821502749
4	53517060	301	0.094729849922879
4	53727389	302	0.094480050390357
4	53937373	303	0.094230763860381
4	54148368	304	0.093943645125069
4	54359435	305	0.09365850504752
4	54569414	306	0.093402225755167
4	54779615	307	0.093112206317592
4	54990070	308	0.09281507656066
4	55201764	309	0.092530072705643
4	55411860	310	0.092253369902335
4	55621455	311	0.091986301122557
4	55832030	312	0.091708817221705
4	56040827	313	0.091446817889416
4	56251793	314	0.091184968131718
4	56462785	315	0.090924691944224
4	56673135	316	0.090674254450618
4	56883593	317	0.090417260193212
4	57093166	318	0.090168842897228
4	57304033	319	0.089919179972403
4	57514640	320	0.089653998568511
4	57723710	321	0.089401436288507
4	57934301	322	0.089147931701433
4	58144019	323	0.088918800843367
4	58355373	324	0.088692229009827
4	58565607	325	0.088457981216029
4	58777095	326	0.08823059663951
4	58987785	327	0.087991591560923
4	59197755	328	0.08774872626373
4	59408381	329	0.087489606500416
4	59618055	330	0.087262840225127
4	59828808	331	0.08701828280879
4	60039948	332	0.086784429370387
4	60250380	333	0.086545551496165
4	60459176	334	0.086331819351839
4	60669438	335	0.086096003137714
4	60880899	336	0.08586360409285
4	61088903	337	0.085623795052504
4	61299390	338	0.085394995667848
4	61510346	339	0.085159294671678
4	61719455	340	0.084966884346947
4	61929923	341	0.084776580127252
4	62142424	342	0.084581997426334
4	62352312	343	0.084397360675482
4	62562897	344	0.084211582051231
4	62775074	345	0.083998128950493
4	62983340	346	0.083792253167543
4	63194065	347	0.083598118962888
4	63403871	348	0.083434534713789
4	63614254	349	0.083273037437636
4	63826041	350	0.083093483314303
4	64035480	351	0.082895109159558
4	64247465	352	0.082678060407765
4	64456748	353	0.082481564254511
4	64667432	354	0.082288502226783
4	64879306	355	0.082075500889611
4	65089269	356	0.081896548400355
4	65300108	357	0.081735391795103
4	65510710	358	0.081528821498315
4	65720621	359	0.0813368337938
4	65932210	360	0.081152856642665
4	66142222	361	0.080965015641253
4	66352944	362	0.080762746668542
4	66564875	363	0.080567573496652
4	66774514	364	0.080368040065654
4	66983613	365	0.080178225447549
4	67194199	366	0.079988528255892
4	67404817	367	0.079779147352731
4	67616098	368	0.079585887088993
4	67826552	369	0.079409401455188
4	68037115	370	0.079187407665829
4	68247880	371	0.078994870090577
4	68458306	372	0.078807301856545
4	68668179	373	0.078603733792451
4	68877874	374	0.078425315710562
4	69088885	375	0.078248155884754
4	69298748	376	0.078064446053584
4	69508404	377	0.077881592949232
4	69719405	378	0.077700244356235
4	69929967	379	0.077522344620931
4	70140182	380	0.077357908752238
4	70349078	381	0.077204127882466
4	70559538	382	0.077039221208526
4	70768991	383	0.076871364333576
4	70978950	384	0.076703352333709
4	71189390	385	0.076527069618063
4	71398760	386	0.076346307932358
4	71608756	387	0.076188974501827
4	71818745	388	0.076035993733658
4	72028707	389	0.075880904191763
4	72240171	390	0.075698741584398
4	72449866	391	0.075540687023165
4	72660737	392	0.075363818184832
4	72871033	393	0.07521814936621
4	73079534	394	0.075075947350495
4	73290847	395	0.074945396534135
4	73500044	396	0.074785592469349
4	73711142	397	0.07463020853189
4	73921964	398	0.074466200323793
4	74132343	399	0.07430273706669
4	74342230	400	0.074155621238271
4	74553514	401	0.074003751643111
4	74762834	402	0.073874310444463
4	74972024	403	0.073750709443903
4	75182247	404	0.073626298081319
4	75389760	405	0.073489466751596
4	75601100	406	0.073325642768391
4	75810548	407	0.073194302682251
4	76021115	408	0.073028987028349
4	76231096	409	0.072881463040224
4	76440391	410	0.072738504279508
4	76651118	411	0.072595412001385
4	76860868	412	0.072441296500738
4	77071265	413	0.072290192090204
4	77282297	414	0.072127845793446
4	77493262	415	0.071975223024508
4	77702977	416	0.071827375109779
4	77913914	417	0.071678032325311
4	78124946	418	0.071534177176167
4	78335052	419	0.07138899617671
4	78544608	420	0.071242632126643
4	78755901	421	0.071088181403492
4	78967012	422	0.07095716176436
4	79176217	423	0.070822750477813
4	79386723	424	0.070679375769906
4	79597325	425	0.070532846200007
4	79807717	426	0.070382024449816
4	80018079	427	0.070219530088978
4	80227818	428	0.070071828611991
4	80438538	429	0.069926597905221
4	80649141	430	0.069788738790863
4	80858987	431	0.069641452160942
4	81070437	432	0.069518312826219
4	81281309	433	0.069390914455443
4	81490787	434	0.069247445296371
4	81702489	435	0.069092271225575
4	81912186	436	0.068955188774591
4	82123960	437	0.068823989056783
4	82332211	438	0.068685105713927
4	82543431	439	0.068554843023433
4	82754029	440	0.068435444265923
4	82964744	441	0.068308081189849
4	83175377	442	0.068195157319847
4	83385408	443	0.068074744491818
4	83594515	444	0.067954120285707
4	83804458	445	0.067848250105819
4	84016030	446	0.067735316809145
4	84226744	447	0.067613629594329
4	84438052	448	0.0674994444319
4	84648620	449	0.06739793611083
4	84859587	450	0.067285953477813
4	85068699	451	0.067182484145365
4	85279139	452	0.06708112026018
4	85489371	453	0.066964482210001
4	85698268	454	0.0668460061354
4	85908185	455	0.066731412299646
4	86118337	456	0.06661885692381
4	86328940	457	0.066505494760944
4	86538321	458	0.066399990724315
4	86747536	459	0.066284672558715
4	86957301	460	0.066185502888079
4	87167489	461	0.066074865546838
4	87378334	462	0.065971488548566
4	87588026	463	0.065849639228315
4	87799210	464	0.065742119597205
4	88010273	465	0.065626980905778
4	88219286	466	0.06552036734355
4	88429545	467	0.06540630795879
4	88639061	468	0.065303216144057
4	88849016	469	0.065178638481879
4	89059042	470	0.065056913885005
4	89269935	471	0.064947925213728
4	89480283	472	0.064819248197192
4	89691500	473	0.064701400953808
4	89902391	474	0.064597422643306
4	90111993	475	0.064480587734887
4	90322717	476	0.064364390328706
4	90533044	477	0.064250280399519
4	90742879	478	0.06414725478499
4	90953233	479	0.064027918274953
4	91164114	480	0.063908549718634
4	91374271	481	0.063787244088436
4	91585525	482	0.063683117033927
4	91794829	483	0.063579149173843
4	92006215	484	0.063457547565898
4	92217559	485	0.063337056151817
4	92427730	486	0.063233812699736
4	92638918	487	0.063123243816365
4	92849742	488	0.063010720504566
4	93061392	489	0.06289238677349
4	93270985	490	0.06277711445997
4	93482502	491	0.062656855437843
4	93691631	492	0.062555513259739
4	93901064	493	0.062470217171577
4	94111114	494	0.062385402275324
4	94320475	495	0.062276996191551
4	94532099	496	0.062165528168995
4	94743057	497	0.062056547021833
4	94954350	498	0.061942022064495
4	95164517	499	0.06183309754776
4	95375125	500	0.061721947509759
4	95586106	501	0.06159751685125
4	95797901	502	0.06148443529445
4	96006653	503	0.061378348301751
4	96216888	504	0.061286753857206
4	96426142	505	0.061173996798578
4	96635606	506	0.061062096660327
4	96845954	507	0.060955989984492
4	97056159	508	0.060844954240819
4	97267957	509	0.060753632815058
4	97478127	510	0.060668763833091
4	97689295	511	0.060563939328742
4	97900535	512	0.060457518851504
4	98111568	513	0.060346260012506
4	98321844	514	0.060236464511192
4	98531544	515	0.060137403686329
4	98742624	516	0.060040771560896
4	98952765	517	0.059968146215158
4	99163371	518	0.059882111392746
4	99373857	519	0.059790525704767
4	99583230	520	0.059685689820178
4	99794077	521	0.059576718193799
4	100005618	522	0.059483247656016
4	100216641	523	0.059386693200451
4	100427202	524	0.059292900385031
4	100636519	525	0.059212746306493
4	100848169	526	0.059130914869647
4	101057437	527	0.059028844593196
4	101268240	528	0.058925098890387
4	101478348	529	0.058824081840654
4	101689722	530	0.058729985700637
4	101900446	531	0.058627969558564
4	102110376	532	0.058533369748246
4	102320195	533	0.058430550912141
4	102529793	534	0.058330736366167
4	102739600	535	0.058221020574155
4	102950680	536	0.058114188941637
4	103160564	537	0.05801526049469
4	103370846	538	0.057910198044881
4	103580930	539	0.05782995309161
4	103790315	540	0.057740226249942
4	104000613	541	0.057653017914951
4	104210185	542	0.057561703510271
4	104419605	543	0.05747648780844
4	104630783	544	0.057387049777534
4	104842095	545	0.057291853552932
4	105052534	546	0.057198803263237
4	105261914	547	0.057117505471815
4	105471901	548	0.057055648875437
4	105682331	549	0.0569890370466
4	105892144	550	0.056910542147273
4	106103496	551	0.056831767699712
4	106314216	552	0.056757050045058
4	106524348	553	0.056670185725304
4	106735787	554	0.056599233814424
4	106945499	555	0.056514357006838
4	107155715	556	0.056435263051708
4	107365635	557	0.056344924149446
4	107576129	558	0.056254872630829
4	107785919	559	0.05615906958736
4	107995917	560	0.056067339329208
4	108206711	561	0.055979769978537
4	108416504	562	0.055898779061994
4	108626881	563	0.055801352191921
4	108837659	564	0.055714869066417
4	109047345	565	0.055624785811708
4	109256330	566	0.055537879153094
4	109467008	567	0.055450515389275
4	109678005	568	0.055360870384498
4	109887057	569	0.055287360886855
4	110096397	570	0.055222033590947
4	110308920	571	0.055156770610462
4	110518803	572	0.055077760469431
4	110728381	573	0.055001404379853
4	110939558	574	0.05492595947022
4	111149604	575	0.054861108603901
4	111360317	576	0.054787418294545
4	111571327	577	0.054706733924991
4	111781819	578	0.054639975588523
4	111991786	579	0.054575072356794
4	112202027	580	0.054507935457741
4	112411302	581	0.054442213297635
4	112620901	582	0.054371906207938
4	112830209	583	0.054309646161732
4	113041720	584	0.054240628975638
4	113251015	585	0.054179313570429
4	113461108	586	0.054119139830583
4	113671474	587	0.054056498990128
4	113882184	588	0.053985199723568
4	114090599	589	0.05391122366431
4	114301280	590	0.053829923369058
4	114511317	591	0.053750949466065
4	114722465	592	0.053679329263067
4	114932684	593	0.053613839996858
4	115143983	594	0.053533691514096
4	115354424	595	0.053456500933367
4	115565238	596	0.053388391586053
4	115775967	597	0.053310100151937
4	115986561	598	0.053224926202023
4	116196282	599	0.053143345534913
4	116406288	600	0.053066587035761
4	116616797	601	0.052993873411362
4	116827497	602	0.052923403760192
4	117037418	603	0.052872052872053
4	117248699	604	0.052795763094344
4	117458533	605	0.052727300678206
4	117668778	606	0.052659577869141
4	117879688	607	0.052581235916044
4	118090006	608	0.052515958750416
4	118300962	609	0.05244114838865
4	118511236	610	0.052371875230128
4	118722616	611	0.05229743094484
4	118933482	612	0.052224669101926
4	119143960	613	0.052161488952287
4	119355389	614	0.052097196104592
4	119565117	615	0.052025681875955
4	119776845	616	0.051973921126902
4	119987030	617	0.051919932318331
4	120198119	618	0.05186124491356
4	120409053	619	0.051810169339027
4	120619248	620	0.051756370168319
4	120830062	621	0.05169292073968
4	121041380	622	0.051635173921745
4	121251138	623	0.05157113346796
4	121462088	624	0.051505449248122
4	121672883	625	0.051432092811403
4	121883387	626	0.051366280768373
4	122094845	627	0.05130367487038
4	122305410	628	0.051232801327629
4	122515597	629	0.051163923588155
4	122725545	630	0.051095191798026
4	122936523	631	0.051050809703799
4	123147463	632	0.050991297208338
4	123356961	633	0.050945047814471
4	123568859	634	0.050884247276718
4	123778553	635	0.05083110619132
4	123989221	636	0.050772880519528
4	124200142	637	0.050709117618793
4	124409905	638	0.050651996099351
4	124620316	639	0.050588285008844
4	124830734	640	0.050532484422415
4	125042530	641	0.050473713721454
4	125253564	642	0.05040927303835
4	125465881	643	0.05033993918708
4	125675970	644	0.050275733827074
4	125886184	645	0.050217965730202
4	126096971	646	0.050153911010006
4	126309202	647	0.050086830300956
4	126520012	648	0.050021938751445
4	126730164	649	0.049950220328467
4	126940756	650	0.049884903176056
4	127151225	651	0.04983331446873
4	127361852	652	0.049779802462039
4	127571831	653	0.049715254706316
4	127783423	654	0.04965372015377
4	127994028	655	0.04958983333588
4	128204949	656	0.049534223257586
4	128415891	657	0.049477670833247
4	128627523	658	0.049415881429018
4	128837345	659	0.049363054226112
4	129047787	660	0.049307169224791
4	129258583	661	0.049253342250657
4	129468169	662	0.049192905891243
4	129678571	663	0.049137127677263
4	129888751	664	0.049076701721362
4	130099165	665	0.049015458807604
4	130309448	666	0.048946490450014
4	130519519	667	0.048887244574146
4	130728918	668	0.048832363787282
4	130939989	669	0.048771016641749
4	131151403	670	0.04870521511693
4	131361336	671	0.048645784663118
4	131571774	672	0.04857865557575
4	131782005	673	0.048514915153501
4	131993333	674	0.048458536374104
4	132203093	675	0.048400775887116
4	132413839	676	0.048350315031776
4	132624764	677	0.048290534146405
4	132836340	678	0.04824646832515
4	133047158	679	0.048188280306916
4	133257260	680	0.04813449572382
4	133468921	681	0.04807434743684
4	133679772	682	0.048012540177367
4	133890197	683	0.047960811630677
4	134101520	684	0.047906495530465
4	134310899	685	0.047848022441524
4	134521625	686	0.047798885138724
4	134732032	687	0.047752352150663
4	134943565	688	0.047696210320505
4	135153099	689	0.047638374248196
4	135364065	690	0.047582624156164
4	135574428	691	0.047535428094015
4	135785921	692	0.047494924564517
4	135995011	693	0.047440126063588
4	136206704	694	0.047389146349679
4	136417019	695	0.047340881842046
4	136628085	696	0.047297465910976
4	136836907	697	0.047246503624622
4	137046901	698	0.047211184457722
4	137256465	699	0.047176307407825
4	137466707	700	0.047125385754203
4	137677712	701	0.047062045437081
4	137887483	702	0.047008994542768
4	138097757	703	0.0469512051222
4	138308679	704	0.046900421387825
4	138518731	705	0.046843225845217
4	138729400	706	0.046781076790965
4	138939432	707	0.046731322681631
4	139149106	708	0.046676974309324
4	139360522	709	0.046623812143346
4	139570458	710	0.046573817917157
4	139780443	711	0.046527744647301
4	139991915	712	0.046467399577016
4	140201618	713	0.046407691020229
4	140412355	714	0.0463496251086
4	140622669	715	0.046301083442857
4	140832622	716	0.046245836767462
4	141042800	717	0.046189756568028
4	141253025	718	0.046133132373806
4	141462743	719	0.046088432541026
4	141671832	720	0.046037303668396
4	141882028	721	0.045988576097447
4	142092843	722	0.04593196553003
4	142302240	723	0.045886526422014
4	142513042	724	0.045831392378698
4	142722587	725	0.045775113021067
4	142933169	726	0.045718826079941
4	143144046	727	0.04566057298581
4	143354405	728	0.045602670803217
4	143565001	729	0.045548082994786
4	143774855	730	0.045495125709069
4	143984798	731	0.045444114040712
4	144194351	732	0.045389660540783
4	144406014	733	0.045333947230535
4	144615875	734	0.045290386467701
4	144826621	735	0.045249348157478
4	145037184	736	0.045190749650569
4	145247484	737	0.045144152183556
4	145457216	738	0.045088255419336
4	145667850	739	0.045031099729104
4	145878215	740	0.044980597440718
4	146088804	741	0.044930766442798
4	146299196	742	0.04488253797218
4	146508607	743	0.044828155031459
4	146719692	744	0.04477013114614
4	146931096	745	0.044718203518638
4	147140466	746	0.044672114388528
4	147350698	747	0.044623045059962
4	147559335	748	0.04458482932601
4	147769785	749	0.044552322018404
4	147978364	750	0.044515512760953
4	148188625	751	0.044468235790132
4	148398383	752	0.044422023072988
4	148607565	753	0.044376051718128
4	148817696	754	0.044336311573624
4	149028406	755	0.044306512682869
4	149239651	756	0.044254780990678
4	149449385	757	0.044209429367647
4	149659769	758	0.044164696319759
4	149869096	759	0.04411956598111
4	150079678	760	0.044075809590632
4	150291022	761	0.044044163938922
4	150500114	762	0.044004592502067
4	150711504	763	0.043963937467478
4	150921627	764	0.043918482289311
4	151131954	765	0.043874145544222
4	151341972	766	0.043835761677172
4	151552719	767	0.0437928962602
4	151763028	768	0.043757692098016
4	151973167	769	0.043718275619046
4	152183854	770	0.043673604141529
4	152395249	771	0.043627582753228
4	152606354	772	0.043582889896877
4	152815897	773	0.043537750227468
4	153026810	774	0.043493931807004
4	153237981	775	0.043456365956611
4	153449187	776	0.043412652198832
4	153659556	777	0.043370675055229
4	153870753	778	0.043323628955153
4	154080235	779	0.043281873850232
4	154290615	780	0.043251648881978
4	154501112	781	0.043216637831126
4	154711766	782	0.043169398730003
4	154922249	783	0.043137959326346
4	155132564	784	0.043094587658522
4	155342452	785	0.043044724474513
4	155553084	786	0.042992992557393
4	155763363	787	0.042947700223662
4	155973854	788	0.042903385405532
4	156184751	789	0.042856941061955
4	156394966	790	0.042807539523506
4	156605002	791	0.042763393817686
4	156814792	792	0.042717617735883
4	157025408	793	0.042672354057311
4	157233449	794	0.042634626809888
4	157443819	795	0.042605829040998
4	157654064	796	0.042574690738011
4	157863165	797	0.042549183905147
4	158074195	798	0.042516576836807
4	158284014	799	0.042487196659188
4	158495724	800	0.042457183262124
4	158704794	801	0.04242988173813
4	158915761	802	0.042391786563744
4	159125038	803	0.042362717354997
4	159335679	804	0.042334258142644
4	159545779	805	0.042311895360828
4	159756661	806	0.042279479269229
4	159967608	807	0.042250669144201
4	160176139	808	0.042222436488219
4	160386236	809	0.042195045241357
4	160597147	810	0.042178485409926
4	160808154	811	0.042158974544466
4	161018427	812	0.042135522514112
4	161228089	813	0.042106271467083
4	161439465	814	0.042078159263009
4	161649314	815	0.042058688229753
4	161860492	816	0.042013432923208
4	162071086	817	0.041975388851506
4	162281605	818	0.041939701945585
4	162491846	819	0.041902819328749
4	162702700	820	0.041863668722206
4	162912848	821	0.0418280710329
4	163122946	822	0.041788185649858
4	163333487	823	0.041746098697714
4	163543504	824	0.041709640905016
4	163754150	825	0.041669103447389
4	163964826	826	0.041627231592013
4	164175147	827	0.041591090878161
4	164385188	828	0.041551407918211
4	164595870	829	0.04151071109041
4	164806076	830	0.041471673659135
4	165016796	831	0.041428627857301
4	165226778	832	0.041390147171239
4	165435776	833	0.041351098977202
4	165647636	834	0.041310524063122
4	165857042	835	0.041267877673167
4	166067986	836	0.041227212067414
4	166278977	837	0.04118647839688
4	166489351	838	0.041139295784065
4	166700658	839	0.041097971179445
4	166911154	840	0.041061389160505
4	167122056	841	0.041018657445202
4	167333352	842	0.040980909774639
4	167543162	843	0.040936901089456
4	167754680	844	0.040901553400612
4	167964160	845	0.040861901489638
4	168174405	846	0.040826584952676
4	168385001	847	0.040785936142837
4	168594263	848	0.040749114194948
4	168805107	849	0.040709995969307
4	169015052	850	0.040669812457021
4	169224789	851	0.040634873980454
4	169436071	852	0.040600332972505
4	169646858	853	0.040562619330508
4	169857217	854	0.04052681434479
4	170067049	855	0.040490054158915
4	170278275	856	0.040453600925529
4	170487901	857	0.040414702212178
4	170697891	858	0.040379360250361
4	170908134	859	0.040342270313278
4	171117914	860	0.040315054303794
4	171327709	861	0.040282941976116
4	171539163	862	0.040244923347457
4	171748828	863	0.040205571892796
4	171958688	864	0.040172452150972
4	172169557	865	0.040135409756049
4	172379716	866	0.040093206327931
4	172589931	867	0.040059660109361
4	172800482	868	0.040019789224448
4	173009727	869	0.039982193683685
4	173220590	870	0.039945928265218
4	173429955	871	0.039911216531281
4	173640866	872	0.039872375593926
4	173849659	873	0.03983684074205
4	174060916	874	0.039811769992956
4	174270445	875	0.039780128149242
4	174481536	876	0.039745762760572
4	174692179	877	0.039725824900507
4	174902792	878	0.039695014951962
4	175112573	879	0.039671347319646
4	175323051	880	0.03963699857425
4	175532897	881	0.039600337308593
4	175742955	882	0.039566241326909
4	175954293	883	0.039527061397722
4	176164848	884	0.039492990924878
4	176375131	885	0.039458739798278
4	176586063	886	0.039429812729828
4	176795551	887	0.039402754275867
4	177007210	888	0.039374651387242
4	177217441	889	0.039351417606829
4	177428398	890	0.039320689066568
4	177638938	891	0.039289575376764
4	177850088	892	0.039261005788388
4	178060537	893	0.039237474638105
4	178271867	894	0.03920900207771
4	178484180	895	0.039185141442513
4	178695287	896	0.039166130490914
4	178906966	897	0.039136046232989
4	179118514	898	0.039104218570669
4	179329892	899	0.039073782205115
4	179540567	900	0.039045309616973
4	179751871	901	0.039025803998731
4	179962124	902	0.038995044542282
4	180173035	903	0.038968697143767
4	180383991	904	0.038938369424337
4	180594148	905	0.038911075154061
4	180803782	906	0.038884693684277
4	181013935	907	0.038871006029267
4	181224018	908	0.038847708251655
4	181434506	909	0.038814289543717
4	181644892	910	0.038779219739619
4	181855669	911	0.038747584462147
4	182066407	912	0.038710967308774
4	182277930	913	0.038677453986422
4	182487278	914	0.038642461208762
4	182697568	915	0.038613533151182
4	182906438	916	0.038584031399691
4	183116363	917	0.038556825008447
4	183326463	918	0.038524137995165
4	183535798	919	0.038495613056174
4	183746042	920	0.038468654220623
4	183956924	921	0.038438108580672
4	184167736	922	0.038411286579082
4	184376758	923	0.038378355005903
4	184587717	924	0.038345762137302
4	184797403	925	0.038308575149567
4	185007582	926	0.038280552772385
4	185217498	927	0.03825364275611
4	185427556	928	0.038223217315708
4	185638326	929	0.038192822923473
4	185847766	930	0.03815877831044
4	186059076	931	0.038128295337716
4	186268251	932	0.038098578507271
4	186477429	933	0.038067799116716
4	186688507	934	0.038035960900994
4	186899111	935	0.038002743934665
4	187108727	936	0.037969954934277
4	187319446	937	0.037939116464401
4	187529802	938	0.037923345320375
4	187740048	939	0.037890338834259
4	187949740	940	0.037863136956949
4	188160355	941	0.037834340488546
4	188371141	942	0.037806220296282
4	188580706	943	0.037777633607393
4	188791807	944	0.037738915883283
4	189000471	945	0.037707357036131
4	189210859	946	0.037681793126842
4	189420654	947	0.037651945109168
4	189630773	948	0.037617764568697
4	189840911	949	0.037583328557049
4	190049603	950	0.037566700833323
4	190260643	951	0.037535927776012
4	190471042	952	0.037505600738797
4	190681583	953	0.037474347768006
4	190892354	954	0.037444414937419
4	191102028	955	0.037415058803526
4	191312110	956	0.037393450812424
4	191520290	957	0.037369651178713
4	191731416	958	0.037343364164033
4	191940058	959	0.037316327983458
4	192150595	960	0.03728740666666
4	192360775	961	0.037256883610949
4	192571625	962	0.037237121509004
4	192782360	963	0.037212730827133
4	192992543	964	0.03718779043015
4	193203044	965	0.037162490092131
4	193412800	966	0.037150905770613
4	193623201	967	0.037136357680003
4	193832496	968	0.037113763699777
4	194044283	969	0.037093992534016
4	194254340	970	0.03706903583594
4	194465127	971	0.037051505390651
4	194674979	972	0.037021678080136
4	194885136	973	0.0369968321731
4	195096442	974	0.036973602033499
4	195307629	975	0.036946285179099
4	195518448	976	0.036924404195253
4	195728513	977	0.036895738834467
4	195938702	978	0.036870345495067
4	196149405	979	0.036842434893753
4	196360147	980	0.03681386253298
4	196570108	981	0.036793194742292
4	196780686	982	0.036775524161553
4	196991864	983	0.036757492591535
4	197201740	984	0.03672949962051
4	197411481	985	0.036703541654919
4	197623067	986	0.036676721722091
4	197833626	987	0.036651251582188
4	198044241	988	0.036623936124963
4	198254840	989	0.036601108164952
4	198465202	990	0.036577345935571
4	198675047	991	0.036558453751244
4	198885980	992	0.036544105041296
4	199095397	993	0.036519577596389
4	199306075	994	0.036496229164932
4	199515413	995	0.036471172769866
4	199726197	996	0.036447514624948
4	199935781	997	0.036420073386369
4	200146136	998	0.036395868517501
4	200357117	999	0.036363841123577
5	31652235	197	509911
5	31863385	198	509911
5	32073056	199	508088
5	32283028	200	509764
5	32494072	201	510176
5	32704422	202	510764
5	32915064	203	509029
5	33125325	204	509852
5	33336229	205	509764
5	33545396	206	507970
5	33754751	207	509794
5	33965731	208	511735
5	34177133	209	509852
5	34386902	210	509941
5	34597365	211	510441
5	34807878	212	509911
5	35018062	213	508676
5	35227443	214	509147
5	35438968	215	509588
5	35648591	216	509235
5	35860124	217	509941
5	36070995	218	509941
5	36281696	219	508411
5	36492215	220	508970
5	36702647	221	509470
5	36912944	222	507676
5	37121965	223	508117
5	37332180	224	508117
5	37541226	225	508941
5	37751877	226	510617
5	37962011	227	508764
5	38172797	228	510352
5	38383576	229	509911
5	38593168	230	508382
5	38803597	231	507823
5	39012551	232	508264
5	39223100	233	508735
5	39432634	234	508735
5	39643902	235	511088
5	39852630	236	509617
5	40062302	237	510117
5	40271933	238	508029
5	40479888	239	507411
5	40691537	240	509058
5	40901054	241	509558
5	41110572	242	509617
5	41320527	243	508264
5	41530054	244	508470
5	41739402	245	510117
5	41948982	246	507941
5	42158722	247	509117
5	42368984	248	510117
5	42580097	249	510647
5	42791417	250	510588
5	43001910	251	509500
5	43213143	252	511794
5	43423899	253	512000
5	43634754	254	509617
5	43843671	255	508647
5	44055188	256	511764
5	44265696	257	512029
5	44475699	258	509588
5	44686749	259	511852
5	44897032	260	509882
5	45107687	261	509794
5	45316863	262	507794
5	45527334	263	509705
5	45738774	264	510647
5	45948408	265	507117
5	46158030	266	508470
5	46368609	267	508205
5	46577902	268	509147
5	46788085	269	508058
5	46997996	270	508882
5	47209155	271	509852
5	47419105	272	506764
5	47628021	273	508000
5	47839328	274	512382
5	48050143	275	509500
5	48261051	276	508941
5	48471599	277	509264
5	48681957	278	511441
5	48892880	279	511617
5	49102768	280	510852
5	49313486	281	511323
5	49524575	282	512088
5	49733459	283	510911
5	49943451	284	510382
5	50153132	285	509705
5	50364949	286	510970
5	50572796	287	509117
5	50783175	288	509676
5	50994471	289	509852
5	51203784	290	509794
5	51414103	291	509323
5	51625170	292	510794
5	51834640	293	509764
5	52045226	294	507588
5	52255544	295	509176
5	52465257	296	508205
5	52674381	297	509088
5	52885308	298	511117
5	53095283	299	511411
5	53306166	300	510264
5	53517061	301	509470
5	53727390	302	510911
5	53937374	303	510676
5	54148369	304	511000
5	54359436	305	509352
5	54569415	306	509382
5	54779616	307	509264
5	54990071	308	509029
5	55201765	309	508764
5	55411861	310	508382
5	55621456	311	506558
5	55832031	312	508588
5	56040828	313	507764
5	56251794	314	510676
5	56462786	315	508970
5	56673136	316	511852
5	56883594	317	509294
5	57093167	318	508617
5	57304034	319	509735
5	57514641	320	509441
5	57723711	321	508647
5	57934302	322	507941
5	58144020	323	507882
5	58355374	324	509823
5	58565608	325	511000
5	58777096	326	510852
5	58987786	327	509676
5	59197756	328	509382
5	59408382	329	508588
5	59618056	330	508941
5	59828809	331	509588
5	60039949	332	510764
5	60250381	333	508411
5	60459177	334	508352
5	60669439	335	509529
5	60880900	336	511352
5	61088904	337	508911
5	61299391	338	507735
5	61510347	339	508735
5	61719456	340	510117
5	61929924	341	513294
5	62142425	342	510794
5	62352313	343	509705
5	62562898	344	510647
5	62775075	345	512411
5	62983341	346	510529
5	63194066	347	509382
5	63403872	348	509264
5	63614255	349	511117
5	63826042	350	510470
5	64035481	351	509970
5	64247466	352	509411
5	64456749	353	508970
5	64667433	354	509794
5	64879307	355	512470
5	65089270	356	511058
5	65300109	357	511323
5	65510711	358	509088
5	65720622	359	509205
5	65932211	360	510058
5	66142223	361	509176
5	66352945	362	511147
5	66564876	363	511058
5	66774515	364	511235
5	66983614	365	509588
5	67194200	366	512147
5	67404818	367	511029
5	67616099	368	511323
5	67826553	369	510382
5	68037116	370	509647
5	68247881	371	510323
5	68458307	372	507176
5	68668180	373	507500
5	68877875	374	508029
5	69088886	375	509500
5	69298749	376	508117
5	69508405	377	507970
5	69719406	378	509705
5	69929968	379	509382
5	70140183	380	507941
5	70349079	381	508441
5	70559539	382	508911
5	70768992	383	507794
5	70978951	384	509176
5	71189391	385	509941
5	71398761	386	509764
5	71608757	387	509029
5	71818746	388	509852
5	72028708	389	509500
5	72240172	390	510117
5	72449867	391	511088
5	72660738	392	510558
5	72871034	393	508823
5	73079535	394	508500
5	73290848	395	509147
5	73500045	396	509970
5	73711143	397	510029
5	73921965	398	508470
5	74132344	399	508823
5	74342231	400	508882
5	74553515	401	509117
5	74762835	402	508764
5	74972025	403	507823
5	75182248	404	509264
5	75389761	405	508029
5	75601101	406	508558
5	75810549	407	508617
5	76021116	408	510970
5	76231097	409	510382
5	76440392	410	509911
5	76651119	411	508176
5	76860869	412	508323
5	77071266	413	509764
5	77282298	414	509411
5	77493263	415	510617
5	77702978	416	508911
5	77913915	417	508441
5	78124947	418	507941
5	78335053	419	510000
5	78544609	420	510470
5	78755902	421	511000
5	78967013	422	510705
5	79176218	423	510441
5	79386724	424	510941
5	79597326	425	513029
5	79807718	426	512323
5	80018080	427	509764
5	80227819	428	509323
5	80438539	429	509058
5	80649142	430	511294
5	80858988	431	508911
5	81070438	432	509735
5	81281310	433	508676
5	81490788	434	510117
5	81702490	435	510411
5	81912187	436	510647
5	82123961	437	511176
5	82332212	438	509735
5	82543432	439	511617
5	82754030	440	511323
5	82964745	441	511529
5	83175378	442	510088
5	83385409	443	508088
5	83594516	444	508058
5	83804459	445	508911
5	84016031	446	510882
5	84226745	447	512029
5	84438053	448	509588
5	84648621	449	509147
5	84859588	450	508235
5	85068700	451	508588
5	85279140	452	510176
5	85489372	453	508352
5	85698269	454	507823
5	85908186	455	508676
5	86118338	456	509764
5	86328941	457	509941
5	86538322	458	509352
5	86747537	459	509264
5	86957302	460	508735
5	87167490	461	508941
5	87378335	462	509647
5	87588027	463	510000
5	87799211	464	510323
5	88010274	465	508323
5	88219287	466	509117
5	88429546	467	509441
5	88639062	468	508941
5	88849017	469	508941
5	89059043	470	508235
5	89269936	471	509000
5	89480284	472	508676
5	89691501	473	510264
5	89902392	474	510205
5	90111994	475	510235
5	90322718	476	508588
5	90533045	477	509264
5	90742880	478	509823
5	90953234	479	509264
5	91164115	480	511205
5	91374272	481	511176
5	91585526	482	510294
5	91794830	483	509705
5	92006216	484	514235
5	92217560	485	511411
5	92427731	486	511588
5	92638919	487	511588
5	92849743	488	510147
5	93061393	489	510852
5	93270986	490	511294
5	93482503	491	509764
5	93691632	492	508411
5	93901065	493	508764
5	94111115	494	509705
5	94320476	495	511147
5	94532100	496	511294
5	94743058	497	510235
5	94954351	498	509588
5	95164518	499	508735
5	95375126	500	509264
5	95586107	501	510705
5	95797902	502	510764
5	96006654	503	510029
5	96216889	504	510000
5	96426143	505	508588
5	96635607	506	509235
5	96845955	507	510676
5	97056160	508	509529
5	97267958	509	510794
5	97478128	510	510323
5	97689296	511	509764
5	97900536	512	511470
5	98111569	513	509823
5	98321845	514	510500
5	98531545	515	509647
5	98742625	516	510294
5	98952766	517	509617
5	99163372	518	510882
5	99373858	519	508647
5	99583231	520	508323
5	99794078	521	509970
5	100005619	522	509970
5	100216642	523	510470
5	100427203	524	509588
5	100636520	525	509235
5	100848170	526	509441
5	101057438	527	509029
5	101268241	528	509941
5	101478349	529	508235
5	101689723	530	509205
5	101900447	531	509382
5	102110377	532	509735
5	102320196	533	509117
5	102529794	534	509588
5	102739601	535	509323
5	102950681	536	509323
5	103160565	537	509529
5	103370847	538	508117
5	103580931	539	508470
5	103790316	540	507735
5	104000614	541	509970
5	104210186	542	508705
5	104419606	543	509117
5	104630784	544	508235
5	104842096	545	509705
5	105052535	546	510323
5	105261915	547	508411
5	105471902	548	510794
5	105682332	549	508705
5	105892145	550	508470
5	106103497	551	510000
5	106314217	552	509970
5	106524349	553	509058
5	106735788	554	509647
5	106945500	555	508941
5	107155716	556	507411
5	107365636	557	507088
5	107576130	558	508617
5	107785920	559	507911
5	107995918	560	509088
5	108206712	561	510235
5	108416505	562	510588
5	108626882	563	510794
5	108837660	564	508500
5	109047346	565	509205
5	109256331	566	508852
5	109467009	567	509058
5	109678006	568	508441
5	109887058	569	507058
5	110096398	570	509558
5	110308921	571	511617
5	110518804	572	507970
5	110728382	573	509000
5	110939559	574	510470
5	111149605	575	509676
5	111360318	576	511000
5	111571328	577	509470
5	111781820	578	509500
5	111991787	579	509205
5	112202028	580	509088
5	112411303	581	507588
5	112620902	582	508294
5	112830210	583	508882
5	113041721	584	509117
5	113251016	585	509147
5	113461109	586	508823
5	113671475	587	508794
5	113882185	588	507970
5	114090600	589	509147
5	114301281	590	510411
5	114511318	591	511352
5	114722466	592	508470
5	114932685	593	509352
5	115143984	594	510676
5	115354425	595	510000
5	115565239	596	510176
5	115775968	597	510000
5	115986562	598	510911
5	116196283	599	510235
5	116406289	600	510235
5	116616798	601	512441
5	116827498	602	512000
5	117037419	603	509647
5	117248700	604	508823
5	117458534	605	508852
5	117668779	606	510000
5	117879689	607	510205
5	118090007	608	511235
5	118300963	609	510088
5	118511237	610	510294
5	118722617	611	512176
5	118933483	612	510205
5	119143961	613	508647
5	119355390	614	510176
5	119565118	615	509235
5	119776846	616	510735
5	119987031	617	512323
5	120198120	618	512352
5	120409054	619	514205
5	120619249	620	511617
5	120830063	621	510558
5	121041381	622	509470
5	121251139	623	509264
5	121462089	624	510911
5	121672884	625	509588
5	121883388	626	509029
5	122094846	627	509382
5	122305411	628	510588
5	122515598	629	510500
5	122725546	630	511764
5	122936524	631	512205
5	123147464	632	509470
5	123356962	633	511205
5	123568860	634	513794
5	123778554	635	511617
5	123989222	636	513000
5	124200143	637	510647
5	124409906	638	510323
5	124620317	639	513000
5	124830735	640	510411
5	125042531	641	510382
5	125253565	642	512617
5	125465882	643	512676
5	125675971	644	510323
5	125886185	645	509117
5	126096972	646	512000
5	126309203	647	511264
5	126520013	648	509764
5	126730165	649	508500
5	126940757	650	508323
5	127151226	651	509823
5	127361853	652	510411
5	127571832	653	508176
5	127783424	654	509088
5	127994029	655	509882
5	128204950	656	510235
5	128415892	657	510558
5	128627524	658	509617
5	128837346	659	509588
5	129047788	660	507588
5	129258584	661	509911
5	129468170	662	510000
5	129678572	663	508441
5	129888752	664	507176
5	130099166	665	508000
5	130309449	666	508352
5	130519520	667	508558
5	130728919	668	509852
5	130939990	669	511029
5	131151404	670	509264
5	131361337	671	510794
5	131571775	672	509000
5	131782006	673	510441
5	131993334	674	510352
5	132203094	675	510382
5	132413840	676	509176
5	132624765	677	509764
5	132836341	678	512676
5	133047159	679	510352
5	133257261	680	512205
5	133468922	681	511970
5	133679773	682	510117
5	133890198	683	509441
5	134101521	684	509176
5	134310900	685	508088
5	134521626	686	509647
5	134732033	687	509941
5	134943566	688	510705
5	135153100	689	511264
5	135364066	690	511647
5	135574429	691	512058
5	135785922	692	512029
5	135995012	693	511882
5	136206705	694	512500
5	136417020	695	509676
5	136628086	696	508794
5	136836908	697	509852
5	137046902	698	509117
5	137256466	699	509617
5	137466708	700	510294
5	137677713	701	509088
5	137887484	702	508588
5	138097758	703	509500
5	138308680	704	508705
5	138518732	705	511176
5	138729401	706	511647
5	138939433	707	509735
5	139149107	708	509882
5	139360523	709	511558
5	139570459	710	511176
5	139780444	711	510823
5	139991916	712	510529
5	140201619	713	509529
5	140412356	714	509176
5	140622670	715	509176
5	140832623	716	509588
5	141042801	717	510441
5	141253026	718	509382
5	141462744	719	509294
5	141671833	720	508558
5	141882029	721	509705
5	142092844	722	510176
5	142302241	723	509794
5	142513043	724	509411
5	142722588	725	509794
5	142933170	726	509235
5	143144047	727	510205
5	143354406	728	510470
5	143565002	729	512617
5	143774856	730	509382
5	143984799	731	509235
5	144194352	732	510441
5	144406015	733	511029
5	144615876	734	510235
5	144826622	735	510941
5	145037185	736	510176
5	145247485	737	510323
5	145457217	738	509058
5	145667851	739	510852
5	145878216	740	509911
5	146088805	741	509058
5	146299197	742	508764
5	146508608	743	510382
5	146719693	744	511294
5	146931097	745	510323
5	147140467	746	509088
5	147350699	747	507911
5	147559336	748	508000
5	147769786	749	507441
5	147978365	750	508941
5	148188626	751	508558
5	148398384	752	507882
5	148607566	753	509470
5	148817697	754	509470
5	149028407	755	507970
5	149239652	756	508029
5	149449386	757	508470
5	149659770	758	510264
5	149869097	759	510676
5	150079679	760	511470
5	150291023	761	510617
5	150500115	762	509941
5	150711505	763	510617
5	150921628	764	510264
5	151131955	765	510617
5	151341973	766	509705
5	151552720	767	510617
5	151763029	768	509617
5	151973168	769	509235
5	152183855	770	509911
5	152395250	771	513617
5	152606355	772	510147
5	152815898	773	509088
5	153026811	774	511294
5	153237982	775	512588
5	153449188	776	512617
5	153659557	777	510411
5	153870754	778	509323
5	154080236	779	508058
5	154290616	780	508735
5	154501113	781	509117
5	154711767	782	509500
5	154922250	783	510264
5	155132565	784	510205
5	155342453	785	509705
5	155553085	786	511058
5	155763364	787	509294
5	155973855	788	509294
5	156184752	789	509088
5	156394967	790	509823
5	156605003	791	511647
5	156814793	792	508676
5	157025409	793	507176
5	157233450	794	507294
5	157443820	795	507735
5	157654065	796	507970
5	157863166	797	507911
5	158074196	798	508470
5	158284015	799	509882
5	158495725	800	509764
5	158704795	801	508941
5	158915762	802	507264
5	159125039	803	506970
5	159335680	804	509352
5	159545780	805	511470
5	159756662	806	510147
5	159967609	807	511411
5	160176140	808	512205
5	160386237	809	510470
5	160597148	810	511117
5	160808155	811	510441
5	161018428	812	507852
5	161228090	813	507941
5	161439466	814	510323
5	161649315	815	510558
5	161860493	816	507411
5	162071087	817	509617
5	162281606	818	509147
5	162491847	819	508941
5	162702701	820	508058
5	162912849	821	508705
5	163122947	822	508000
5	163333488	823	508382
5	163543505	824	509352
5	163754151	825	508117
5	163964827	826	509147
5	164175148	827	510617
5	164385189	828	507676
5	164595871	829	507500
5	164806077	830	509176
5	165016797	831	509911
5	165226779	832	509470
5	165435777	833	511029
5	165647637	834	510323
5	165857043	835	508794
5	166067987	836	510117
5	166278978	837	510970
5	166489352	838	510764
5	166700659	839	511235
5	166911155	840	509088
5	167122057	841	509823
5	167333353	842	509676
5	167543163	843	508764
5	167754681	844	508147
5	167964161	845	507970
5	168174406	846	508147
5	168385002	847	508852
5	168594264	848	508794
5	168805108	849	508382
5	169015053	850	508823
5	169224790	851	509088
5	169436072	852	511323
5	169646859	853	511882
5	169857218	854	508705
5	170067050	855	510235
5	170278276	856	509970
5	170487902	857	508000
5	170697892	858	508205
5	170908135	859	509617
5	171117915	860	509000
5	171327710	861	510558
5	171539164	862	512735
5	171748829	863	509588
5	171958689	864	508970
5	172169558	865	510176
5	172379717	866	509500
5	172589932	867	511764
5	172800483	868	507323
5	173009728	869	508058
5	173220591	870	509264
5	173429956	871	509941
5	173640867	872	509382
5	173849660	873	510294
5	174060917	874	509705
5	174270446	875	509117
5	174481537	876	510588
5	174692180	877	508823
5	174902793	878	508323
5	175112574	879	508705
5	175323052	880	509441
5	175532898	881	509470
5	175742956	882	509911
5	175954294	883	511147
5	176164849	884	511029
5	176375132	885	509529
5	176586064	886	511882
5	176795552	887	512352
5	177007211	888	511352
5	177217442	889	510676
5	177428399	890	510911
5	177638939	891	510029
5	177850089	892	512441
5	178060538	893	516705
5	178271868	894	515264
5	178484181	895	515529
5	178695288	896	513382
5	178906967	897	513588
5	179118515	898	514558
5	179329893	899	514382
5	179540568	900	512941
5	179751872	901	511911
5	179962125	902	509823
5	180173036	903	510088
5	180383992	904	510823
5	180594149	905	509029
5	180803783	906	508852
5	181013936	907	508705
5	181224019	908	509323
5	181434507	909	510205
5	181644893	910	510911
5	181855670	911	512176
5	182066408	912	511382
5	182277931	913	509382
5	182487279	914	509382
5	182697569	915	509970
5	182906439	916	507794
5	183116364	917	508294
5	183326464	918	508911
5	183535799	919	509588
5	183746043	920	510323
5	183956925	921	510588
5	184167737	922	509647
5	184376759	923	509794
5	184587718	924	508617
5	184797404	925	509294
5	185007583	926	509558
5	185217499	927	509823
5	185427557	928	510911
5	185638327	929	510441
5	185847767	930	508647
5	186059077	931	508441
5	186268252	932	506882
5	186477430	933	509000
5	186688508	934	508882
5	186899112	935	507500
5	187108728	936	509382
5	187319447	937	509794
5	187529803	938	508970
5	187740049	939	506735
5	187949741	940	507058
5	188160356	941	508852
5	188371142	942	509147
5	188580707	943	509117
5	188791808	944	509911
5	189000472	945	509441
5	189210860	946	510029
5	189420655	947	510323
5	189630774	948	509470
5	189840912	949	508147
5	190049604	950	508147
5	190260644	951	509294
5	190471043	952	510411
5	190681584	953	510529
5	190892355	954	509529
5	191102029	955	507588
5	191312111	956	508735
5	191520291	957	507647
5	191731417	958	508676
5	191940059	959	509647
5	192150596	960	509941
5	192360776	961	511000
5	192571626	962	511205
5	192782361	963	510382
5	192992544	964	511617
5	193203045	965	512558
5	193412801	966	510558
5	193623202	967	510500
5	193832497	968	510911
5	194044284	969	511441
5	194254341	970	510323
5	194465128	971	510147
5	194674980	972	510058
5	194885137	973	510147
5	195096443	974	510970
5	195307630	975	510911
5	195518449	976	510323
5	195728514	977	509676
5	195938703	978	509147
5	196149406	979	509794
5	196360148	980	510735
5	196570109	981	509882
5	196780687	982	509441
5	196991865	983	510117
5	197201741	984	509500
5	197411482	985	509411
5	197623068	986	511352
5	197833627	987	510588
5	198044242	988	508882
5	198254841	989	508617
5	198465203	990	510205
5	198675048	991	509970
5	198885981	992	510617
5	199095398	993	508647
5	199306076	994	507882
5	199515414	995	507617
5	199726198	996	508294
5	199935782	997	509764
5	200146137	998	510058
5	200357118	999	508735
6	32283026	200	50
6	42791415	250	50
6	53306164	300	50
6	63826040	350	50
6	74342229	400	50
6	84859586	450	50
6	95375124	500	50
6	105892143	550	50
6	116406287	600	50
6	126940755	650	50
6	137466706	700	50
6	147978363	750	50
6	158495723	800	50
6	169015051	850	50
6	179540566	900	50
6	190049602	950	50
6	200567428	1000	50
7	32283026	200	0
7	42791415	250	0
7	53306164	300	0
7	63826040	350	0
7	74342229	400	0
7	84859586	450	0
7	95375124	500	0
7	105892143	550	0
7	116406287	600	0
7	126940755	650	0
7	137466706	700	0
7	147978363	750	0
7	158495723	800	0
7	169015051	850	0
7	179540566	900	0
7	190049602	950	0
7	200567428	1000	0
