version 2
run PerfectCC-0-20100906-00:12:26-5532
attr configname PerfectCC
attr datetime 20100906-00:12:26
attr experiment PerfectCC
attr inifile D:/Developement/Oversim2/multic/simulations/omnetpp.ini
attr iterationvars $mpeers=9
attr iterationvars2 "$mpeers=9, $repetition=0"
attr measurement $mpeers=9
attr mpeers 9
attr network oversim.underlay.simpleunderlay.SimpleUnderlayNetwork
attr processid 5532
attr repetition 0
attr replication #0
attr resultdir results
attr runnumber 0
attr seedset 0

vector 1  SimpleUnderlayNetwork.globalObserver.globalStatistics  incoming_bytes  ETV
vector 2  SimpleUnderlayNetwork.globalObserver.globalStatistics  drops  ETV
vector 3  SimpleUnderlayNetwork.globalObserver.globalStatistics  delayed_acks  ETV
vector 4  SimpleUnderlayNetwork.globalObserver.globalStatistics  timetotimeouts  ETV
vector 5  SimpleUnderlayNetwork.globalObserver.globalStatistics  rate  ETV
vector 6  SimpleUnderlayNetwork.globalObserver.globalStatistics  "GlobalNodeList: Number of nodes"  ETV
vector 7  SimpleUnderlayNetwork.globalObserver.globalStatistics  "GlobalNodeList: Number of bootstrapped malicious nodes"  ETV
1	6161988	158	41817
1	6203602	159	43831
1	6244139	160	41817
1	6285777	161	43990
1	6326132	162	41128
1	6367548	163	43619
1	6408810	164	43195
1	6450069	165	43089
1	6491024	166	42506
1	6532653	167	44149
1	6574007	168	43195
1	6615234	169	43089
1	6656477	170	43142
1	6697898	171	43619
1	6739191	172	43248
1	6780188	173	42930
1	6821768	174	43831
1	6862196	175	41393
1	6903217	176	42665
1	6944579	177	43513
1	6985407	178	42453
1	7027217	179	44149
1	7067274	180	40598
1	7108784	181	43672
1	7149876	182	42877
1	7191214	183	43354
1	7232218	184	42612
1	7273499	185	43036
1	7314407	186	42294
1	7355648	187	43248
1	7396926	188	43407
1	7438039	189	42930
1	7479206	190	42824
1	7520187	191	42400
1	7561240	192	42665
1	7602082	193	42453
1	7643005	194	42718
1	7684711	195	44255
1	7725871	196	42771
1	7766816	197	42718
1	7807637	198	41976
1	7849064	199	43672
1	7890182	200	42665
1	7930820	201	41870
1	7972018	202	42983
1	8013186	203	42930
1	8054318	204	43195
1	8095418	205	42983
1	8136788	206	43619
1	8178453	207	43884
1	8219426	208	42506
1	8260819	209	43513
1	8300950	210	40598
1	8342135	211	43089
1	8382851	212	42135
1	8424067	213	43195
1	8465070	214	42612
1	8505816	215	42188
1	8546701	216	42135
1	8588266	217	44202
1	8629423	218	42824
1	8669974	219	41764
1	8711293	220	43089
1	8752137	221	42453
1	8793262	222	43301
1	8834906	223	43619
1	8875731	224	42082
1	8917184	225	43831
1	8958298	226	43036
1	8999077	227	41923
1	9040282	228	43195
1	9081469	229	42824
1	9122595	230	42930
1	9163831	231	43195
1	9204818	232	42506
1	9245968	233	43089
1	9287107	234	42983
1	9328342	235	42877
1	9369286	236	42824
1	9410259	237	42771
1	9451661	238	43407
1	9492837	239	43142
1	9534172	240	43301
1	9575608	241	43566
1	9616758	242	42983
1	9658102	243	43195
1	9699128	244	42824
1	9739646	245	41499
1	9781107	246	43778
1	9822285	247	42983
1	9863317	248	42877
1	9903741	249	41287
1	9944741	250	42453
1	9985840	251	43036
1	10027382	252	43884
1	10068649	253	43142
1	10109284	254	41817
1	10150325	255	42718
1	10191257	256	42347
1	10232278	257	42877
1	10273457	258	43142
1	10313851	259	40916
1	10355265	260	43937
1	10396332	261	42506
1	10437220	262	42559
1	10478650	263	43407
1	10519508	264	42453
1	10560847	265	43513
1	10602396	266	43884
1	10643476	267	42771
1	10685109	268	44096
1	10726359	269	42930
1	10767320	270	42718
1	10808655	271	43619
1	10849948	272	43089
1	10890686	273	41711
1	10931942	274	43407
1	10973336	275	43513
1	11014202	276	42241
1	11055541	277	43566
1	11096647	278	43036
1	11137592	279	42241
1	11178981	280	43672
1	11220244	281	43248
1	11261362	282	42877
1	11302691	283	43354
1	11343886	284	43195
1	11385019	285	42612
1	11426408	286	43566
1	11467986	287	43831
1	11508930	288	42400
1	11549868	289	42453
1	11591168	290	43513
1	11632567	291	43407
1	11673675	292	42983
1	11715015	293	43407
1	11755985	294	42718
1	11797311	295	43354
1	11838490	296	43089
1	11878967	297	41605
1	11920546	298	43566
1	11960925	299	41181
1	12002524	300	44096
1	12043740	301	43036
1	12084850	302	43089
1	12125999	303	42665
1	12166829	304	42294
1	12208221	305	43354
1	12249552	306	43460
1	12290750	307	43142
1	12332005	308	43513
1	12373163	309	42718
1	12414358	310	43248
1	12455761	311	43407
1	12497019	312	43301
1	12538234	313	42877
1	12578811	314	41817
1	12620458	315	43937
1	12661712	316	43195
1	12702903	317	42877
1	12744032	318	43036
1	12784946	319	42400
1	12826229	320	43142
1	12867434	321	43407
1	12908623	322	42877
1	12949520	323	42135
1	12990654	324	43460
1	13032527	325	44361
1	13073576	326	42400
1	13114909	327	43513
1	13155975	328	42506
1	13196889	329	42718
1	13237849	330	42506
1	13278993	331	42824
1	13319613	332	41976
1	13361080	333	43672
1	13402126	334	42824
1	13443436	335	43248
1	13484604	336	42983
1	13526075	337	43778
1	13567210	338	42718
1	13607848	339	41870
1	13649205	340	43407
1	13690121	341	42135
1	13731109	342	42877
1	13772489	343	43937
1	13813705	344	42930
1	13855204	345	43884
1	13896827	346	43937
1	13937348	347	41340
1	13978626	348	43407
1	14020238	349	43937
1	14061533	350	42930
1	14102311	351	42135
1	14143103	352	42400
1	14184464	353	43354
1	14225097	354	41870
1	14266500	355	43460
1	14307813	356	43460
1	14348839	357	42824
1	14390180	358	43248
1	14431095	359	42400
1	14472296	360	43195
1	14513329	361	42824
1	14554975	362	43884
1	14595615	363	41552
1	14637110	364	44043
1	14678329	365	43248
1	14719865	366	43672
1	14760885	367	42241
1	14802084	368	43301
1	14843231	369	42877
1	14884724	370	43672
1	14925030	371	41234
1	14966367	372	43195
1	15006888	373	41658
1	15048399	374	43778
1	15089136	375	41817
1	15130478	376	43513
1	15171691	377	42983
1	15213055	378	43195
1	15254038	379	42559
1	15295138	380	43036
1	15336332	381	42930
1	15377286	382	42718
1	15418260	383	42718
1	15459116	384	42241
1	15500064	385	42612
1	15541115	386	42930
1	15582153	387	42559
1	15623158	388	42824
1	15664369	389	43036
1	15705435	390	42612
1	15746777	391	43513
1	15787800	392	42559
1	15828857	393	42718
1	15869598	394	42241
1	15911137	395	43884
1	15951730	396	41446
1	15992155	397	41552
1	16033494	398	43460
1	16074744	399	43089
1	16116269	400	43884
1	16157211	401	42506
1	16198399	402	43142
1	16239457	403	42718
1	16280887	404	43725
1	16322709	405	44573
1	16364084	406	43248
1	16405021	407	42506
1	16446048	408	42506
1	16487102	409	42771
1	16528072	410	42665
1	16569288	411	43301
1	16610255	412	42453
1	16651613	413	43619
1	16693248	414	44096
1	16734256	415	42453
1	16775678	416	43672
1	16816858	417	42983
1	16858262	418	43354
1	16899021	419	42029
1	16940416	420	43513
1	16981290	421	41976
1	17022422	422	43248
1	17063723	423	43513
1	17104885	424	42877
1	17145921	425	42877
1	17186888	426	42400
1	17228301	427	43513
1	17269111	428	42241
1	17309779	429	42029
1	17351130	430	43566
1	17392669	431	43513
1	17433150	432	41499
1	17473934	433	42294
1	17514587	434	41446
1	17555764	435	43089
1	17596691	436	42877
1	17638373	437	43884
1	17679024	438	41764
1	17720201	439	43566
1	17761715	440	43725
1	17802936	441	42877
1	17843179	442	40863
1	17884720	443	43884
1	17925411	444	41817
1	17967017	445	44043
1	18007655	446	41605
1	18048549	447	42347
1	18089618	448	43036
1	18130895	449	43036
1	18171535	450	41817
1	18212841	451	43301
1	18253748	452	42400
1	18295003	453	43354
1	18335771	454	42082
1	18377025	455	43248
1	18417860	456	42188
1	18458998	457	43195
1	18500415	458	43566
1	18541086	459	41817
1	18582438	460	43619
1	18623523	461	42612
1	18664892	462	43672
1	18706496	463	44043
1	18747422	464	42453
1	18788790	465	43195
1	18829779	466	42559
1	18871427	467	43990
1	18912845	468	43354
1	18954334	469	43937
1	18995738	470	43566
1	19036612	471	42294
1	19078217	472	44043
1	19119789	473	43937
1	19160832	474	42665
1	19202245	475	43513
1	19243235	476	42400
1	19283744	477	41393
1	19324960	478	43354
1	19366330	479	43460
1	19407324	480	42612
1	19448495	481	43036
1	19489673	482	42930
1	19530699	483	42559
1	19571949	484	43460
1	19613030	485	42665
1	19653882	486	42294
1	19695300	487	43513
1	19736224	488	42453
1	19777456	489	43195
1	19818706	490	43036
1	19859338	491	42029
1	19900855	492	43672
1	19942017	493	42877
1	19982649	494	42135
1	20024142	495	43831
1	20065012	496	42082
1	20106231	497	43195
1	20147506	498	43248
1	20188482	499	42612
1	20229934	500	43460
1	20270599	501	41817
1	20311496	502	42453
1	20352893	503	43672
1	20393848	504	42718
1	20435113	505	43195
1	20476518	506	43513
1	20517191	507	41711
1	20558311	508	43195
1	20599861	509	43566
1	20640444	510	41446
1	20681687	511	43566
1	20723090	512	43460
1	20764244	513	43089
1	20805116	514	42294
1	20846509	515	43619
1	20887874	516	43407
1	20929102	517	43195
1	20969830	518	41923
1	21011058	519	43195
1	21052539	520	43831
1	21093818	521	43195
1	21135027	522	43036
1	21176336	523	43354
1	21217215	524	42347
1	21258261	525	42453
1	21299440	526	43142
1	21340444	527	42718
1	21381791	528	43354
1	21422918	529	42824
1	21463652	530	42082
1	21504354	531	42188
1	21545691	532	43725
1	21586716	533	42559
1	21628055	534	43513
1	21669696	535	43725
1	21710436	536	42082
1	21751820	537	43301
1	21792668	538	42241
1	21833702	539	43036
1	21874888	540	43036
1	21916057	541	42824
1	21957441	542	43354
1	21998713	543	43195
1	22039756	544	42930
1	22080934	545	43036
1	22122235	546	43195
1	22163500	547	43301
1	22204652	548	43248
1	22245846	549	42983
1	22286800	550	42612
1	22327937	551	42718
1	22368670	552	42188
1	22410178	553	43672
1	22451602	554	43672
1	22492841	555	43142
1	22534203	556	43407
1	22575095	557	42506
1	22616222	558	42983
1	22657707	559	43566
1	22698693	560	42453
1	22740084	561	43513
1	22780724	562	42135
1	22822358	563	43937
1	22863285	564	42082
1	22904464	565	43407
1	22945747	566	43248
1	22986866	567	42930
1	23027968	568	42771
1	23069205	569	43195
1	23110119	570	42135
1	23151009	571	42665
1	23192374	572	43619
1	23233545	573	43195
1	23274798	574	43195
1	23316212	575	43407
1	23357268	576	42665
1	23398502	577	43248
1	23439605	578	42824
1	23480967	579	43195
1	23521908	580	42453
1	23563201	581	43513
1	23604530	582	43407
1	23645728	583	42983
1	23686867	584	43036
1	23727935	585	42718
1	23768911	586	42665
1	23810245	587	43566
1	23851449	588	43301
1	23892564	589	42665
1	23933409	590	42294
1	23974890	591	43619
1	24016169	592	43089
1	24057056	593	42135
1	24098156	594	43301
1	24139546	595	43354
1	24181054	596	43884
1	24222552	597	43831
1	24263895	598	43301
1	24305103	599	43089
1	24346473	600	43354
1	24387246	601	41923
1	24428666	602	43566
1	24470117	603	43672
1	24511708	604	43778
1	24552689	605	42665
1	24594162	606	43513
1	24635065	607	42612
1	24676932	608	44467
1	24717967	609	42665
1	24759119	610	42930
1	24799560	611	41393
1	24840947	612	43460
1	24881395	613	41393
1	24922276	614	42612
1	24963760	615	43672
1	25004095	616	40810
1	25045651	617	44202
1	25087061	618	43460
1	25128115	619	42930
1	25169087	620	42453
1	25209385	621	41022
1	25251014	622	44149
1	25291344	623	41181
1	25332856	624	43831
1	25373461	625	41552
1	25414754	626	43354
1	25456036	627	43142
1	25496842	628	42400
1	25538143	629	43195
1	25578609	630	41340
1	25620162	631	44043
1	25661191	632	42665
1	25702633	633	43460
1	25743754	634	42824
1	25785181	635	43566
1	25825941	636	42188
1	25867615	637	44414
1	25908577	638	42347
1	25950155	639	43672
1	25991600	640	43566
1	26032578	641	42453
1	26073807	642	43354
1	26114618	643	42241
1	26155794	644	43036
1	26197219	645	43513
1	26238663	646	43672
1	26279779	647	42771
1	26321329	648	43725
1	26361582	649	41022
1	26402957	650	43407
1	26443717	651	42188
1	26485037	652	43566
1	26526546	653	43778
1	26567286	654	41605
1	26608707	655	43725
1	26650108	656	43725
1	26691400	657	43142
1	26732354	658	42294
1	26772861	659	41340
1	26814147	660	43407
1	26855474	661	43460
1	26896607	662	43036
1	26938299	663	44096
1	26979514	664	42930
1	27020709	665	43089
1	27062085	666	43460
1	27103266	667	43248
1	27144609	668	43513
1	27185756	669	42983
1	27226907	670	42983
1	27268154	671	43142
1	27309282	672	42930
1	27350656	673	43407
1	27392416	674	44361
1	27433703	675	43301
1	27475352	676	44202
1	27516675	677	43089
1	27557916	678	43036
1	27599305	679	43566
1	27640292	680	42612
1	27681525	681	42983
1	27722278	682	42135
1	27763620	683	43513
1	27804178	684	41446
1	27845563	685	43566
1	27886775	686	43089
1	27928088	687	43354
1	27969691	688	43937
1	28010608	689	42506
1	28051757	690	42983
1	28093092	691	43513
1	28134457	692	43725
1	28175657	693	42824
1	28216598	694	42559
1	28257976	695	43354
1	28298553	696	41605
1	28340066	697	43778
1	28380579	698	41446
1	28421860	699	43566
1	28463109	700	42824
1	28503934	701	41923
1	28545303	702	43778
1	28586597	703	43566
1	28627508	704	42453
1	28668802	705	43248
1	28709827	706	42665
1	28751046	707	42877
1	28792107	708	42824
1	28833449	709	43460
1	28874191	710	41817
1	28915510	711	43354
1	28956523	712	42718
1	28997274	713	42294
1	29038736	714	43460
1	29079863	715	43089
1	29120891	716	42612
1	29162103	717	43089
1	29203388	718	43195
1	29244560	719	43195
1	29285913	720	43301
1	29327249	721	43407
1	29368377	722	42771
1	29409900	723	43884
1	29450579	724	42188
1	29492197	725	43831
1	29533421	726	42930
1	29573875	727	41287
1	29615019	728	43195
1	29656401	729	43460
1	29696646	730	40810
1	29737916	731	43301
1	29779012	732	42665
1	29820072	733	42877
1	29860871	734	42400
1	29902051	735	43301
1	29943448	736	43460
1	29984538	737	42824
1	30025861	738	43301
1	30066818	739	42347
1	30108002	740	43142
1	30148708	741	42188
1	30189873	742	42665
1	30230312	743	41393
1	30271750	744	43831
1	30312746	745	42559
1	30354522	746	44467
1	30395497	747	42718
1	30436636	748	42983
1	30478302	749	43831
1	30518996	750	42135
1	30560380	751	43301
1	30601118	752	42188
1	30642109	753	42506
1	30682940	754	42400
1	30724160	755	43513
1	30765487	756	43301
1	30806178	757	41711
1	30847255	758	43089
1	30888669	759	43619
1	30929944	760	43036
1	30971178	761	42983
1	31012414	762	43301
1	31053022	763	41552
1	31094211	764	42930
1	31135558	765	43619
1	31176654	766	42983
1	31218193	767	43778
1	31259707	768	43619
1	31301074	769	43460
1	31341734	770	41976
1	31382755	771	42665
1	31423516	772	42188
1	31464867	773	43513
1	31505848	774	42506
1	31547005	775	43089
1	31588197	776	43195
1	31629429	777	43036
1	31670462	778	42930
1	31711354	779	42241
1	31752352	780	43089
1	31793771	781	43195
1	31834313	782	41287
1	31875535	783	43407
1	31916767	784	43142
1	31957857	785	42930
1	31998728	786	42294
1	32040203	787	43725
1	32081843	788	43937
1	32122979	789	42877
1	32163937	790	42718
1	32205206	791	43142
1	32246498	792	43301
1	32287992	793	43884
1	32329320	794	43195
1	32370932	795	43831
1	32412155	796	42824
1	32453336	797	43036
1	32494655	798	43142
1	32535269	799	42135
1	32576880	800	43831
1	32617391	801	41393
1	32658468	802	42930
1	32699878	803	43672
1	32740946	804	43036
1	32782204	805	43195
1	32823541	806	43460
1	32864913	807	43248
1	32905432	808	41446
1	32946753	809	43619
1	32987317	810	41446
1	33028843	811	43566
1	33069459	812	41764
1	33110575	813	42930
1	33151760	814	43089
1	33192679	815	42506
1	33234120	816	43619
1	33275247	817	42930
1	33316434	818	43195
1	33357935	819	43407
1	33397947	820	40386
1	33439379	821	43725
1	33480571	822	43089
1	33521716	823	43036
1	33562519	824	42135
1	33603723	825	42983
1	33644142	826	41340
1	33684987	827	42347
1	33726607	828	44096
1	33768028	829	43460
1	33809336	830	43354
1	33850717	831	42983
1	33891426	832	41976
1	33932695	833	43407
1	33973981	834	43354
1	34014766	835	41976
1	34055794	836	42877
1	34097457	837	44149
1	34138868	838	43566
1	34179985	839	43036
1	34221382	840	43513
1	34261964	841	41446
1	34302760	842	42241
1	34343972	843	43142
1	34385265	844	43248
1	34426468	845	43036
1	34467877	846	43672
1	34509000	847	42824
1	34550186	848	43089
1	34590819	849	41711
1	34632414	850	43884
1	34673351	851	42241
1	34714374	852	42983
1	34755043	853	41923
1	34796218	854	43142
1	34837424	855	42983
1	34878606	856	43089
1	34919651	857	42612
1	34960426	858	42188
1	35001691	859	43301
1	35041987	860	40863
1	35083235	861	43354
1	35124733	862	43778
1	35165686	863	42506
1	35206823	864	42824
1	35247698	865	42453
1	35288726	866	42930
1	35330356	867	44096
1	35371540	868	42877
1	35412375	869	42294
1	35453706	870	43301
1	35495030	871	43301
1	35535196	872	40969
1	35576559	873	43407
1	35617486	874	42294
1	35658584	875	43036
1	35699783	876	42983
1	35741392	877	43990
1	35782458	878	42983
1	35823644	879	42771
1	35864617	880	42771
1	35906114	881	43460
1	35946627	882	41499
1	35987877	883	43460
1	36029306	884	43619
1	36070305	885	42718
1	36111515	886	42983
1	36152614	887	43036
1	36193599	888	42559
1	36234734	889	42983
1	36276079	890	43513
1	36317332	891	42983
1	36358762	892	43513
1	36400274	893	43725
1	36440901	894	41923
1	36482386	895	43831
1	36523291	896	42347
1	36564400	897	42612
1	36605380	898	42665
1	36646054	899	42241
1	36687066	900	42400
1	36728234	901	42983
1	36769535	902	43248
1	36810242	903	41870
1	36851568	904	43566
1	36892719	905	42824
1	36933896	906	43036
1	36975028	907	43301
1	37016264	908	43301
1	37057441	909	42824
1	37098971	910	43937
1	37140307	911	43195
1	37181634	912	43142
1	37222556	913	42718
1	37263760	914	42983
1	37304995	915	42983
1	37345710	916	42241
1	37386942	917	43248
1	37427860	918	42082
1	37468624	919	42294
1	37509130	920	41817
1	37550943	921	44255
1	37591338	922	41499
1	37632789	923	43778
1	37673372	924	41711
1	37714874	925	43884
1	37756042	926	42983
1	37797666	927	43725
1	37838645	928	42718
1	37879897	929	43513
1	37921601	930	43725
1	37962786	931	42877
1	38004334	932	43884
1	38045950	933	43778
1	38086788	934	42453
1	38128411	935	43831
1	38169623	936	42877
1	38210816	937	43354
1	38252343	938	43619
1	38292849	939	41181
1	38333816	940	42612
1	38374708	941	42559
1	38416056	942	43301
1	38457149	943	42983
1	38498242	944	42877
1	38539408	945	42930
1	38580581	946	43195
1	38622160	947	43778
1	38662943	948	42188
1	38703908	949	42506
1	38743976	950	40545
1	38785296	951	43301
1	38826438	952	42877
1	38867727	953	43354
1	38909081	954	43354
1	38949904	955	42241
1	38990810	956	42665
1	39032073	957	42983
1	39073375	958	43301
1	39115021	959	44043
1	39155917	960	42241
1	39196704	961	42400
1	39238326	962	44043
1	39279700	963	43460
1	39320881	964	43089
1	39362020	965	42877
1	39403356	966	43354
1	39444227	967	42188
1	39485172	968	42559
1	39526392	969	42983
1	39567175	970	42188
1	39608735	971	44202
1	39649552	972	42029
1	39690898	973	43513
1	39732065	974	43195
1	39773776	975	44043
1	39814616	976	42135
1	39855735	977	43036
1	39896999	978	42983
1	39938616	979	44202
1	39979457	980	42241
1	40020736	981	43354
1	40061548	982	42188
1	40102694	983	42983
1	40144386	984	44149
1	40185444	985	42612
1	40226838	986	43619
1	40268418	987	43831
1	40309601	988	43142
1	40350569	989	42559
1	40391935	990	43407
1	40432992	991	42718
1	40474650	992	44043
1	40515248	993	41870
1	40556516	994	43195
1	40597534	995	42665
1	40638062	996	41870
1	40679520	997	43566
1	40720566	998	42718
1	40761736	999	42983
2	6161988	158	0
2	6203602	159	32
2	6244139	160	4
2	6285777	161	31
2	6326132	162	10
2	6367548	163	11
2	6408810	164	12
2	6450069	165	10
2	6491024	166	11
2	6532653	167	19
2	6574007	168	7
2	6615234	169	7
2	6656477	170	4
2	6697898	171	13
2	6739191	172	18
2	6780188	173	3
2	6821768	174	25
2	6862196	175	9
2	6903217	176	8
2	6944579	177	18
2	6985407	178	3
2	7027217	179	45
2	7067274	180	1
2	7108784	181	27
2	7149876	182	4
2	7191214	183	11
2	7232218	184	17
2	7273499	185	38
2	7314407	186	4
2	7355648	187	8
2	7396926	188	9
2	7438039	189	4
2	7479206	190	30
2	7520187	191	11
2	7561240	192	12
2	7602082	193	17
2	7643005	194	2
2	7684711	195	18
2	7725871	196	4
2	7766816	197	36
2	7807637	198	8
2	7849064	199	20
2	7890182	200	34
2	7930820	201	9
2	7972018	202	19
2	8013186	203	5
2	8054318	204	7
2	8095418	205	5
2	8136788	206	12
2	8178453	207	20
2	8219426	208	3
2	8260819	209	28
2	8300950	210	8
2	8342135	211	29
2	8382851	212	4
2	8424067	213	9
2	8465070	214	16
2	8505816	215	27
2	8546701	216	0
2	8588266	217	6
2	8629423	218	32
2	8669974	219	8
2	8711293	220	27
2	8752137	221	9
2	8793262	222	1
2	8834906	223	33
2	8875731	224	8
2	8917184	225	0
2	8958298	226	9
2	8999077	227	15
2	9040282	228	13
2	9081469	229	10
2	9122595	230	11
2	9163831	231	16
2	9204818	232	13
2	9245968	233	8
2	9287107	234	15
2	9328342	235	16
2	9369286	236	15
2	9410259	237	12
2	9451661	238	12
2	9492837	239	4
2	9534172	240	7
2	9575608	241	20
2	9616758	242	2
2	9658102	243	9
2	9699128	244	38
2	9739646	245	1
2	9781107	246	12
2	9822285	247	5
2	9863317	248	22
2	9903741	249	34
2	9944741	250	2
2	9985840	251	16
2	10027382	252	0
2	10068649	253	36
2	10109284	254	7
2	10150325	255	21
2	10191257	256	8
2	10232278	257	2
2	10273457	258	36
2	10313851	259	5
2	10355265	260	9
2	10396332	261	19
2	10437220	262	9
2	10478650	263	15
2	10519508	264	2
2	10560847	265	7
2	10602396	266	10
2	10643476	267	4
2	10685109	268	15
2	10726359	269	14
2	10767320	270	8
2	10808655	271	11
2	10849948	272	35
2	10890686	273	2
2	10931942	274	1
2	10973336	275	29
2	11014202	276	5
2	11055541	277	10
2	11096647	278	11
2	11137592	279	8
2	11178981	280	2
2	11220244	281	11
2	11261362	282	15
2	11302691	283	1
2	11343886	284	21
2	11385019	285	6
2	11426408	286	12
2	11467986	287	16
2	11508930	288	18
2	11549868	289	14
2	11591168	290	2
2	11632567	291	16
2	11673675	292	9
2	11715015	293	19
2	11755985	294	0
2	11797311	295	5
2	11838490	296	41
2	11878967	297	4
2	11920546	298	37
2	11960925	299	5
2	12002524	300	10
2	12043740	301	3
2	12084850	302	17
2	12125999	303	17
2	12166829	304	16
2	12208221	305	1
2	12249552	306	13
2	12290750	307	15
2	12332005	308	4
2	12373163	309	16
2	12414358	310	16
2	12455761	311	16
2	12497019	312	5
2	12538234	313	29
2	12578811	314	6
2	12620458	315	7
2	12661712	316	7
2	12702903	317	14
2	12744032	318	16
2	12784946	319	13
2	12826229	320	9
2	12867434	321	13
2	12908623	322	33
2	12949520	323	13
2	12990654	324	3
2	13032527	325	29
2	13073576	326	5
2	13114909	327	16
2	13155975	328	11
2	13196889	329	19
2	13237849	330	7
2	13278993	331	17
2	13319613	332	12
2	13361080	333	17
2	13402126	334	3
2	13443436	335	19
2	13484604	336	2
2	13526075	337	11
2	13567210	338	17
2	13607848	339	6
2	13649205	340	29
2	13690121	341	9
2	13731109	342	1
2	13772489	343	13
2	13813705	344	6
2	13855204	345	8
2	13896827	346	40
2	13937348	347	14
2	13978626	348	5
2	14020238	349	16
2	14061533	350	21
2	14102311	351	13
2	14143103	352	2
2	14184464	353	24
2	14225097	354	10
2	14266500	355	9
2	14307813	356	3
2	14348839	357	10
2	14390180	358	18
2	14431095	359	10
2	14472296	360	18
2	14513329	361	5
2	14554975	362	36
2	14595615	363	6
2	14637110	364	10
2	14678329	365	13
2	14719865	366	22
2	14760885	367	14
2	14802084	368	17
2	14843231	369	11
2	14884724	370	33
2	14925030	371	1
2	14966367	372	33
2	15006888	373	11
2	15048399	374	17
2	15089136	375	7
2	15130478	376	29
2	15171691	377	3
2	15213055	378	27
2	15254038	379	7
2	15295138	380	14
2	15336332	381	14
2	15377286	382	3
2	15418260	383	15
2	15459116	384	14
2	15500064	385	5
2	15541115	386	23
2	15582153	387	6
2	15623158	388	7
2	15664369	389	27
2	15705435	390	5
2	15746777	391	21
2	15787800	392	8
2	15828857	393	30
2	15869598	394	3
2	15911137	395	22
2	15951730	396	31
2	15992155	397	2
2	16033494	398	12
2	16074744	399	6
2	16116269	400	9
2	16157211	401	7
2	16198399	402	14
2	16239457	403	6
2	16280887	404	1
2	16322709	405	6
2	16364084	406	11
2	16405021	407	24
2	16446048	408	15
2	16487102	409	15
2	16528072	410	2
2	16569288	411	18
2	16610255	412	3
2	16651613	413	0
2	16693248	414	24
2	16734256	415	4
2	16775678	416	10
2	16816858	417	7
2	16858262	418	35
2	16899021	419	4
2	16940416	420	28
2	16981290	421	9
2	17022422	422	2
2	17063723	423	19
2	17104885	424	8
2	17145921	425	27
2	17186888	426	2
2	17228301	427	21
2	17269111	428	33
2	17309779	429	10
2	17351130	430	5
2	17392669	431	28
2	17433150	432	10
2	17473934	433	41
2	17514587	434	4
2	17555764	435	12
2	17596691	436	0
2	17638373	437	28
2	17679024	438	5
2	17720201	439	2
2	17761715	440	17
2	17802936	441	29
2	17843179	442	6
2	17884720	443	40
2	17925411	444	2
2	17967017	445	29
2	18007655	446	13
2	18048549	447	4
2	18089618	448	16
2	18130895	449	20
2	18171535	450	5
2	18212841	451	22
2	18253748	452	4
2	18295003	453	15
2	18335771	454	12
2	18377025	455	18
2	18417860	456	13
2	18458998	457	0
2	18500415	458	21
2	18541086	459	1
2	18582438	460	19
2	18623523	461	16
2	18664892	462	5
2	18706496	463	11
2	18747422	464	19
2	18788790	465	21
2	18829779	466	8
2	18871427	467	8
2	18912845	468	19
2	18954334	469	4
2	18995738	470	17
2	19036612	471	6
2	19078217	472	7
2	19119789	473	23
2	19160832	474	7
2	19202245	475	10
2	19243235	476	43
2	19283744	477	2
2	19324960	478	5
2	19366330	479	26
2	19407324	480	1
2	19448495	481	18
2	19489673	482	22
2	19530699	483	5
2	19571949	484	14
2	19613030	485	29
2	19653882	486	0
2	19695300	487	18
2	19736224	488	10
2	19777456	489	9
2	19818706	490	13
2	19859338	491	8
2	19900855	492	21
2	19942017	493	20
2	19982649	494	0
2	20024142	495	15
2	20065012	496	15
2	20106231	497	1
2	20147506	498	23
2	20188482	499	4
2	20229934	500	25
2	20270599	501	19
2	20311496	502	3
2	20352893	503	7
2	20393848	504	6
2	20435113	505	7
2	20476518	506	32
2	20517191	507	3
2	20558311	508	3
2	20599861	509	45
2	20640444	510	4
2	20681687	511	0
2	20723090	512	16
2	20764244	513	22
2	20805116	514	6
2	20846509	515	7
2	20887874	516	7
2	20929102	517	23
2	20969830	518	8
2	21011058	519	4
2	21052539	520	2
2	21093818	521	8
2	21135027	522	11
2	21176336	523	16
2	21217215	524	22
2	21258261	525	6
2	21299440	526	9
2	21340444	527	7
2	21381791	528	22
2	21422918	529	23
2	21463652	530	15
2	21504354	531	1
2	21545691	532	9
2	21586716	533	13
2	21628055	534	8
2	21669696	535	33
2	21710436	536	6
2	21751820	537	21
2	21792668	538	6
2	21833702	539	11
2	21874888	540	15
2	21916057	541	17
2	21957441	542	9
2	21998713	543	9
2	22039756	544	12
2	22080934	545	4
2	22122235	546	10
2	22163500	547	6
2	22204652	548	3
2	22245846	549	19
2	22286800	550	6
2	22327937	551	26
2	22368670	552	9
2	22410178	553	3
2	22451602	554	22
2	22492841	555	4
2	22534203	556	18
2	22575095	557	8
2	22616222	558	8
2	22657707	559	15
2	22698693	560	5
2	22740084	561	17
2	22780724	562	6
2	22822358	563	23
2	22863285	564	8
2	22904464	565	8
2	22945747	566	10
2	22986866	567	10
2	23027968	568	6
2	23069205	569	22
2	23110119	570	16
2	23151009	571	5
2	23192374	572	15
2	23233545	573	6
2	23274798	574	16
2	23316212	575	19
2	23357268	576	11
2	23398502	577	9
2	23439605	578	12
2	23480967	579	22
2	23521908	580	1
2	23563201	581	4
2	23604530	582	12
2	23645728	583	6
2	23686867	584	14
2	23727935	585	16
2	23768911	586	7
2	23810245	587	4
2	23851449	588	14
2	23892564	589	22
2	23933409	590	2
2	23974890	591	11
2	24016169	592	29
2	24057056	593	9
2	24098156	594	5
2	24139546	595	10
2	24181054	596	1
2	24222552	597	5
2	24263895	598	16
2	24305103	599	13
2	24346473	600	25
2	24387246	601	3
2	24428666	602	14
2	24470117	603	5
2	24511708	604	28
2	24552689	605	9
2	24594162	606	15
2	24635065	607	6
2	24676932	608	23
2	24717967	609	11
2	24759119	610	17
2	24799560	611	6
2	24840947	612	27
2	24881395	613	18
2	24922276	614	2
2	24963760	615	40
2	25004095	616	4
2	25045651	617	5
2	25087061	618	17
2	25128115	619	8
2	25169087	620	44
2	25209385	621	2
2	25251014	622	31
2	25291344	623	3
2	25332856	624	24
2	25373461	625	5
2	25414754	626	19
2	25456036	627	25
2	25496842	628	1
2	25538143	629	52
2	25578609	630	3
2	25620162	631	13
2	25661191	632	14
2	25702633	633	15
2	25743754	634	9
2	25785181	635	30
2	25825941	636	1
2	25867615	637	8
2	25908577	638	8
2	25950155	639	8
2	25991600	640	23
2	26032578	641	4
2	26073807	642	11
2	26114618	643	14
2	26155794	644	16
2	26197219	645	2
2	26238663	646	24
2	26279779	647	2
2	26321329	648	24
2	26361582	649	3
2	26402957	650	26
2	26443717	651	6
2	26485037	652	8
2	26526546	653	26
2	26567286	654	7
2	26608707	655	0
2	26650108	656	10
2	26691400	657	26
2	26732354	658	32
2	26772861	659	13
2	26814147	660	3
2	26855474	661	9
2	26896607	662	1
2	26938299	663	12
2	26979514	664	15
2	27020709	665	4
2	27062085	666	10
2	27103266	667	1
2	27144609	668	25
2	27185756	669	4
2	27226907	670	11
2	27268154	671	15
2	27309282	672	4
2	27350656	673	5
2	27392416	674	12
2	27433703	675	4
2	27475352	676	11
2	27516675	677	18
2	27557916	678	10
2	27599305	679	13
2	27640292	680	11
2	27681525	681	21
2	27722278	682	1
2	27763620	683	37
2	27804178	684	2
2	27845563	685	4
2	27886775	686	15
2	27928088	687	3
2	27969691	688	20
2	28010608	689	10
2	28051757	690	16
2	28093092	691	1
2	28134457	692	12
2	28175657	693	23
2	28216598	694	11
2	28257976	695	28
2	28298553	696	1
2	28340066	697	42
2	28380579	698	5
2	28421860	699	12
2	28463109	700	29
2	28503934	701	1
2	28545303	702	2
2	28586597	703	21
2	28627508	704	8
2	28668802	705	26
2	28709827	706	11
2	28751046	707	28
2	28792107	708	2
2	28833449	709	17
2	28874191	710	12
2	28915510	711	8
2	28956523	712	20
2	28997274	713	1
2	29038736	714	11
2	29079863	715	12
2	29120891	716	15
2	29162103	717	1
2	29203388	718	21
2	29244560	719	1
2	29285913	720	11
2	29327249	721	11
2	29368377	722	11
2	29409900	723	20
2	29450579	724	3
2	29492197	725	18
2	29533421	726	30
2	29573875	727	7
2	29615019	728	3
2	29656401	729	40
2	29696646	730	14
2	29737916	731	15
2	29779012	732	5
2	29820072	733	13
2	29860871	734	3
2	29902051	735	9
2	29943448	736	8
2	29984538	737	15
2	30025861	738	18
2	30066818	739	11
2	30108002	740	10
2	30148708	741	1
2	30189873	742	33
2	30230312	743	3
2	30271750	744	15
2	30312746	745	1
2	30354522	746	6
2	30395497	747	20
2	30436636	748	11
2	30478302	749	16
2	30518996	750	14
2	30560380	751	10
2	30601118	752	17
2	30642109	753	21
2	30682940	754	2
2	30724160	755	1
2	30765487	756	26
2	30806178	757	9
2	30847255	758	5
2	30888669	759	14
2	30929944	760	9
2	30971178	761	6
2	31012414	762	22
2	31053022	763	23
2	31094211	764	9
2	31135558	765	7
2	31176654	766	3
2	31218193	767	11
2	31259707	768	9
2	31301074	769	15
2	31341734	770	15
2	31382755	771	8
2	31423516	772	4
2	31464867	773	14
2	31505848	774	10
2	31547005	775	9
2	31588197	776	13
2	31629429	777	8
2	31670462	778	24
2	31711354	779	3
2	31752352	780	3
2	31793771	781	47
2	31834313	782	4
2	31875535	783	2
2	31916767	784	16
2	31957857	785	25
2	31998728	786	9
2	32040203	787	9
2	32081843	788	14
2	32122979	789	12
2	32163937	790	13
2	32205206	791	15
2	32246498	792	5
2	32287992	793	22
2	32329320	794	10
2	32370932	795	15
2	32412155	796	23
2	32453336	797	9
2	32494655	798	21
2	32535269	799	3
2	32576880	800	22
2	32617391	801	8
2	32658468	802	1
2	32699878	803	9
2	32740946	804	22
2	32782204	805	4
2	32823541	806	4
2	32864913	807	32
2	32905432	808	4
2	32946753	809	30
2	32987317	810	12
2	33028843	811	18
2	33069459	812	17
2	33110575	813	5
2	33151760	814	26
2	33192679	815	4
2	33234120	816	13
2	33275247	817	14
2	33316434	818	2
2	33357935	819	52
2	33397947	820	3
2	33439379	821	18
2	33480571	822	10
2	33521716	823	28
2	33562519	824	9
2	33603723	825	31
2	33644142	826	22
2	33684987	827	3
2	33726607	828	9
2	33768028	829	9
2	33809336	830	16
2	33850717	831	28
2	33891426	832	5
2	33932695	833	12
2	33973981	834	23
2	34014766	835	10
2	34055794	836	1
2	34097457	837	6
2	34138868	838	13
2	34179985	839	9
2	34221382	840	28
2	34261964	841	18
2	34302760	842	19
2	34343972	843	12
2	34385265	844	10
2	34426468	845	17
2	34467877	846	4
2	34509000	847	16
2	34550186	848	23
2	34590819	849	1
2	34632414	850	23
2	34673351	851	7
2	34714374	852	28
2	34755043	853	2
2	34796218	854	21
2	34837424	855	9
2	34878606	856	11
2	34919651	857	19
2	34960426	858	1
2	35001691	859	29
2	35041987	860	8
2	35083235	861	2
2	35124733	862	19
2	35165686	863	6
2	35206823	864	22
2	35247698	865	3
2	35288726	866	8
2	35330356	867	6
2	35371540	868	25
2	35412375	869	2
2	35453706	870	16
2	35495030	871	40
2	35535196	872	4
2	35576559	873	23
2	35617486	874	5
2	35658584	875	7
2	35699783	876	7
2	35741392	877	14
2	35782458	878	12
2	35823644	879	19
2	35864617	880	3
2	35906114	881	40
2	35946627	882	3
2	35987877	883	0
2	36029306	884	9
2	36070305	885	15
2	36111515	886	7
2	36152614	887	16
2	36193599	888	12
2	36234734	889	7
2	36276079	890	21
2	36317332	891	4
2	36358762	892	3
2	36400274	893	28
2	36440901	894	6
2	36482386	895	18
2	36523291	896	26
2	36564400	897	14
2	36605380	898	11
2	36646054	899	16
2	36687066	900	8
2	36728234	901	6
2	36769535	902	26
2	36810242	903	4
2	36851568	904	18
2	36892719	905	12
2	36933896	906	2
2	36975028	907	3
2	37016264	908	24
2	37057441	909	1
2	37098971	910	11
2	37140307	911	11
2	37181634	912	23
2	37222556	913	7
2	37263760	914	6
2	37304995	915	19
2	37345710	916	3
2	37386942	917	26
2	37427860	918	8
2	37468624	919	16
2	37509130	920	2
2	37550943	921	21
2	37591338	922	2
2	37632789	923	23
2	37673372	924	8
2	37714874	925	15
2	37756042	926	15
2	37797666	927	26
2	37838645	928	8
2	37879897	929	4
2	37921601	930	14
2	37962786	931	6
2	38004334	932	10
2	38045950	933	26
2	38086788	934	5
2	38128411	935	18
2	38169623	936	13
2	38210816	937	7
2	38252343	938	42
2	38292849	939	13
2	38333816	940	15
2	38374708	941	9
2	38416056	942	13
2	38457149	943	12
2	38498242	944	17
2	38539408	945	6
2	38580581	946	7
2	38622160	947	18
2	38662943	948	4
2	38703908	949	48
2	38743976	950	3
2	38785296	951	14
2	38826438	952	12
2	38867727	953	16
2	38909081	954	24
2	38949904	955	17
2	38990810	956	9
2	39032073	957	19
2	39073375	958	3
2	39115021	959	18
2	39155917	960	20
2	39196704	961	6
2	39238326	962	11
2	39279700	963	11
2	39320881	964	8
2	39362020	965	6
2	39403356	966	20
2	39444227	967	11
2	39485172	968	9
2	39526392	969	39
2	39567175	970	2
2	39608735	971	14
2	39649552	972	7
2	39690898	973	8
2	39732065	974	2
2	39773776	975	20
2	39814616	976	6
2	39855735	977	12
2	39896999	978	3
2	39938616	979	16
2	39979457	980	4
2	40020736	981	17
2	40061548	982	24
2	40102694	983	1
2	40144386	984	20
2	40185444	985	19
2	40226838	986	2
2	40268418	987	10
2	40309601	988	16
2	40350569	989	8
2	40391935	990	12
2	40432992	991	4
2	40474650	992	18
2	40515248	993	3
2	40556516	994	15
2	40597534	995	22
2	40638062	996	6
2	40679520	997	16
2	40720566	998	5
2	40761736	999	39
3	6161988	158	0
3	6203602	159	3
3	6244139	160	7
3	6285777	161	7
3	6326132	162	6
3	6367548	163	0
3	6408810	164	2
3	6450069	165	3
3	6491024	166	5
3	6532653	167	2
3	6574007	168	6
3	6615234	169	7
3	6656477	170	9
3	6697898	171	8
3	6739191	172	8
3	6780188	173	10
3	6821768	174	9
3	6862196	175	5
3	6903217	176	8
3	6944579	177	10
3	6985407	178	15
3	7027217	179	2
3	7067274	180	7
3	7108784	181	11
3	7149876	182	6
3	7191214	183	1
3	7232218	184	2
3	7273499	185	9
3	7314407	186	6
3	7355648	187	3
3	7396926	188	6
3	7438039	189	7
3	7479206	190	2
3	7520187	191	3
3	7561240	192	10
3	7602082	193	3
3	7643005	194	7
3	7684711	195	3
3	7725871	196	5
3	7766816	197	3
3	7807637	198	7
3	7849064	199	4
3	7890182	200	5
3	7930820	201	12
3	7972018	202	2
3	8013186	203	10
3	8054318	204	3
3	8095418	205	7
3	8136788	206	8
3	8178453	207	9
3	8219426	208	10
3	8260819	209	1
3	8300950	210	6
3	8342135	211	8
3	8382851	212	4
3	8424067	213	6
3	8465070	214	5
3	8505816	215	5
3	8546701	216	2
3	8588266	217	0
3	8629423	218	13
3	8669974	219	12
3	8711293	220	6
3	8752137	221	5
3	8793262	222	0
3	8834906	223	5
3	8875731	224	5
3	8917184	225	12
3	8958298	226	11
3	8999077	227	6
3	9040282	228	9
3	9081469	229	7
3	9122595	230	1
3	9163831	231	4
3	9204818	232	17
3	9245968	233	5
3	9287107	234	1
3	9328342	235	6
3	9369286	236	4
3	9410259	237	6
3	9451661	238	6
3	9492837	239	6
3	9534172	240	7
3	9575608	241	1
3	9616758	242	4
3	9658102	243	9
3	9699128	244	7
3	9739646	245	4
3	9781107	246	1
3	9822285	247	9
3	9863317	248	3
3	9903741	249	3
3	9944741	250	0
3	9985840	251	1
3	10027382	252	3
3	10068649	253	2
3	10109284	254	5
3	10150325	255	4
3	10191257	256	8
3	10232278	257	4
3	10273457	258	5
3	10313851	259	14
3	10355265	260	8
3	10396332	261	10
3	10437220	262	6
3	10478650	263	7
3	10519508	264	3
3	10560847	265	9
3	10602396	266	2
3	10643476	267	6
3	10685109	268	5
3	10726359	269	4
3	10767320	270	1
3	10808655	271	4
3	10849948	272	14
3	10890686	273	6
3	10931942	274	2
3	10973336	275	4
3	11014202	276	9
3	11055541	277	6
3	11096647	278	6
3	11137592	279	10
3	11178981	280	1
3	11220244	281	3
3	11261362	282	7
3	11302691	283	2
3	11343886	284	3
3	11385019	285	5
3	11426408	286	7
3	11467986	287	9
3	11508930	288	5
3	11549868	289	4
3	11591168	290	1
3	11632567	291	4
3	11673675	292	3
3	11715015	293	4
3	11755985	294	7
3	11797311	295	9
3	11838490	296	5
3	11878967	297	2
3	11920546	298	1
3	11960925	299	2
3	12002524	300	5
3	12043740	301	4
3	12084850	302	10
3	12125999	303	6
3	12166829	304	3
3	12208221	305	2
3	12249552	306	8
3	12290750	307	12
3	12332005	308	5
3	12373163	309	6
3	12414358	310	1
3	12455761	311	2
3	12497019	312	4
3	12538234	313	9
3	12578811	314	2
3	12620458	315	0
3	12661712	316	4
3	12702903	317	7
3	12744032	318	10
3	12784946	319	3
3	12826229	320	10
3	12867434	321	8
3	12908623	322	3
3	12949520	323	4
3	12990654	324	0
3	13032527	325	2
3	13073576	326	8
3	13114909	327	3
3	13155975	328	5
3	13196889	329	7
3	13237849	330	5
3	13278993	331	5
3	13319613	332	9
3	13361080	333	11
3	13402126	334	7
3	13443436	335	9
3	13484604	336	4
3	13526075	337	8
3	13567210	338	9
3	13607848	339	6
3	13649205	340	4
3	13690121	341	6
3	13731109	342	3
3	13772489	343	10
3	13813705	344	7
3	13855204	345	4
3	13896827	346	0
3	13937348	347	3
3	13978626	348	3
3	14020238	349	9
3	14061533	350	7
3	14102311	351	3
3	14143103	352	6
3	14184464	353	9
3	14225097	354	13
3	14266500	355	9
3	14307813	356	6
3	14348839	357	13
3	14390180	358	8
3	14431095	359	4
3	14472296	360	6
3	14513329	361	3
3	14554975	362	2
3	14595615	363	8
3	14637110	364	4
3	14678329	365	8
3	14719865	366	3
3	14760885	367	4
3	14802084	368	13
3	14843231	369	6
3	14884724	370	3
3	14925030	371	6
3	14966367	372	2
3	15006888	373	7
3	15048399	374	1
3	15089136	375	7
3	15130478	376	8
3	15171691	377	5
3	15213055	378	4
3	15254038	379	2
3	15295138	380	2
3	15336332	381	3
3	15377286	382	15
3	15418260	383	2
3	15459116	384	5
3	15500064	385	4
3	15541115	386	4
3	15582153	387	8
3	15623158	388	4
3	15664369	389	8
3	15705435	390	4
3	15746777	391	9
3	15787800	392	5
3	15828857	393	2
3	15869598	394	6
3	15911137	395	6
3	15951730	396	2
3	15992155	397	5
3	16033494	398	3
3	16074744	399	8
3	16116269	400	14
3	16157211	401	4
3	16198399	402	1
3	16239457	403	5
3	16280887	404	7
3	16322709	405	5
3	16364084	406	2
3	16405021	407	4
3	16446048	408	7
3	16487102	409	6
3	16528072	410	4
3	16569288	411	8
3	16610255	412	9
3	16651613	413	4
3	16693248	414	11
3	16734256	415	6
3	16775678	416	8
3	16816858	417	2
3	16858262	418	4
3	16899021	419	5
3	16940416	420	3
3	16981290	421	5
3	17022422	422	5
3	17063723	423	12
3	17104885	424	9
3	17145921	425	5
3	17186888	426	4
3	17228301	427	0
3	17269111	428	0
3	17309779	429	7
3	17351130	430	0
3	17392669	431	3
3	17433150	432	3
3	17473934	433	1
3	17514587	434	4
3	17555764	435	5
3	17596691	436	0
3	17638373	437	4
3	17679024	438	8
3	17720201	439	4
3	17761715	440	8
3	17802936	441	4
3	17843179	442	2
3	17884720	443	4
3	17925411	444	2
3	17967017	445	3
3	18007655	446	4
3	18048549	447	10
3	18089618	448	1
3	18130895	449	6
3	18171535	450	10
3	18212841	451	3
3	18253748	452	10
3	18295003	453	8
3	18335771	454	15
3	18377025	455	3
3	18417860	456	9
3	18458998	457	6
3	18500415	458	2
3	18541086	459	3
3	18582438	460	5
3	18623523	461	2
3	18664892	462	3
3	18706496	463	4
3	18747422	464	5
3	18788790	465	7
3	18829779	466	7
3	18871427	467	5
3	18912845	468	7
3	18954334	469	6
3	18995738	470	6
3	19036612	471	2
3	19078217	472	3
3	19119789	473	7
3	19160832	474	13
3	19202245	475	4
3	19243235	476	6
3	19283744	477	8
3	19324960	478	2
3	19366330	479	7
3	19407324	480	9
3	19448495	481	4
3	19489673	482	3
3	19530699	483	0
3	19571949	484	2
3	19613030	485	8
3	19653882	486	6
3	19695300	487	4
3	19736224	488	10
3	19777456	489	2
3	19818706	490	5
3	19859338	491	4
3	19900855	492	1
3	19942017	493	6
3	19982649	494	8
3	20024142	495	7
3	20065012	496	17
3	20106231	497	11
3	20147506	498	6
3	20188482	499	3
3	20229934	500	10
3	20270599	501	5
3	20311496	502	3
3	20352893	503	3
3	20393848	504	3
3	20435113	505	3
3	20476518	506	7
3	20517191	507	3
3	20558311	508	8
3	20599861	509	5
3	20640444	510	8
3	20681687	511	6
3	20723090	512	1
3	20764244	513	4
3	20805116	514	11
3	20846509	515	7
3	20887874	516	4
3	20929102	517	7
3	20969830	518	2
3	21011058	519	4
3	21052539	520	3
3	21093818	521	3
3	21135027	522	7
3	21176336	523	3
3	21217215	524	11
3	21258261	525	7
3	21299440	526	17
3	21340444	527	5
3	21381791	528	4
3	21422918	529	5
3	21463652	530	10
3	21504354	531	5
3	21545691	532	3
3	21586716	533	11
3	21628055	534	8
3	21669696	535	9
3	21710436	536	5
3	21751820	537	6
3	21792668	538	7
3	21833702	539	12
3	21874888	540	8
3	21916057	541	7
3	21957441	542	5
3	21998713	543	4
3	22039756	544	2
3	22080934	545	6
3	22122235	546	1
3	22163500	547	4
3	22204652	548	12
3	22245846	549	6
3	22286800	550	4
3	22327937	551	2
3	22368670	552	4
3	22410178	553	5
3	22451602	554	7
3	22492841	555	8
3	22534203	556	6
3	22575095	557	10
3	22616222	558	7
3	22657707	559	4
3	22698693	560	6
3	22740084	561	10
3	22780724	562	1
3	22822358	563	1
3	22863285	564	5
3	22904464	565	3
3	22945747	566	0
3	22986866	567	13
3	23027968	568	11
3	23069205	569	6
3	23110119	570	7
3	23151009	571	16
3	23192374	572	3
3	23233545	573	5
3	23274798	574	9
3	23316212	575	2
3	23357268	576	4
3	23398502	577	13
3	23439605	578	5
3	23480967	579	3
3	23521908	580	3
3	23563201	581	0
3	23604530	582	2
3	23645728	583	3
3	23686867	584	0
3	23727935	585	6
3	23768911	586	10
3	23810245	587	9
3	23851449	588	1
3	23892564	589	2
3	23933409	590	9
3	23974890	591	4
3	24016169	592	3
3	24057056	593	4
3	24098156	594	4
3	24139546	595	11
3	24181054	596	7
3	24222552	597	4
3	24263895	598	2
3	24305103	599	6
3	24346473	600	10
3	24387246	601	8
3	24428666	602	10
3	24470117	603	10
3	24511708	604	2
3	24552689	605	1
3	24594162	606	2
3	24635065	607	9
3	24676932	608	13
3	24717967	609	9
3	24759119	610	7
3	24799560	611	8
3	24840947	612	5
3	24881395	613	7
3	24922276	614	6
3	24963760	615	8
3	25004095	616	7
3	25045651	617	3
3	25087061	618	6
3	25128115	619	7
3	25169087	620	3
3	25209385	621	3
3	25251014	622	4
3	25291344	623	3
3	25332856	624	6
3	25373461	625	6
3	25414754	626	1
3	25456036	627	10
3	25496842	628	6
3	25538143	629	3
3	25578609	630	11
3	25620162	631	7
3	25661191	632	4
3	25702633	633	8
3	25743754	634	6
3	25785181	635	5
3	25825941	636	4
3	25867615	637	2
3	25908577	638	3
3	25950155	639	3
3	25991600	640	0
3	26032578	641	4
3	26073807	642	6
3	26114618	643	6
3	26155794	644	6
3	26197219	645	3
3	26238663	646	10
3	26279779	647	7
3	26321329	648	3
3	26361582	649	11
3	26402957	650	5
3	26443717	651	4
3	26485037	652	1
3	26526546	653	5
3	26567286	654	8
3	26608707	655	6
3	26650108	656	7
3	26691400	657	6
3	26732354	658	8
3	26772861	659	5
3	26814147	660	4
3	26855474	661	9
3	26896607	662	4
3	26938299	663	9
3	26979514	664	4
3	27020709	665	3
3	27062085	666	8
3	27103266	667	6
3	27144609	668	8
3	27185756	669	8
3	27226907	670	6
3	27268154	671	5
3	27309282	672	4
3	27350656	673	7
3	27392416	674	13
3	27433703	675	3
3	27475352	676	3
3	27516675	677	4
3	27557916	678	6
3	27599305	679	2
3	27640292	680	13
3	27681525	681	11
3	27722278	682	8
3	27763620	683	7
3	27804178	684	8
3	27845563	685	6
3	27886775	686	6
3	27928088	687	6
3	27969691	688	7
3	28010608	689	4
3	28051757	690	3
3	28093092	691	6
3	28134457	692	5
3	28175657	693	2
3	28216598	694	4
3	28257976	695	5
3	28298553	696	6
3	28340066	697	5
3	28380579	698	4
3	28421860	699	6
3	28463109	700	10
3	28503934	701	5
3	28545303	702	3
3	28586597	703	1
3	28627508	704	1
3	28668802	705	7
3	28709827	706	9
3	28751046	707	3
3	28792107	708	5
3	28833449	709	5
3	28874191	710	2
3	28915510	711	5
3	28956523	712	5
3	28997274	713	5
3	29038736	714	5
3	29079863	715	5
3	29120891	716	2
3	29162103	717	7
3	29203388	718	13
3	29244560	719	8
3	29285913	720	7
3	29327249	721	7
3	29368377	722	1
3	29409900	723	4
3	29450579	724	10
3	29492197	725	6
3	29533421	726	16
3	29573875	727	10
3	29615019	728	7
3	29656401	729	5
3	29696646	730	8
3	29737916	731	11
3	29779012	732	7
3	29820072	733	6
3	29860871	734	3
3	29902051	735	2
3	29943448	736	4
3	29984538	737	8
3	30025861	738	3
3	30066818	739	5
3	30108002	740	3
3	30148708	741	7
3	30189873	742	4
3	30230312	743	4
3	30271750	744	15
3	30312746	745	14
3	30354522	746	10
3	30395497	747	5
3	30436636	748	11
3	30478302	749	5
3	30518996	750	8
3	30560380	751	7
3	30601118	752	9
3	30642109	753	6
3	30682940	754	5
3	30724160	755	11
3	30765487	756	10
3	30806178	757	7
3	30847255	758	1
3	30888669	759	0
3	30929944	760	4
3	30971178	761	9
3	31012414	762	1
3	31053022	763	3
3	31094211	764	4
3	31135558	765	3
3	31176654	766	8
3	31218193	767	3
3	31259707	768	3
3	31301074	769	11
3	31341734	770	3
3	31382755	771	7
3	31423516	772	3
3	31464867	773	7
3	31505848	774	4
3	31547005	775	0
3	31588197	776	6
3	31629429	777	3
3	31670462	778	10
3	31711354	779	1
3	31752352	780	1
3	31793771	781	3
3	31834313	782	11
3	31875535	783	3
3	31916767	784	3
3	31957857	785	4
3	31998728	786	12
3	32040203	787	10
3	32081843	788	2
3	32122979	789	8
3	32163937	790	1
3	32205206	791	5
3	32246498	792	9
3	32287992	793	5
3	32329320	794	14
3	32370932	795	2
3	32412155	796	2
3	32453336	797	1
3	32494655	798	2
3	32535269	799	6
3	32576880	800	8
3	32617391	801	11
3	32658468	802	7
3	32699878	803	6
3	32740946	804	6
3	32782204	805	1
3	32823541	806	5
3	32864913	807	10
3	32905432	808	6
3	32946753	809	4
3	32987317	810	5
3	33028843	811	9
3	33069459	812	4
3	33110575	813	18
3	33151760	814	8
3	33192679	815	5
3	33234120	816	8
3	33275247	817	11
3	33316434	818	7
3	33357935	819	3
3	33397947	820	3
3	33439379	821	2
3	33480571	822	13
3	33521716	823	6
3	33562519	824	4
3	33603723	825	2
3	33644142	826	0
3	33684987	827	7
3	33726607	828	2
3	33768028	829	6
3	33809336	830	2
3	33850717	831	1
3	33891426	832	2
3	33932695	833	4
3	33973981	834	9
3	34014766	835	9
3	34055794	836	8
3	34097457	837	8
3	34138868	838	9
3	34179985	839	4
3	34221382	840	5
3	34261964	841	6
3	34302760	842	8
3	34343972	843	1
3	34385265	844	3
3	34426468	845	6
3	34467877	846	9
3	34509000	847	2
3	34550186	848	4
3	34590819	849	4
3	34632414	850	6
3	34673351	851	5
3	34714374	852	4
3	34755043	853	0
3	34796218	854	8
3	34837424	855	8
3	34878606	856	2
3	34919651	857	6
3	34960426	858	8
3	35001691	859	0
3	35041987	860	10
3	35083235	861	7
3	35124733	862	6
3	35165686	863	4
3	35206823	864	1
3	35247698	865	7
3	35288726	866	2
3	35330356	867	7
3	35371540	868	12
3	35412375	869	10
3	35453706	870	9
3	35495030	871	7
3	35535196	872	7
3	35576559	873	3
3	35617486	874	7
3	35658584	875	4
3	35699783	876	5
3	35741392	877	3
3	35782458	878	2
3	35823644	879	2
3	35864617	880	8
3	35906114	881	0
3	35946627	882	7
3	35987877	883	1
3	36029306	884	7
3	36070305	885	14
3	36111515	886	8
3	36152614	887	2
3	36193599	888	5
3	36234734	889	6
3	36276079	890	5
3	36317332	891	10
3	36358762	892	7
3	36400274	893	4
3	36440901	894	3
3	36482386	895	5
3	36523291	896	8
3	36564400	897	1
3	36605380	898	4
3	36646054	899	6
3	36687066	900	1
3	36728234	901	0
3	36769535	902	1
3	36810242	903	3
3	36851568	904	2
3	36892719	905	5
3	36933896	906	6
3	36975028	907	3
3	37016264	908	4
3	37057441	909	4
3	37098971	910	3
3	37140307	911	3
3	37181634	912	5
3	37222556	913	7
3	37263760	914	9
3	37304995	915	5
3	37345710	916	5
3	37386942	917	5
3	37427860	918	5
3	37468624	919	4
3	37509130	920	8
3	37550943	921	13
3	37591338	922	9
3	37632789	923	2
3	37673372	924	3
3	37714874	925	6
3	37756042	926	6
3	37797666	927	2
3	37838645	928	4
3	37879897	929	0
3	37921601	930	1
3	37962786	931	4
3	38004334	932	2
3	38045950	933	6
3	38086788	934	2
3	38128411	935	6
3	38169623	936	9
3	38210816	937	7
3	38252343	938	10
3	38292849	939	10
3	38333816	940	2
3	38374708	941	2
3	38416056	942	6
3	38457149	943	8
3	38498242	944	0
3	38539408	945	3
3	38580581	946	11
3	38622160	947	12
3	38662943	948	7
3	38703908	949	2
3	38743976	950	4
3	38785296	951	8
3	38826438	952	3
3	38867727	953	6
3	38909081	954	2
3	38949904	955	6
3	38990810	956	4
3	39032073	957	8
3	39073375	958	6
3	39115021	959	7
3	39155917	960	5
3	39196704	961	6
3	39238326	962	2
3	39279700	963	5
3	39320881	964	11
3	39362020	965	8
3	39403356	966	7
3	39444227	967	3
3	39485172	968	7
3	39526392	969	10
3	39567175	970	5
3	39608735	971	3
3	39649552	972	6
3	39690898	973	14
3	39732065	974	6
3	39773776	975	6
3	39814616	976	6
3	39855735	977	2
3	39896999	978	2
3	39938616	979	10
3	39979457	980	8
3	40020736	981	5
3	40061548	982	2
3	40102694	983	2
3	40144386	984	1
3	40185444	985	5
3	40226838	986	5
3	40268418	987	7
3	40309601	988	6
3	40350569	989	3
3	40391935	990	6
3	40432992	991	6
3	40474650	992	5
3	40515248	993	3
3	40556516	994	11
3	40597534	995	8
3	40638062	996	2
3	40679520	997	5
3	40720566	998	7
3	40761736	999	10
4	6161988	158	0.013229999085292
4	6203602	159	0.013139313055902
4	6244139	160	0.013054894559777
4	6285777	161	0.012970813631176
4	6326132	162	0.012886451811474
4	6367548	163	0.012804416759219
4	6408810	164	0.012718435736326
4	6450069	165	0.012638418886929
4	6491024	166	0.012556726253897
4	6532653	167	0.012476278602908
4	6574007	168	0.012396855203796
4	6615234	169	0.012318913519833
4	6656477	170	0.012242887813286
4	6697898	171	0.012166771179053
4	6739191	172	0.012092881845476
4	6780188	173	0.012020156994885
4	6821768	174	0.011948032442175
4	6862196	175	0.011876236330385
4	6903217	176	0.011805473109343
4	6944579	177	0.011736760182064
4	6985407	178	0.011667730036155
4	7027217	179	0.011596970646763
4	7067274	180	0.011532662588072
4	7108784	181	0.011465096671447
4	7149876	182	0.011398644485521
4	7191214	183	0.011333119635289
4	7232218	184	0.011269301600793
4	7273499	185	0.011205172268079
4	7314407	186	0.011142861144962
4	7355648	187	0.011080313118088
4	7396926	188	0.011018158146235
4	7438039	189	0.010956545692445
4	7479206	190	0.010895543852681
4	7520187	191	0.010836545927611
4	7561240	192	0.010778329528287
4	7602082	193	0.010721240995438
4	7643005	194	0.01066296713313
4	7684711	195	0.010604757810261
4	7725871	196	0.010547600106073
4	7766816	197	0.010491954629385
4	7807637	198	0.010437235543018
4	7849064	199	0.010381051807386
4	7890182	200	0.010327614522275
4	7930820	201	0.010275985454733
4	7972018	202	0.010222439250055
4	8013186	203	0.010170228270805
4	8054318	204	0.010118740976767
4	8095418	205	0.010067453839047
4	8136788	206	0.010016683980231
4	8178453	207	0.0099633653755832
4	8219426	208	0.0099143168717869
4	8260819	209	0.0098639139464956
4	8300950	210	0.0098170487150218
4	8342135	211	0.0097692468285255
4	8382851	212	0.0097214923804519
4	8424067	213	0.0096744378367203
4	8465070	214	0.0096269627567846
4	8505816	215	0.0095809320783577
4	8546701	216	0.0095351109033484
4	8588266	217	0.0094884242417014
4	8629423	218	0.0094433694607011
4	8669974	219	0.0094002398804143
4	8711293	220	0.0093560167243944
4	8752137	221	0.0093127527935332
4	8793262	222	0.0092693470674256
4	8834906	223	0.009224739231523
4	8875731	224	0.0091820422108465
4	8917184	225	0.0091396861141111
4	8958298	226	0.0090976149495943
4	8999077	227	0.0090563417160942
4	9040282	228	0.0090153391093457
4	9081469	229	0.008973693709954
4	9122595	230	0.0089330331325132
4	9163831	231	0.0088936838633581
4	9204818	232	0.0088540884073215
4	9245968	233	0.0088145020997463
4	9287107	234	0.0087747842153159
4	9328342	235	0.0087365259267801
4	9369286	236	0.0086987424822307
4	9410259	237	0.0086599172654039
4	9451661	238	0.0086224650169631
4	9492837	239	0.0085853816474651
4	9534172	240	0.0085471462953412
4	9575608	241	0.0085104334383542
4	9616758	242	0.0084730868984028
4	9658102	243	0.0084362903653428
4	9699128	244	0.008401231406137
4	9739646	245	0.0083662426578464
4	9781107	246	0.0083306280173001
4	9822285	247	0.0082956613326242
4	9863317	248	0.0082614588147325
4	9903741	249	0.0082275797159908
4	9944741	250	0.0081937663514822
4	9985840	251	0.00815976941343
4	10027382	252	0.0081263439624482
4	10068649	253	0.0080922444661458
4	10109284	254	0.0080590014132378
4	10150325	255	0.0080272452068618
4	10191257	256	0.0079953766520931
4	10232278	257	0.007962923108493
4	10273457	258	0.0079307714930886
4	10313851	259	0.0079008789789939
4	10355265	260	0.0078692643647461
4	10396332	261	0.0078380175875065
4	10437220	262	0.0078076692806737
4	10478650	263	0.0077767567356196
4	10519508	264	0.0077465783105545
4	10560847	265	0.0077162215249116
4	10602396	266	0.0076852849255382
4	10643476	267	0.0076557372316161
4	10685109	268	0.0076251000464887
4	10726359	269	0.0075956860704379
4	10767320	270	0.0075670019737937
4	10808655	271	0.0075377479615864
4	10849948	272	0.0075095344183061
4	10890686	273	0.0074808629088379
4	10931942	274	0.007452863332943
4	10973336	275	0.0074245181763031
4	11014202	276	0.0073976602748898
4	11055541	277	0.0073691182532735
4	11096647	278	0.0073423878682154
4	11137592	279	0.0073153461340396
4	11178981	280	0.0072881355932203
4	11220244	281	0.0072606296805049
4	11261362	282	0.0072341199472559
4	11302691	283	0.0072071174248258
4	11343886	284	0.0071811583736549
4	11385019	285	0.0071549351513734
4	11426408	286	0.0071289985795773
4	11467986	287	0.0071028688268436
4	11508930	288	0.0070777484663395
4	11549868	289	0.0070525863177166
4	11591168	290	0.0070271058129315
4	11632567	291	0.0070019628381055
4	11673675	292	0.0069770603377581
4	11715015	293	0.0069524862457885
4	11755985	294	0.0069285070395548
4	11797311	295	0.0069043930339838
4	11838490	296	0.0068797917468444
4	11878967	297	0.0068570492707651
4	11920546	298	0.0068322261204894
4	11960925	299	0.0068095342038923
4	12002524	300	0.006786529315162
4	12043740	301	0.006762960569942
4	12084850	302	0.0067396691589181
4	12125999	303	0.0067165376269641
4	12166829	304	0.006694352928306
4	12208221	305	0.0066713070897838
4	12249552	306	0.006648697214735
4	12290750	307	0.006626709261982
4	12332005	308	0.0066045920803012
4	12373163	309	0.0065818595511428
4	12414358	310	0.0065607976874322
4	12455761	311	0.0065380695640739
4	12497019	312	0.0065163256278773
4	12538234	313	0.0064949114348815
4	12578811	314	0.0064740063153097
4	12620458	315	0.0064522931798734
4	12661712	316	0.0064311671092894
4	12702903	317	0.0064105405242057
4	12744032	318	0.006389763526539
4	12784946	319	0.0063695542513071
4	12826229	320	0.0063490416578541
4	12867434	321	0.0063285600636436
4	12908623	322	0.0063081351550667
4	12949520	323	0.006288189586347
4	12990654	324	0.0062683944478809
4	13032527	325	0.0062479873705045
4	13073576	326	0.0062284441417
4	13114909	327	0.006208586658758
4	13155975	328	0.0061891442953673
4	13196889	329	0.0061698472468365
4	13237849	330	0.0061510506272834
4	13278993	331	0.0061317536969734
4	13319613	332	0.0061133055653751
4	13361080	333	0.0060946879297598
4	13402126	334	0.0060757888787477
4	13443436	335	0.0060572372754235
4	13484604	336	0.0060384548235526
4	13526075	337	0.0060200846065945
4	13567210	338	0.0060015541422417
4	13607848	339	0.0059838575006958
4	13649205	340	0.0059657503684066
4	13690121	341	0.0059481082697772
4	13731109	342	0.0059303049391874
4	13772489	343	0.0059128715520637
4	13813705	344	0.0058945574450743
4	13855204	345	0.005877463566006
4	13896827	346	0.005859281492257
4	13937348	347	0.0058418764503716
4	13978626	348	0.0058251929526515
4	14020238	349	0.0058076927288855
4	14061533	350	0.0057901498305899
4	14102311	351	0.0057735505339899
4	14143103	352	0.005756900319868
4	14184464	353	0.0057404701340405
4	14225097	354	0.0057241952486661
4	14266500	355	0.005707582367122
4	14307813	356	0.0056910452779705
4	14348839	357	0.0056748061434859
4	14390180	358	0.0056584782925693
4	14431095	359	0.0056425242759765
4	14472296	360	0.0056262620190183
4	14513329	361	0.005610152577814
4	14554975	362	0.0055941744637012
4	14595615	363	0.0055786000554003
4	14637110	364	0.0055629759648669
4	14678329	365	0.0055472263868066
4	14719865	366	0.0055316426649236
4	14760885	367	0.0055159741362872
4	14802084	368	0.0055008125021609
4	14843231	369	0.0054852233392633
4	14884724	370	0.0054700983998845
4	14925030	371	0.0054554868619121
4	14966367	372	0.0054404880367395
4	15006888	373	0.0054257934924581
4	15048399	374	0.0054108284587131
4	15089136	375	0.0053962385741177
4	15130478	376	0.0053815087166235
4	15171691	377	0.005366623715687
4	15213055	378	0.00535216289952
4	15254038	379	0.0053376902663477
4	15295138	380	0.005323455997002
4	15336332	381	0.0053090316940182
4	15377286	382	0.0052948967977689
4	15418260	383	0.0052809947256439
4	15459116	384	0.0052670259676629
4	15500064	385	0.0052531656018358
4	15541115	386	0.0052393434849044
4	15582153	387	0.0052255252621795
4	15623158	388	0.0052119333947016
4	15664369	389	0.0051982082354517
4	15705435	390	0.0051843862318864
4	15746777	391	0.0051708896140196
4	15787800	392	0.0051573293397257
4	15828857	393	0.0051438898929515
4	15869598	394	0.0051309339525284
4	15911137	395	0.0051174010935992
4	15951730	396	0.0051044798146859
4	15992155	397	0.0050917702782712
4	16033494	398	0.0050786212708364
4	16074744	399	0.0050656206420061
4	16116269	400	0.0050524136310373
4	16157211	401	0.0050396264784699
4	16198399	402	0.0050267768281702
4	16239457	403	0.0050139293322745
4	16280887	404	0.0050013202731079
4	16322709	405	0.0049881801137468
4	16364084	406	0.0049753733093581
4	16405021	407	0.0049629107424714
4	16446048	408	0.0049505412612523
4	16487102	409	0.0049382486133485
4	16528072	410	0.0049259863583307
4	16569288	411	0.004913936616086
4	16610255	412	0.0049018701666821
4	16651613	413	0.0048895021681608
4	16693248	414	0.0048774057474295
4	16734256	415	0.0048655624602437
4	16775678	416	0.0048533915780996
4	16816858	417	0.0048413108967532
4	16858262	418	0.004829216914097
4	16899021	419	0.0048176208038856
4	16940416	420	0.0048057463556675
4	16981290	421	0.004794378132091
4	17022422	422	0.0047828478837927
4	17063723	423	0.0047714301994644
4	17104885	424	0.0047598532852262
4	17145921	425	0.0047484032710559
4	17186888	426	0.0047370223155137
4	17228301	427	0.0047256115672041
4	17269111	428	0.0047143674124909
4	17309779	429	0.0047033295789471
4	17351130	430	0.0046921495707465
4	17392669	431	0.0046807609252079
4	17433150	432	0.0046699482519248
4	17473934	433	0.0046593082201208
4	17514587	434	0.0046484177557287
4	17555764	435	0.0046376051185635
4	17596691	436	0.0046268157561834
4	17638373	437	0.0046156479458771
4	17679024	438	0.0046052536362979
4	17720201	439	0.0045947866066736
4	17761715	440	0.0045837198716213
4	17802936	441	0.0045729823260413
4	17843179	442	0.0045627136531535
4	17884720	443	0.0045520220877502
4	17925411	444	0.0045416657151339
4	17967017	445	0.0045312660203466
4	18007655	446	0.0045209909239189
4	18048549	447	0.0045108006883862
4	18089618	448	0.0045005289748072
4	18130895	449	0.0044902785891889
4	18171535	450	0.0044803901966472
4	18212841	451	0.0044702437982743
4	18253748	452	0.0044602682889222
4	18295003	453	0.0044502625123424
4	18335771	454	0.0044404750275611
4	18377025	455	0.0044305700982467
4	18417860	456	0.0044208443784976
4	18458998	457	0.004411063423939
4	18500415	458	0.0044009360633336
4	18541086	459	0.0043913035077986
4	18582438	460	0.0043814113597246
4	18623523	461	0.004371683798941
4	18664892	462	0.0043620830523066
4	18706496	463	0.004352119572502
4	18747422	464	0.0043427467122323
4	18788790	465	0.0043330718783363
4	18829779	466	0.0043236632923432
4	18871427	467	0.0043139562313756
4	18912845	468	0.0043045488610938
4	18954334	469	0.0042950780726951
4	18995738	470	0.0042855103420597
4	19036612	471	0.0042763989011993
4	19078217	472	0.0042670285550302
4	19119789	473	0.0042576536073646
4	19160832	474	0.0042485353101084
4	19202245	475	0.0042393430217376
4	19243235	476	0.0042303253973741
4	19283744	477	0.0042215812753899
4	19324960	478	0.0042125608981148
4	19366330	479	0.0042035234562421
4	19407324	480	0.0041946905921342
4	19448495	481	0.0041858286941056
4	19489673	482	0.0041769383645619
4	19530699	483	0.0041680529612562
4	19571949	484	0.0041592270268716
4	19613030	485	0.0041507199190205
4	19653882	486	0.0041418485504832
4	19695300	487	0.0041331438651
4	19736224	488	0.0041246574667707
4	19777456	489	0.0041159928700966
4	19818706	490	0.0041073327894753
4	19859338	491	0.00409900474825
4	19900855	492	0.0040904264481678
4	19942017	493	0.0040818525607147
4	19982649	494	0.004073721297036
4	20024142	495	0.0040653418745544
4	20065012	496	0.0040573072332786
4	20106231	497	0.0040488405708585
4	20147506	498	0.0040406451825909
4	20188482	499	0.0040324829044015
4	20229934	500	0.0040240278216883
4	20270599	501	0.0040160338447403
4	20311496	502	0.0040079604997985
4	20352893	503	0.0039997586569258
4	20393848	504	0.0039917004744378
4	20435113	505	0.0039836248231656
4	20476518	506	0.0039754228415653
4	20517191	507	0.0039677690464137
4	20558311	508	0.003959681433549
4	20599861	509	0.0039516954288496
4	20640444	510	0.0039441033052627
4	20681687	511	0.0039361799509647
4	20723090	512	0.0039281525831739
4	20764244	513	0.0039204766668802
4	20805116	514	0.0039128018218753
4	20846509	515	0.0039049940234692
4	20887874	516	0.0038972936957416
4	20929102	517	0.0038895095697581
4	20969830	518	0.0038820595655802
4	21011058	519	0.0038743927236421
4	21052539	520	0.0038665775563521
4	21093818	521	0.0038589342453128
4	21135027	522	0.0038514143235817
4	21176336	523	0.0038438400711267
4	21217215	524	0.0038366655975769
4	21258261	525	0.0038292321318546
4	21299440	526	0.0038218457761518
4	21340444	527	0.0038144512800349
4	21381791	528	0.0038071217824317
4	21422918	529	0.0037997568728789
4	21463652	530	0.0037926192911068
4	21504354	531	0.0037855625165068
4	21545691	532	0.0037783524863269
4	21586716	533	0.0037711251748086
4	21628055	534	0.0037639254596082
4	21669696	535	0.0037566023880752
4	21710436	536	0.0037495816777198
4	21751820	537	0.0037424375005881
4	21792668	538	0.0037355397514493
4	21833702	539	0.0037284838826852
4	21874888	540	0.0037215416679337
4	21916057	541	0.003714495169522
4	21957441	542	0.0037074580260291
4	21998713	543	0.0037004561027289
4	22039756	544	0.0036936091971101
4	22080934	545	0.0036865910965697
4	22122235	546	0.0036797698235746
4	22163500	547	0.0036728211236847
4	22204652	548	0.0036660253234559
4	22245846	549	0.0036592377929575
4	22286800	550	0.0036525256606572
4	22327937	551	0.0036457629177103
4	22368670	552	0.0036391417023681
4	22410178	553	0.0036323786258148
4	22451602	554	0.0036257480526702
4	22492841	555	0.0036189111421975
4	22534203	556	0.0036122229815484
4	22575095	557	0.0036057801267349
4	22616222	558	0.0035992787868779
4	22657707	559	0.003592711605294
4	22698693	560	0.0035861683447951
4	22740084	561	0.0035795683369069
4	22780724	562	0.0035731530661516
4	22822358	563	0.0035665928390169
4	22863285	564	0.0035602159849446
4	22904464	565	0.0035536951952522
4	22945747	566	0.0035473959750099
4	22986866	567	0.0035411032840339
4	23027968	568	0.0035347386381814
4	23069205	569	0.0035284359558934
4	23110119	570	0.0035222882697395
4	23151009	571	0.003516146427277
4	23192374	572	0.0035099330443319
4	23233545	573	0.0035036258453516
4	23274798	574	0.0034973105220467
4	23316212	575	0.0034911251692351
4	23357268	576	0.0034849769238015
4	23398502	577	0.0034789035440647
4	23439605	578	0.0034726996911458
4	23480967	579	0.0034664952665236
4	23521908	580	0.0034604409180282
4	23563201	581	0.0034543476797683
4	23604530	582	0.0034482384941319
4	23645728	583	0.0034424115488472
4	23686867	584	0.003436218302452
4	23727935	585	0.0034303357244347
4	23768911	586	0.0034245174788147
4	23810245	587	0.0034184324628613
4	23851449	588	0.0034126252118144
4	23892564	589	0.0034066698784862
4	23933409	590	0.0034008588718383
4	23974890	591	0.0033949082777295
4	24016169	592	0.0033889207214077
4	24057056	593	0.0033832491951227
4	24098156	594	0.0033775966202804
4	24139546	595	0.00337169135567
4	24181054	596	0.0033658423067973
4	24222552	597	0.0033600064201254
4	24263895	598	0.003354240236125
4	24305103	599	0.0033484867617965
4	24346473	600	0.0033429075100907
4	24387246	601	0.0033374028251503
4	24428666	602	0.003331665057723
4	24470117	603	0.0033260234682209
4	24511708	604	0.0033202900819116
4	24552689	605	0.0033146178606027
4	24594162	606	0.0033090682196339
4	24635065	607	0.0033036331659022
4	24676932	608	0.0032980245019796
4	24717967	609	0.0032925029851889
4	24759119	610	0.0032871425413269
4	24799560	611	0.0032818198320104
4	24840947	612	0.0032763119147788
4	24881395	613	0.0032710376446884
4	24922276	614	0.0032656864817821
4	24963760	615	0.0032603060302342
4	25004095	616	0.003255123084981
4	25045651	617	0.0032496379645951
4	25087061	618	0.0032443102221262
4	25128115	619	0.0032389669507294
4	25169087	620	0.0032337924193889
4	25209385	621	0.0032286081877991
4	25251014	622	0.0032233164705191
4	25291344	623	0.0032181527277435
4	25332856	624	0.0032129795488096
4	25373461	625	0.0032078100395784
4	25414754	626	0.003202470189451
4	25456036	627	0.0031974436528432
4	25496842	628	0.0031923303811133
4	25538143	629	0.0031870355161155
4	25578609	630	0.003182120920595
4	25620162	631	0.0031770628443399
4	25661191	632	0.0031719259631411
4	25702633	633	0.0031668623977388
4	25743754	634	0.003161814973211
4	25785181	635	0.0031566646098414
4	25825941	636	0.0031517495082201
4	25867615	637	0.0031467501053202
4	25908577	638	0.003141580426236
4	25950155	639	0.0031363844249239
4	25991600	640	0.00313142128343
4	26032578	641	0.0031264799687155
4	26073807	642	0.0031215113530015
4	26114618	643	0.0031166012395885
4	26155794	644	0.0031116274339537
4	26197219	645	0.0031066876773263
4	26238663	646	0.0031017152036683
4	26279779	647	0.0030969274042064
4	26321329	648	0.0030920221552813
4	26361582	649	0.0030873480824871
4	26402957	650	0.0030825268582832
4	26443717	651	0.0030778397472728
4	26485037	652	0.0030729413128084
4	26526546	653	0.0030680525290703
4	26567286	654	0.0030634151976971
4	26608707	655	0.0030586742540757
4	26650108	656	0.0030538658947865
4	26691400	657	0.0030491602831062
4	26732354	658	0.0030444924538303
4	26772861	659	0.0030400131460028
4	26814147	660	0.0030353732593346
4	26855474	661	0.0030305916415863
4	26896607	662	0.0030259459171602
4	26938299	663	0.0030212283543515
4	26979514	664	0.003016554075192
4	27020709	665	0.0030119398520723
4	27062085	666	0.0030073340390141
4	27103266	667	0.0030028102982615
4	27144609	668	0.0029981701927987
4	27185756	669	0.0029937302895507
4	27226907	670	0.0029891687255169
4	27268154	671	0.0029845650526379
4	27309282	672	0.0029800592640321
4	27350656	673	0.0029755837549211
4	27392416	674	0.0029710162518884
4	27433703	675	0.0029665955006946
4	27475352	676	0.0029618956131924
4	27516675	677	0.002957463459247
4	27557916	678	0.0029529130087789
4	27599305	679	0.0029485349987954
4	27640292	680	0.002944153606727
4	27681525	681	0.0029397960805183
4	27722278	682	0.0029355489255079
4	27763620	683	0.0029311628112633
4	27804178	684	0.0029268974702849
4	27845563	685	0.0029225854686332
4	27886775	686	0.0029182861534567
4	27928088	687	0.0029138980666808
4	27969691	688	0.0029094912322089
4	28010608	689	0.0029052833792591
4	28051757	690	0.0029009818848177
4	28093092	691	0.002896819688906
4	28134457	692	0.0028924432873863
4	28175657	693	0.0028881744595338
4	28216598	694	0.0028840279955552
4	28257976	695	0.0028797422531132
4	28298553	696	0.0028756251457242
4	28340066	697	0.002871457603136
4	28380579	698	0.0028673899722453
4	28421860	699	0.0028632771655896
4	28463109	700	0.0028590322777736
4	28503934	701	0.0028549997487744
4	28545303	702	0.0028508559735377
4	28586597	703	0.0028467853334192
4	28627508	704	0.0028425536172433
4	28668802	705	0.002838577535451
4	28709827	706	0.0028344711600131
4	28751046	707	0.0028303917539712
4	28792107	708	0.0028263491775875
4	28833449	709	0.0028222530484235
4	28874191	710	0.002818283592665
4	28915510	711	0.0028142854615888
4	28956523	712	0.0028102539826651
4	28997274	713	0.0028063775856686
4	29038736	714	0.002802334162937
4	29079863	715	0.0027983663590985
4	29120891	716	0.0027943803272815
4	29162103	717	0.0027904937297202
4	29203388	718	0.0027865300782365
4	29244560	719	0.0027826166040534
4	29285913	720	0.0027787238130169
4	29327249	721	0.0027746870411128
4	29368377	722	0.0027707777857114
4	29409900	723	0.0027668602831206
4	29450579	724	0.0027630929969226
4	29492197	725	0.0027591541137583
4	29533421	726	0.0027553314190909
4	29573875	727	0.0027516620661506
4	29615019	728	0.0027478458512018
4	29656401	729	0.0027439644854075
4	29696646	730	0.0027403489251322
4	29737916	731	0.0027365969531063
4	29779012	732	0.0027328317702429
4	29820072	733	0.0027291284285641
4	29860871	734	0.0027253510752375
4	29902051	735	0.0027215469197426
4	29943448	736	0.0027177533694334
4	29984538	737	0.0027140213061761
4	30025861	738	0.002710294861683
4	30066818	739	0.0027065832406188
4	30108002	740	0.0027028588125769
4	30148708	741	0.0026992545239234
4	30189873	742	0.0026955593582163
4	30230312	743	0.0026920291571631
4	30271750	744	0.0026884264172113
4	30312746	745	0.0026848333074581
4	30354522	746	0.0026810419496281
4	30395497	747	0.0026774324920148
4	30436636	748	0.0026738417273925
4	30478302	749	0.0026701216575229
4	30518996	750	0.0026666443189246
4	30560380	751	0.0026630066365942
4	30601118	752	0.0026594899997493
4	30642109	753	0.0026559383007671
4	30682940	754	0.0026524402950861
4	30724160	755	0.0026489823645373
4	30765487	756	0.0026454146699966
4	30806178	757	0.0026418521857964
4	30847255	758	0.0026383386592066
4	30888669	759	0.0026347995581618
4	30929944	760	0.0026312786426505
4	30971178	761	0.0026276499461588
4	31012414	762	0.0026241740696635
4	31053022	763	0.0026208196197423
4	31094211	764	0.0026173101092986
4	31135558	765	0.0026138357505701
4	31176654	766	0.0026104134330464
4	31218193	767	0.0026068377468795
4	31259707	768	0.0026033570379
4	31301074	769	0.0025998771145449
4	31341734	770	0.0025965463159561
4	31382755	771	0.0025931902270468
4	31423516	772	0.0025898259396055
4	31464867	773	0.0025864325275997
4	31505848	774	0.0025830186412445
4	31547005	775	0.0025796639464805
4	31588197	776	0.0025762553779938
4	31629429	777	0.0025728890908532
4	31670462	778	0.0025696477918957
4	31711354	779	0.0025662283701305
4	31752352	780	0.0025629418900045
4	31793771	781	0.0025596349905804
4	31834313	782	0.0025563653658286
4	31875535	783	0.0025530672109787
4	31916767	784	0.0025497285204203
4	31957857	785	0.0025464759877398
4	31998728	786	0.0025432805281583
4	32040203	787	0.0025399633134149
4	32081843	788	0.0025365981205897
4	32122979	789	0.0025333910816991
4	32163937	790	0.0025301438572051
4	32205206	791	0.0025269250133811
4	32246498	792	0.0025236743175293
4	32287992	793	0.0025205118334149
4	32329320	794	0.0025172377785021
4	32370932	795	0.0025138609966013
4	32412155	796	0.0025106438041856
4	32453336	797	0.0025074071739267
4	32494655	798	0.0025042537685792
4	32535269	799	0.0025011947882081
4	32576880	800	0.0024979667712327
4	32617391	801	0.002494919209153
4	32658468	802	0.0024917776037588
4	32699878	803	0.0024886400075082
4	32740946	804	0.0024854831226166
4	32782204	805	0.0024823923334488
4	32823541	806	0.0024792280889842
4	32864913	807	0.0024760333665339
4	32905432	808	0.0024730083034635
4	32946753	809	0.0024699599465955
4	32987317	810	0.0024669114454768
4	33028843	811	0.0024638399355778
4	33069459	812	0.0024608445754695
4	33110575	813	0.0024578223169031
4	33151760	814	0.0024547771722695
4	33192679	815	0.0024517924590816
4	33234120	816	0.0024486981575509
4	33275247	817	0.0024457131613494
4	33316434	818	0.0024426529268079
4	33357935	819	0.0024395629333636
4	33397947	820	0.0024367158400314
4	33439379	821	0.0024337115707612
4	33480571	822	0.0024306998459997
4	33521716	823	0.0024277289061487
4	33562519	824	0.0024247910884736
4	33603723	825	0.0024217977014994
4	33644142	826	0.0024189661542391
4	33684987	827	0.0024159944603722
4	33726607	828	0.0024130044407775
4	33768028	829	0.0024100072103296
4	33809336	830	0.0024070028502787
4	33850717	831	0.0024040713575524
4	33891426	832	0.0024011868594257
4	33932695	833	0.0023982767379216
4	33973981	834	0.0023953664489106
4	34014766	835	0.0023925675513101
4	34055794	836	0.0023896890400239
4	34097457	837	0.0023867350934067
4	34138868	838	0.0023838563033596
4	34179985	839	0.0023809345654533
4	34221382	840	0.0023780804063214
4	34261964	841	0.0023752153518633
4	34302760	842	0.0023724137931034
4	34343972	843	0.002369597659892
4	34385265	844	0.0023667389134422
4	34426468	845	0.0023638765197676
4	34467877	846	0.0023610700945467
4	34509000	847	0.0023582039112687
4	34550186	848	0.0023553969828416
4	34590819	849	0.0023526419533287
4	34632414	850	0.0023497857722022
4	34673351	851	0.0023469988360892
4	34714374	852	0.0023442668603769
4	34755043	853	0.0023415515759481
4	34796218	854	0.0023387497464272
4	34837424	855	0.0023360163506462
4	34878606	856	0.0023332072140245
4	34919651	857	0.002330534543473
4	34960426	858	0.0023277760301982
4	35001691	859	0.002325047823501
4	35041987	860	0.0023224243131988
4	35083235	861	0.0023197052472578
4	35124733	862	0.0023169385537993
4	35165686	863	0.0023142323105231
4	35206823	864	0.0023115155900176
4	35247698	865	0.0023088353949835
4	35288726	866	0.0023061513797772
4	35330356	867	0.0023034135691473
4	35371540	868	0.0023007787362347
4	35412375	869	0.0022981134092245
4	35453706	870	0.0022954509385235
4	35495030	871	0.0022927582847689
4	35535196	872	0.0022902334713807
4	35576559	873	0.0022875661934812
4	35617486	874	0.0022849641888234
4	35658584	875	0.0022823058892386
4	35699783	876	0.0022796635669356
4	35741392	877	0.0022769752151749
4	35782458	878	0.0022743289585975
4	35823644	879	0.002271721282216
4	35864617	880	0.0022691098699861
4	35906114	881	0.0022665044546571
4	35946627	882	0.0022639243442303
4	35987877	883	0.0022613693863744
4	36029306	884	0.0022587752923204
4	36070305	885	0.0022562063400674
4	36111515	886	0.0022536081101563
4	36152614	887	0.0022510477063649
4	36193599	888	0.0022485090025156
4	36234734	889	0.0022459411425079
4	36276079	890	0.002243420264106
4	36317332	891	0.002240854538822
4	36358762	892	0.0022382757820249
4	36400274	893	0.002235658971372
4	36440901	894	0.00223321753167
4	36482386	895	0.0022306563120844
4	36523291	896	0.0022281696097832
4	36564400	897	0.0022256604238127
4	36605380	898	0.0022231537762873
4	36646054	899	0.0022207209596418
4	36687066	900	0.0022182223269445
4	36728234	901	0.0022157231390572
4	36769535	902	0.0022132141823766
4	36810242	903	0.0022108522133535
4	36851568	904	0.0022083052263686
4	36892719	905	0.0022058283225029
4	36933896	906	0.0022033356091441
4	36975028	907	0.0022009063694867
4	37016264	908	0.0021984490639664
4	37057441	909	0.0021960033015964
4	37098971	910	0.0021935085382768
4	37140307	911	0.0021910315062343
4	37181634	912	0.0021885871576292
4	37222556	913	0.0021862503950641
4	37263760	914	0.0021837897193055
4	37304995	915	0.0021813495300707
4	37345710	916	0.002178986408384
4	37386942	917	0.0021765896902703
4	37427860	918	0.0021741952676064
4	37468624	919	0.0021718565073107
4	37509130	920	0.0021695612331726
4	37550943	921	0.0021671704327666
4	37591338	922	0.0021648673729586
4	37632789	923	0.0021624810222242
4	37673372	924	0.0021601380533232
4	37714874	925	0.0021577796704877
4	37756042	926	0.0021554089112814
4	37797666	927	0.0021530083928083
4	37838645	928	0.0021506597294035
4	37879897	929	0.0021483074820783
4	37921601	930	0.0021472367814108
4	37962786	931	0.0021448356883414
4	38004334	932	0.0021424716748288
4	38045950	933	0.0021401042359814
4	38086788	934	0.0021378281438629
4	38128411	935	0.0021354795439302
4	38169623	936	0.0021331789726439
4	38210816	937	0.0021308605357133
4	38252343	938	0.0021285699005241
4	38292849	939	0.0021263637043606
4	38333816	940	0.0021240798878187
4	38374708	941	0.0021218122835871
4	38416056	942	0.0021195382282418
4	38457149	943	0.0021172662262788
4	38498242	944	0.0021150103292747
4	38539408	945	0.0021127564305033
4	38580581	946	0.0021105129262288
4	38622160	947	0.0021082043845884
4	38662943	948	0.0021059900335874
4	38703908	949	0.0021037553089428
4	38743976	950	0.0021016834590119
4	38785296	951	0.002099421867747
4	38826438	952	0.0020971982906253
4	38867727	953	0.0020949353096609
4	38909081	954	0.0020927157192922
4	38949904	955	0.002090528278597
4	38990810	956	0.0020883399271705
4	39032073	957	0.0020861452177218
4	39073375	958	0.0020839387489561
4	39115021	959	0.0020816607259138
4	39155917	960	0.002079534351504
4	39196704	961	0.0020773879195717
4	39238326	962	0.0020751512370743
4	39279700	963	0.0020729733495317
4	39320881	964	0.0020708027222211
4	39362020	965	0.0020686151323355
4	39403356	966	0.0020664321594995
4	39444227	967	0.002064318029458
4	39485172	968	0.0020621975357258
4	39526392	969	0.0020600334108434
4	39567175	970	0.0020579110651499
4	39608735	971	0.0020557851239669
4	39649552	972	0.0020536635706914
4	39690898	973	0.0020515411042755
4	39732065	974	0.0020493676181894
4	39773776	975	0.0020472671812269
4	39814616	976	0.002045110618389
4	39855735	977	0.0020429926762819
4	39896999	978	0.0020408660348357
4	39938616	979	0.002038720318819
4	39979457	980	0.0020366702999227
4	40020736	981	0.00203457499492
4	40061548	982	0.0020324969710433
4	40102694	983	0.0020303662183792
4	40144386	984	0.0020282864419499
4	40185444	985	0.002026198027766
4	40226838	986	0.0020241164833265
4	40268418	987	0.0020219647350045
4	40309601	988	0.0020198944376776
4	40350569	989	0.0020178565091082
4	40391935	990	0.0020157997166231
4	40432992	991	0.0020137267352582
4	40474650	992	0.0020116173428708
4	40515248	993	0.0020096594940001
4	40556516	994	0.0020076219012381
4	40597534	995	0.0020055530640114
4	40638062	996	0.0020036422995068
4	40679520	997	0.0020015615197283
4	40720566	998	0.0019995177042723
4	40761736	999	0.001997530690704
5	6161989	158	447954
5	6203603	159	454363
5	6244140	160	441681
5	6285778	161	461318
5	6326133	162	438681
5	6367549	163	456272
5	6408811	164	448909
5	6450070	165	449454
5	6491025	166	442090
5	6532654	167	458454
5	6574008	168	461045
5	6615235	169	441681
5	6656478	170	454090
5	6697899	171	444954
5	6739192	172	451363
5	6780189	173	451909
5	6821769	174	451772
5	6862197	175	442090
5	6903218	176	443863
5	6944580	177	455590
5	6985408	178	444272
5	7027218	179	458590
5	7067275	180	443454
5	7108785	181	450000
5	7149877	182	452454
5	7191215	183	451363
5	7232219	184	445363
5	7273500	185	451909
5	7314408	186	453954
5	7355649	187	448909
5	7396927	188	446454
5	7438040	189	449727
5	7479207	190	443454
5	7520188	191	453954
5	7561241	192	444818
5	7602083	193	441681
5	7643006	194	448500
5	7684712	195	455318
5	7725872	196	454227
5	7766817	197	439090
5	7807638	198	451363
5	7849065	199	454636
5	7890183	200	445909
5	7930821	201	455727
5	7972019	202	447409
5	8013187	203	450272
5	8054319	204	445363
5	8095419	205	444272
5	8136789	206	454363
5	8178454	207	456272
5	8219427	208	454636
5	8260820	209	444818
5	8300951	210	433363
5	8342136	211	453136
5	8382852	212	448227
5	8424068	213	441545
5	8465071	214	443045
5	8505817	215	444954
5	8546702	216	449590
5	8588267	217	450681
5	8629424	218	444409
5	8669975	219	445772
5	8711294	220	456409
5	8752138	221	440727
5	8793263	222	454636
5	8834907	223	447000
5	8875732	224	459272
5	8917185	225	448772
5	8958299	226	442636
5	8999078	227	440318
5	9040283	228	454500
5	9081470	229	448636
5	9122596	230	448909
5	9163832	231	446590
5	9204819	232	449454
5	9245969	233	448909
5	9287108	234	445090
5	9328343	235	453136
5	9369287	236	445500
5	9410260	237	443863
5	9451662	238	453000
5	9492838	239	449045
5	9534173	240	451363
5	9575609	241	452454
5	9616759	242	457772
5	9658103	243	445227
5	9699129	244	445363
5	9739647	245	446727
5	9781108	246	447272
5	9822286	247	452045
5	9863318	248	444000
5	9903742	249	435545
5	9944742	250	455181
5	9985841	251	441681
5	10027383	252	459818
5	10068650	253	447272
5	10109285	254	450954
5	10150326	255	439772
5	10191258	256	452181
5	10232279	257	439227
5	10273458	258	448772
5	10313852	259	443318
5	10355266	260	453954
5	10396333	261	439772
5	10437221	262	450954
5	10478651	263	448909
5	10519509	264	451227
5	10560848	265	442500
5	10602397	266	452318
5	10643477	267	449045
5	10685110	268	457363
5	10726360	269	447000
5	10767321	270	450136
5	10808656	271	450409
5	10849949	272	450954
5	10890687	273	449590
5	10931943	274	451500
5	10973337	275	444409
5	11014203	276	453681
5	11055542	277	447000
5	11096648	278	446454
5	11137593	279	441954
5	11178982	280	456409
5	11220245	281	444136
5	11261363	282	449045
5	11302692	283	452181
5	11343887	284	450409
5	11385020	285	452863
5	11426409	286	448500
5	11467987	287	458454
5	11508931	288	444000
5	11549869	289	446590
5	11591169	290	455727
5	11632568	291	448500
5	11673676	292	450681
5	11715016	293	446318
5	11755986	294	450409
5	11797312	295	446590
5	11838491	296	445227
5	11878968	297	452863
5	11920547	298	448500
5	11960926	299	447136
5	12002525	300	455727
5	12043741	301	448636
5	12084851	302	445227
5	12126000	303	447272
5	12166830	304	444000
5	12208222	305	454500
5	12249553	306	447818
5	12290751	307	452590
5	12332006	308	456545
5	12373164	309	441545
5	12414359	310	455045
5	12455762	311	454227
5	12497020	312	451227
5	12538235	313	450818
5	12578812	314	441954
5	12620459	315	454636
5	12661713	316	450409
5	12702904	317	447272
5	12744033	318	451363
5	12784947	319	442636
5	12826230	320	454227
5	12867435	321	446318
5	12908624	322	450681
5	12949521	323	448363
5	12990655	324	453545
5	13032528	325	458045
5	13073577	326	453954
5	13114910	327	451500
5	13155976	328	449590
5	13196890	329	440454
5	13237850	330	449181
5	13278994	331	447681
5	13319614	332	436500
5	13361081	333	459818
5	13402127	334	443318
5	13443437	335	450000
5	13484605	336	455181
5	13526076	337	448500
5	13567211	338	447272
5	13607849	339	445500
5	13649206	340	446318
5	13690122	341	451636
5	13731110	342	442363
5	13772490	343	453000
5	13813706	344	445772
5	13855205	345	455863
5	13896828	346	455454
5	13937349	347	448636
5	13978627	348	455318
5	14020239	349	456272
5	14061534	350	454090
5	14102312	351	441954
5	14143104	352	443181
5	14184465	353	449727
5	14225098	354	446590
5	14266501	355	447545
5	14307814	356	455181
5	14348840	357	440045
5	14390181	358	446727
5	14431096	359	446454
5	14472297	360	453000
5	14513330	361	449454
5	14554976	362	458863
5	14595616	363	442500
5	14637111	364	458863
5	14678330	365	445772
5	14719866	366	461318
5	14760886	367	452454
5	14802085	368	448090
5	14843232	369	448090
5	14884725	370	455181
5	14925031	371	444409
5	14966368	372	446590
5	15006889	373	445227
5	15048400	374	455590
5	15089137	375	441272
5	15130479	376	450000
5	15171692	377	462409
5	15213056	378	446454
5	15254039	379	446045
5	15295139	380	449454
5	15336333	381	453000
5	15377287	382	442772
5	15418261	383	441681
5	15459117	384	447136
5	15500065	385	442500
5	15541116	386	443727
5	15582154	387	449863
5	15623159	388	440181
5	15664370	389	457636
5	15705436	390	449181
5	15746778	391	447136
5	15787801	392	453409
5	15828858	393	446045
5	15869599	394	447681
5	15911138	395	450681
5	15951731	396	441954
5	15992156	397	441000
5	16033495	398	452045
5	16074745	399	450409
5	16116270	400	453818
5	16157212	401	441818
5	16198400	402	442772
5	16239458	403	456136
5	16280888	404	451500
5	16322710	405	455863
5	16364085	406	451500
5	16405022	407	446181
5	16446049	408	444409
5	16487103	409	451909
5	16528073	410	443454
5	16569289	411	446045
5	16610256	412	445772
5	16651614	413	447954
5	16693249	414	459000
5	16734257	415	447409
5	16775679	416	453409
5	16816859	417	453272
5	16858263	418	449590
5	16899022	419	449454
5	16940417	420	446454
5	16981291	421	453000
5	17022423	422	443590
5	17063724	423	448363
5	17104886	424	456000
5	17145922	425	445500
5	17186889	426	450681
5	17228302	427	451636
5	17269112	428	441818
5	17309780	429	450272
5	17351131	430	452590
5	17392670	431	455045
5	17433151	432	440590
5	17473935	433	437045
5	17514588	434	455454
5	17555765	435	443181
5	17596692	436	444818
5	17638374	437	450409
5	17679025	438	445227
5	17720202	439	452181
5	17761716	440	451363
5	17802937	441	454772
5	17843180	442	437863
5	17884721	443	449045
5	17925412	444	451909
5	17967018	445	455318
5	18007656	446	445363
5	18048550	447	444272
5	18089619	448	441272
5	18130896	449	456272
5	18171536	450	444409
5	18212842	451	444954
5	18253749	452	448227
5	18295004	453	449181
5	18335772	454	440318
5	18377026	455	449863
5	18417861	456	448090
5	18458999	457	450818
5	18500416	458	446454
5	18541087	459	439363
5	18582439	460	452454
5	18623524	461	443454
5	18664893	462	462409
5	18706497	463	449181
5	18747423	464	449863
5	18788791	465	451500
5	18829780	466	456000
5	18871428	467	456954
5	18912846	468	445909
5	18954335	469	462954
5	18995739	470	451636
5	19036613	471	445227
5	19078218	472	452727
5	19119790	473	458454
5	19160833	474	448363
5	19202246	475	455318
5	19243236	476	445500
5	19283745	477	449454
5	19324961	478	437863
5	19366331	479	451772
5	19407325	480	454772
5	19448496	481	440454
5	19489674	482	458590
5	19530700	483	448363
5	19571950	484	444681
5	19613031	485	451772
5	19653883	486	451636
5	19695301	487	445227
5	19736225	488	452727
5	19777457	489	444272
5	19818707	490	450545
5	19859339	491	442363
5	19900856	492	454636
5	19942018	493	445772
5	19982650	494	444409
5	20024143	495	455863
5	20065013	496	441545
5	20106232	497	447409
5	20147507	498	447818
5	20188483	499	456681
5	20229935	500	447136
5	20270600	501	442227
5	20311497	502	449045
5	20352894	503	447818
5	20393849	504	443863
5	20435114	505	449454
5	20476519	506	451772
5	20517192	507	448772
5	20558312	508	442090
5	20599862	509	455454
5	20640445	510	451636
5	20681688	511	447954
5	20723091	512	449454
5	20764245	513	448363
5	20805117	514	449454
5	20846510	515	444136
5	20887875	516	457227
5	20929103	517	444681
5	20969831	518	443318
5	21011059	519	450954
5	21052540	520	452727
5	21093819	521	448227
5	21135028	522	445500
5	21176337	523	453681
5	21217216	524	447954
5	21258262	525	447818
5	21299441	526	445909
5	21340445	527	442090
5	21381792	528	454227
5	21422919	529	449590
5	21463653	530	444545
5	21504355	531	440590
5	21545692	532	446181
5	21586717	533	449863
5	21628056	534	451090
5	21669697	535	452863
5	21710437	536	453818
5	21751821	537	453409
5	21792669	538	443863
5	21833703	539	445772
5	21874889	540	447000
5	21916058	541	451227
5	21957442	542	459000
5	21998714	543	445227
5	22039757	544	446318
5	22080935	545	447272
5	22122236	546	453409
5	22163501	547	445500
5	22204653	548	451772
5	22245847	549	444954
5	22286801	550	445227
5	22327938	551	448227
5	22368671	552	443590
5	22410179	553	452318
5	22451603	554	454909
5	22492842	555	452590
5	22534204	556	450272
5	22575096	557	446863
5	22616223	558	445636
5	22657708	559	455727
5	22698694	560	445090
5	22740085	561	452590
5	22780725	562	439909
5	22822359	563	458318
5	22863286	564	445500
5	22904465	565	444272
5	22945748	566	452045
5	22986867	567	450818
5	23027969	568	439090
5	23069206	569	453954
5	23110120	570	448363
5	23151010	571	440863
5	23192375	572	453681
5	23233546	573	446454
5	23274799	574	454363
5	23316213	575	451772
5	23357269	576	449454
5	23398503	577	455863
5	23439606	578	449863
5	23480968	579	446318
5	23521909	580	452181
5	23563202	581	447000
5	23604531	582	444136
5	23645729	583	454090
5	23686868	584	439772
5	23727936	585	448363
5	23768912	586	451227
5	23810246	587	451772
5	23851450	588	441818
5	23892565	589	448909
5	23933410	590	450136
5	23974891	591	453954
5	24016170	592	446318
5	24057057	593	451500
5	24098157	594	451636
5	24139547	595	447545
5	24181055	596	452318
5	24222553	597	451227
5	24263896	598	450818
5	24305104	599	447545
5	24346474	600	459681
5	24387247	601	447136
5	24428667	602	448772
5	24470118	603	460500
5	24511709	604	450409
5	24552690	605	450272
5	24594163	606	456818
5	24635066	607	445090
5	24676933	608	461727
5	24717968	609	448909
5	24759120	610	449727
5	24799561	611	439909
5	24840948	612	446863
5	24881396	613	443590
5	24922277	614	443318
5	24963761	615	453409
5	25004096	616	440181
5	25045652	617	455590
5	25087062	618	451772
5	25128116	619	450272
5	25169088	620	443181
5	25209386	621	442636
5	25251015	622	455863
5	25291345	623	438954
5	25332857	624	452727
5	25373462	625	446318
5	25414755	626	445500
5	25456037	627	456136
5	25496843	628	450409
5	25538144	629	440590
5	25578610	630	453681
5	25620163	631	455181
5	25661192	632	443318
5	25702634	633	456136
5	25743755	634	455590
5	25785182	635	450272
5	25825942	636	448500
5	25867616	637	453272
5	25908578	638	445772
5	25950156	639	449318
5	25991601	640	456272
5	26032579	641	449454
5	26073808	642	450681
5	26114619	643	441818
5	26155795	644	447954
5	26197220	645	454363
5	26238664	646	452863
5	26279780	647	459545
5	26321330	648	446727
5	26361583	649	439772
5	26402958	650	446181
5	26443718	651	448772
5	26485038	652	446590
5	26526547	653	454909
5	26567287	654	445636
5	26608708	655	449590
5	26650109	656	450954
5	26691401	657	455318
5	26732355	658	448090
5	26772862	659	445227
5	26814148	660	450136
5	26855475	661	449727
5	26896608	662	446590
5	26938300	663	456272
5	26979515	664	445500
5	27020710	665	455863
5	27062086	666	448090
5	27103267	667	447272
5	27144610	668	445500
5	27185757	669	462681
5	27226908	670	442636
5	27268155	671	445227
5	27309283	672	449045
5	27350657	673	453409
5	27392417	674	455181
5	27433704	675	456409
5	27475353	676	452045
5	27516676	677	454227
5	27557917	678	455318
5	27599306	679	453000
5	27640293	680	447954
5	27681526	681	444136
5	27722279	682	446045
5	27763621	683	447545
5	27804179	684	443590
5	27845564	685	448909
5	27886776	686	448500
5	27928089	687	455863
5	27969692	688	453954
5	28010609	689	445772
5	28051758	690	446863
5	28093093	691	456272
5	28134458	692	450818
5	28175658	693	446318
5	28216599	694	453272
5	28257977	695	453272
5	28298554	696	441409
5	28340067	697	447818
5	28380580	698	455454
5	28421861	699	447681
5	28463110	700	454227
5	28503935	701	447272
5	28545304	702	444818
5	28586598	703	451772
5	28627509	704	446454
5	28668803	705	453000
5	28709828	706	447681
5	28751047	707	450000
5	28792108	708	455454
5	28833450	709	447818
5	28874192	710	442636
5	28915511	711	453000
5	28956524	712	438000
5	28997275	713	449863
5	29038737	714	452863
5	29079864	715	444136
5	29120892	716	446045
5	29162104	717	453954
5	29203389	718	441545
5	29244561	719	454090
5	29285914	720	454363
5	29327250	721	446863
5	29368378	722	450818
5	29409901	723	450818
5	29450580	724	445909
5	29492198	725	457909
5	29533422	726	448090
5	29573876	727	447272
5	29615020	728	441681
5	29656402	729	450409
5	29696647	730	442363
5	29737917	731	457090
5	29779013	732	445227
5	29820073	733	444136
5	29860872	734	439227
5	29902052	735	447545
5	29943449	736	454227
5	29984539	737	443318
5	30025862	738	460500
5	30066819	739	442636
5	30108003	740	447545
5	30148709	741	438818
5	30189874	742	443045
5	30230313	743	446045
5	30271751	744	451363
5	30312747	745	446727
5	30354523	746	452590
5	30395498	747	445636
5	30436637	748	452318
5	30478303	749	452454
5	30518997	750	446863
5	30560381	751	454636
5	30601119	752	441136
5	30642110	753	443181
5	30682941	754	449045
5	30724161	755	444136
5	30765488	756	446454
5	30806179	757	444545
5	30847256	758	449045
5	30888670	759	450818
5	30929945	760	457909
5	30971179	761	446045
5	31012415	762	447681
5	31053023	763	442363
5	31094212	764	455318
5	31135559	765	451909
5	31176655	766	446318
5	31218194	767	451227
5	31259708	768	455727
5	31301075	769	451500
5	31341735	770	438409
5	31382756	771	447272
5	31423517	772	441409
5	31464868	773	445636
5	31505849	774	446045
5	31547006	775	447136
5	31588198	776	450818
5	31629430	777	446863
5	31670463	778	454636
5	31711355	779	439772
5	31752353	780	442772
5	31793772	781	451500
5	31834314	782	452863
5	31875536	783	448636
5	31916768	784	443454
5	31957858	785	450545
5	31998729	786	449863
5	32040204	787	452863
5	32081844	788	457227
5	32122980	789	448909
5	32163938	790	444000
5	32205207	791	451772
5	32246499	792	450409
5	32287993	793	453818
5	32329321	794	464727
5	32370933	795	455590
5	32412156	796	450818
5	32453337	797	448909
5	32494656	798	453272
5	32535270	799	446727
5	32576881	800	450272
5	32617392	801	436772
5	32658469	802	442909
5	32699879	803	448909
5	32740947	804	448227
5	32782205	805	457090
5	32823542	806	452045
5	32864914	807	448636
5	32905433	808	442772
5	32946754	809	451772
5	32987318	810	442363
5	33028844	811	456818
5	33069460	812	441136
5	33110576	813	452045
5	33151761	814	445227
5	33192680	815	453409
5	33234121	816	445909
5	33275248	817	454909
5	33316435	818	443318
5	33357936	819	454500
5	33397948	820	445363
5	33439380	821	449045
5	33480572	822	451090
5	33521717	823	446727
5	33562520	824	455045
5	33603724	825	440590
5	33644143	826	449863
5	33684988	827	445090
5	33726608	828	454636
5	33768029	829	451500
5	33809337	830	451227
5	33850718	831	450681
5	33891427	832	451772
5	33932696	833	447818
5	33973982	834	446727
5	34014767	835	447818
5	34055795	836	444409
5	34097458	837	456409
5	34138869	838	454090
5	34179986	839	446454
5	34221383	840	455454
5	34261965	841	443863
5	34302761	842	440863
5	34343973	843	454636
5	34385266	844	449863
5	34426469	845	451500
5	34467878	846	455863
5	34509001	847	444136
5	34550187	848	453000
5	34590820	849	443318
5	34632415	850	450681
5	34673352	851	451500
5	34714375	852	442090
5	34755044	853	446863
5	34796219	854	442500
5	34837425	855	458318
5	34878607	856	443727
5	34919652	857	447681
5	34960427	858	442363
5	35001692	859	448500
5	35041988	860	441136
5	35083236	861	449863
5	35124734	862	446863
5	35165687	863	449454
5	35206824	864	446318
5	35247699	865	445772
5	35288727	866	439636
5	35330357	867	460090
5	35371541	868	447272
5	35412376	869	448500
5	35453707	870	444545
5	35495031	871	453681
5	35535197	872	444136
5	35576560	873	449863
5	35617487	874	449454
5	35658585	875	443727
5	35699784	876	447272
5	35741393	877	452863
5	35782459	878	453136
5	35823645	879	445090
5	35864618	880	452590
5	35906115	881	448772
5	35946628	882	451363
5	35987878	883	445772
5	36029307	884	448363
5	36070306	885	447409
5	36111516	886	448772
5	36152615	887	443454
5	36193600	888	447000
5	36234735	889	448772
5	36276080	890	452590
5	36317333	891	453954
5	36358763	892	456818
5	36400275	893	445909
5	36440902	894	447681
5	36482387	895	450409
5	36523292	896	447000
5	36564401	897	456545
5	36605381	898	444136
5	36646055	899	438136
5	36687067	900	448500
5	36728235	901	446181
5	36769536	902	451636
5	36810243	903	447681
5	36851569	904	444818
5	36892720	905	455863
5	36933897	906	445909
5	36975029	907	443318
5	37016265	908	445636
5	37057442	909	457500
5	37098972	910	447272
5	37140308	911	452181
5	37181635	912	449181
5	37222557	913	454636
5	37263761	914	447545
5	37304996	915	450818
5	37345711	916	441272
5	37386943	917	446863
5	37427861	918	447818
5	37468625	919	439772
5	37509131	920	435272
5	37550944	921	459954
5	37591339	922	439363
5	37632790	923	450136
5	37673373	924	443727
5	37714875	925	447409
5	37756043	926	456409
5	37797667	927	453818
5	37838646	928	453000
5	37879898	929	451227
5	37921602	930	461181
5	37962787	931	446181
5	38004335	932	456545
5	38045951	933	451363
5	38086789	934	452454
5	38128412	935	456136
5	38169624	936	455863
5	38210817	937	447681
5	38252344	938	452863
5	38292850	939	447272
5	38333817	940	444409
5	38374709	941	448500
5	38416057	942	447545
5	38457150	943	452863
5	38498243	944	447272
5	38539409	945	450409
5	38580582	946	452863
5	38622161	947	451500
5	38662944	948	443045
5	38703909	949	438409
5	38743977	950	447136
5	38785297	951	446863
5	38826439	952	447681
5	38867728	953	449318
5	38909082	954	459409
5	38949905	955	444954
5	38990811	956	445909
5	39032074	957	451227
5	39073376	958	452590
5	39115022	959	454636
5	39155918	960	445636
5	39196705	961	448363
5	39238327	962	449727
5	39279701	963	457636
5	39320882	964	455727
5	39362021	965	441954
5	39403357	966	447409
5	39444228	967	450409
5	39485173	968	445363
5	39526393	969	446454
5	39567176	970	448500
5	39608736	971	456954
5	39649553	972	438545
5	39690899	973	455318
5	39732066	974	447409
5	39773777	975	456681
5	39814617	976	446181
5	39855736	977	441954
5	39897000	978	455727
5	39938617	979	447136
5	39979458	980	449181
5	40020737	981	443318
5	40061549	982	447136
5	40102695	983	450272
5	40144387	984	457772
5	40185445	985	449454
5	40226839	986	459545
5	40268419	987	450409
5	40309602	988	451500
5	40350570	989	446045
5	40391936	990	453272
5	40432993	991	445090
5	40474651	992	453545
5	40515249	993	439909
5	40556517	994	448363
5	40597535	995	445227
5	40638063	996	446181
5	40679521	997	449863
5	40720567	998	449590
5	40761737	999	441545
6	7890181	200	10
6	9944740	250	10
6	12002523	300	10
6	14061532	350	10
6	16116268	400	10
6	18171534	450	10
6	20229933	500	10
6	22286799	550	10
6	24346472	600	10
6	26402956	650	10
6	28463108	700	10
6	30518995	750	10
6	32576879	800	10
6	34632413	850	10
6	36687065	900	10
6	38743975	950	10
6	40802127	1000	10
7	7890181	200	0
7	9944740	250	0
7	12002523	300	0
7	14061532	350	0
7	16116268	400	0
7	18171534	450	0
7	20229933	500	0
7	22286799	550	0
7	24346472	600	0
7	26402956	650	0
7	28463108	700	0
7	30518995	750	0
7	32576879	800	0
7	34632413	850	0
7	36687065	900	0
7	38743975	950	0
7	40802127	1000	0
