version 2
run PerfectCC-0-20100909-16:18:56-3532
attr configname PerfectCC
attr datetime 20100909-16:18:56
attr delay 50ms
attr experiment PerfectCC
attr inifile D:/Developement/Oversim2/multic/simulations/omnetpp.ini
attr iterationvars $delay=50ms
attr iterationvars2 "$delay=50ms, $repetition=0"
attr measurement $delay=50ms
attr network oversim.underlay.simpleunderlay.SimpleUnderlayNetwork
attr processid 3532
attr repetition 0
attr replication #0
attr resultdir results
attr runnumber 0
attr seedset 0

vector 1  SimpleUnderlayNetwork.globalObserver.globalStatistics  incoming_bytes  ETV
vector 2  SimpleUnderlayNetwork.globalObserver.globalStatistics  drops  ETV
vector 3  SimpleUnderlayNetwork.globalObserver.globalStatistics  delayed_acks  ETV
vector 4  SimpleUnderlayNetwork.globalObserver.globalStatistics  timetotimeouts  ETV
vector 5  SimpleUnderlayNetwork.globalObserver.globalStatistics  rate  ETV
vector 6  SimpleUnderlayNetwork.globalObserver.globalStatistics  "GlobalNodeList: Number of nodes"  ETV
vector 7  SimpleUnderlayNetwork.globalObserver.globalStatistics  "GlobalNodeList: Number of bootstrapped malicious nodes"  ETV
1	41994047	517	89464
1	42078087	518	89729
1	42162176	519	89782
1	42246178	520	89570
1	42329877	521	89040
1	42413862	522	89570
1	42497653	523	89146
1	42581636	524	89623
1	42665522	525	89358
1	42749521	526	89570
1	42833528	527	89676
1	42917416	528	89358
1	43001290	529	89305
1	43085320	530	89729
1	43169362	531	89676
1	43253491	532	89835
1	43337479	533	89623
1	43421547	534	89729
1	43505306	535	89093
1	43588988	536	88987
1	43673072	537	89782
1	43757075	538	89570
1	43840887	539	89252
1	43925200	540	90259
1	44009329	541	89835
1	44093478	542	89941
1	44177562	543	89782
1	44261587	544	89623
1	44345674	545	89835
1	44429794	546	89835
1	44513870	547	89729
1	44597787	548	89464
1	44681740	549	89517
1	44765641	550	89358
1	44849621	551	89623
1	44933583	552	89517
1	45017583	553	89570
1	45101653	554	89782
1	45185581	555	89464
1	45269426	556	89252
1	45353278	557	89358
1	45437241	558	89517
1	45521032	559	89146
1	45605096	560	89782
1	45688849	561	89093
1	45772585	562	89040
1	45856316	563	89093
1	45940275	564	89517
1	46024379	565	89782
1	46108387	566	89676
1	46192455	567	89729
1	46276294	568	89252
1	46360356	569	89782
1	46444162	570	89199
1	46528062	571	89358
1	46611936	572	89411
1	46695645	573	88987
1	46779441	574	89146
1	46863398	575	89570
1	46947461	576	89729
1	47031486	577	89623
1	47115447	578	89570
1	47199558	579	89835
1	47283281	580	88987
1	47367316	581	89729
1	47451223	582	89411
1	47534859	583	88828
1	47619002	584	89941
1	47703065	585	89729
1	47786832	586	89093
1	47870688	587	89358
1	47954720	588	89676
1	48038702	589	89517
1	48122738	590	89729
1	48206721	591	89570
1	48290540	592	89199
1	48374471	593	89517
1	48458721	594	90100
1	48542591	595	89305
1	48626526	596	89517
1	48710693	597	89941
1	48794484	598	89146
1	48878446	599	89570
1	48962562	600	89835
1	49046402	601	89252
1	49130543	602	89941
1	49214430	603	89358
1	49298528	604	89782
1	49382464	605	89517
1	49466381	606	89411
1	49550219	607	89252
1	49634332	608	89888
1	49718296	609	89517
1	49802298	610	89570
1	49886330	611	89729
1	49970247	612	89411
1	50054009	613	89093
1	50137941	614	89517
1	50221902	615	89517
1	50305958	616	89676
1	50389816	617	89358
1	50474030	618	90047
1	50557716	619	88934
1	50641814	620	89835
1	50725877	621	89729
1	50809765	622	89358
1	50893651	623	89411
1	50977662	624	89623
1	51061588	625	89411
1	51145467	626	89411
1	51229504	627	89676
1	51313611	628	89782
1	51397643	629	89729
1	51481611	630	89517
1	51565450	631	89252
1	51649432	632	89623
1	51733266	633	89252
1	51816954	634	88934
1	51901071	635	89888
1	51985082	636	89623
1	52068956	637	89305
1	52153095	638	89941
1	52237106	639	89623
1	52321084	640	89517
1	52405301	641	90100
1	52489157	642	89305
1	52573207	643	89676
1	52657200	644	89623
1	52741206	645	89623
1	52825123	646	89411
1	52909089	647	89570
1	52993021	648	89464
1	53076972	649	89464
1	53161093	650	89888
1	53245203	651	89835
1	53329048	652	89252
1	53412826	653	89199
1	53496967	654	89888
1	53580862	655	89358
1	53664880	656	89676
1	53748986	657	89835
1	53833064	658	89729
1	53916713	659	88934
1	54000677	660	89517
1	54084837	661	89888
1	54168664	662	89305
1	54252727	663	89729
1	54336674	664	89464
1	54420662	665	89623
1	54504829	666	89941
1	54588779	667	89464
1	54672577	668	89252
1	54756645	669	89729
1	54840847	670	89994
1	54924814	671	89570
1	55008929	672	89835
1	55092826	673	89358
1	55176937	674	89888
1	55260745	675	89199
1	55344671	676	89411
1	55428737	677	89782
1	55512956	678	90047
1	55596638	679	88934
1	55680252	680	88881
1	55764533	681	90153
1	55848579	682	89676
1	55932515	683	89517
1	56016661	684	89888
1	56100582	685	89411
1	56184331	686	89146
1	56268295	687	89517
1	56352263	688	89517
1	56436282	689	89676
1	56520319	690	89676
1	56604157	691	89252
1	56688230	692	89782
1	56772135	693	89411
1	56855952	694	89199
1	56940179	695	90100
1	57024367	696	89994
1	57108153	697	89146
1	57192042	698	89411
1	57276027	699	89570
1	57359949	700	89411
1	57443776	701	89305
1	57527766	702	89570
1	57611713	703	89464
1	57695727	704	89676
1	57779608	705	89358
1	57863586	706	89517
1	57947751	707	89994
1	58031627	708	89358
1	58115391	709	89093
1	58199208	710	89252
1	58283188	711	89570
1	58367296	712	89782
1	58451227	713	89517
1	58535188	714	89517
1	58619207	715	89623
1	58703529	716	90312
1	58787369	717	89252
1	58871157	718	89146
1	58955304	719	89941
1	59039312	720	89623
1	59123202	721	89358
1	59206984	722	89199
1	59290969	723	89570
1	59374839	724	89305
1	59458881	725	89729
1	59543022	726	89888
1	59626604	727	88722
1	59710671	728	89782
1	59794656	729	89570
1	59878494	730	89252
1	59962383	731	89411
1	60046680	732	90206
1	60130622	733	89464
1	60214745	734	89888
1	60298704	735	89517
1	60382703	736	89570
1	60466795	737	89835
1	60550728	738	89464
1	60634961	739	90047
1	60718731	740	89199
1	60802856	741	89835
1	60886725	742	89305
1	60970817	743	89835
1	61055010	744	89994
1	61138825	745	89199
1	61222898	746	89782
1	61306982	747	89782
1	61391089	748	89782
1	61475328	749	90153
1	61559350	750	89623
1	61643339	751	89570
1	61727415	752	89782
1	61811421	753	89623
1	61895235	754	89199
1	61979143	755	89464
1	62063159	756	89623
1	62147110	757	89464
1	62231536	758	90524
1	62315521	759	89570
1	62399467	760	89464
1	62483586	761	89888
1	62567469	762	89358
1	62651336	763	89305
1	62735325	764	89623
1	62819522	765	89994
1	62903649	766	89835
1	62987683	767	89729
1	63071775	768	89782
1	63155565	769	89146
1	63239239	770	88987
1	63323201	771	89517
1	63407147	772	89464
1	63491162	773	89676
1	63575254	774	89782
1	63658889	775	88828
1	63742843	776	89570
1	63826911	777	89729
1	63910827	778	89411
1	63994851	779	89676
1	64078831	780	89570
1	64162705	781	89305
1	64246709	782	89676
1	64330803	783	89782
1	64414802	784	89570
1	64498509	785	89040
1	64582359	786	89305
1	64666259	787	89358
1	64750389	788	89941
1	64834461	789	89729
1	64918569	790	89782
1	65002505	791	89517
1	65086589	792	89782
1	65170536	793	89464
1	65254606	794	89782
1	65338639	795	89676
1	65422561	796	89411
1	65506574	797	89676
1	65590455	798	89358
1	65674324	799	89305
1	65758179	800	89358
1	65842272	801	89782
1	65925934	802	88881
1	66009765	803	89305
1	66093594	804	89252
1	66177697	805	89782
1	66261810	806	89888
1	66345644	807	89252
1	66429439	808	89146
1	66513693	809	90153
1	66597850	810	89941
1	66681849	811	89570
1	66766102	812	90153
1	66849926	813	89252
1	66933821	814	89358
1	67017793	815	89570
1	67101792	816	89623
1	67185953	817	89888
1	67269968	818	89676
1	67353896	819	89464
1	67438004	820	89782
1	67521911	821	89464
1	67606024	822	89835
1	67690231	823	89994
1	67774510	824	90206
1	67858750	825	90100
1	67942748	826	89570
1	68026378	827	88881
1	68110358	828	89570
1	68194488	829	89835
1	68278158	830	88987
1	68362226	831	89729
1	68446148	832	89411
1	68529944	833	89252
1	68614068	834	89835
1	68697677	835	88775
1	68781452	836	89199
1	68865468	837	89623
1	68949233	838	89093
1	69033097	839	89358
1	69117045	840	89517
1	69200945	841	89358
1	69284850	842	89464
1	69368658	843	89199
1	69452470	844	89199
1	69536172	845	89040
1	69620609	846	90471
1	69704684	847	89729
1	69788664	848	89623
1	69872841	849	89941
1	69956555	850	88987
1	70040507	851	89570
1	70124469	852	89517
1	70208205	853	89040
1	70292115	854	89464
1	70376131	855	89623
1	70459766	856	88828
1	70543671	857	89464
1	70627505	858	89252
1	70711733	859	90047
1	70796090	860	90365
1	70879898	861	89199
1	70963787	862	89358
1	71047916	863	89888
1	71132099	864	89994
1	71215973	865	89305
1	71299753	866	89199
1	71383858	867	89835
1	71467550	868	88934
1	71551746	869	90047
1	71635835	870	89782
1	71719907	871	89729
1	71803798	872	89411
1	71887703	873	89411
1	71971625	874	89411
1	72055482	875	89358
1	72139390	876	89411
1	72223497	877	89782
1	72307293	878	89252
1	72391465	879	89941
1	72475490	880	89623
1	72559790	881	90259
1	72643697	882	89411
1	72727539	883	89252
1	72811452	884	89464
1	72895487	885	89676
1	72979331	886	89252
1	73063115	887	89199
1	73147043	888	89464
1	73230912	889	89305
1	73314949	890	89729
1	73399171	891	90047
1	73483113	892	89464
1	73567023	893	89464
1	73651091	894	89729
1	73735165	895	89729
1	73819130	896	89570
1	73903141	897	89623
1	73987192	898	89676
1	74071258	899	89782
1	74155322	900	89729
1	74239165	901	89252
1	74323282	902	89888
1	74407190	903	89411
1	74491140	904	89464
1	74575045	905	89464
1	74659110	906	89729
1	74743312	907	89994
1	74827669	908	90365
1	74911602	909	89464
1	74995369	910	89093
1	75079144	911	89199
1	75163215	912	89729
1	75246867	913	88881
1	75331015	914	89941
1	75415156	915	89888
1	75499566	916	90418
1	75583585	917	89676
1	75667465	918	89358
1	75751410	919	89464
1	75835448	920	89729
1	75919438	921	89570
1	76003099	922	88881
1	76086936	923	89305
1	76170765	924	89252
1	76254728	925	89517
1	76338354	926	88881
1	76422289	927	89464
1	76506024	928	89040
1	76590069	929	89729
1	76674366	930	90206
1	76758053	931	88934
1	76841698	932	88934
1	76925558	933	89305
1	77009272	934	88987
1	77093155	935	89411
1	77177088	936	89464
1	77261040	937	89464
1	77345234	938	90047
1	77429112	939	89358
1	77513137	940	89623
1	77596860	941	89093
1	77681032	942	89941
1	77764795	943	89093
1	77848811	944	89676
1	77932770	945	89517
1	78016744	946	89517
1	78100851	947	89888
1	78185080	948	90047
1	78268824	949	89040
1	78352912	950	89835
1	78436872	951	89517
1	78520709	952	89252
1	78604463	953	89146
1	78688921	954	90524
1	78772707	955	89146
1	78856700	956	89623
1	78940607	957	89411
1	79024502	958	89358
1	79108833	959	90312
1	79192787	960	89517
1	79276838	961	89676
1	79360874	962	89729
1	79444889	963	89623
1	79528754	964	89305
1	79612637	965	89411
1	79696341	966	88987
1	79779955	967	88775
1	79863902	968	89570
1	79947637	969	89040
1	80031477	970	89252
1	80115525	971	89729
1	80199630	972	89835
1	80283660	973	89623
1	80367905	974	90153
1	80451971	975	89729
1	80535991	976	89623
1	80620187	977	90047
1	80703995	978	89199
1	80787673	979	88934
1	80871805	980	89888
1	80955806	981	89623
1	81039727	982	89411
1	81123403	983	88987
1	81207206	984	89199
1	81291057	985	89252
1	81375047	986	89623
1	81459001	987	89517
1	81542821	988	89199
1	81626837	989	89676
1	81710713	990	89358
1	81794716	991	89570
1	81878596	992	89411
1	81962633	993	89676
1	82046445	994	89199
1	82130568	995	89888
1	82214683	996	89835
1	82298895	997	89994
1	82382691	998	89252
1	82466759	999	89729
2	41994047	517	0
2	42078087	518	0
2	42162176	519	0
2	42246178	520	0
2	42329877	521	0
2	42413862	522	0
2	42497653	523	0
2	42581636	524	0
2	42665522	525	0
2	42749521	526	0
2	42833528	527	0
2	42917416	528	0
2	43001290	529	0
2	43085320	530	0
2	43169362	531	0
2	43253491	532	0
2	43337479	533	0
2	43421547	534	0
2	43505306	535	0
2	43588988	536	0
2	43673072	537	0
2	43757075	538	0
2	43840887	539	0
2	43925200	540	0
2	44009329	541	0
2	44093478	542	0
2	44177562	543	0
2	44261587	544	0
2	44345674	545	0
2	44429794	546	0
2	44513870	547	0
2	44597787	548	0
2	44681740	549	0
2	44765641	550	0
2	44849621	551	0
2	44933583	552	0
2	45017583	553	0
2	45101653	554	0
2	45185581	555	0
2	45269426	556	0
2	45353278	557	0
2	45437241	558	0
2	45521032	559	0
2	45605096	560	0
2	45688849	561	0
2	45772585	562	0
2	45856316	563	0
2	45940275	564	0
2	46024379	565	0
2	46108387	566	0
2	46192455	567	0
2	46276294	568	0
2	46360356	569	0
2	46444162	570	0
2	46528062	571	0
2	46611936	572	0
2	46695645	573	0
2	46779441	574	0
2	46863398	575	0
2	46947461	576	0
2	47031486	577	0
2	47115447	578	0
2	47199558	579	0
2	47283281	580	0
2	47367316	581	0
2	47451223	582	0
2	47534859	583	0
2	47619002	584	0
2	47703065	585	0
2	47786832	586	0
2	47870688	587	0
2	47954720	588	0
2	48038702	589	0
2	48122738	590	0
2	48206721	591	0
2	48290540	592	0
2	48374471	593	0
2	48458721	594	0
2	48542591	595	0
2	48626526	596	0
2	48710693	597	0
2	48794484	598	0
2	48878446	599	0
2	48962562	600	0
2	49046402	601	0
2	49130543	602	0
2	49214430	603	0
2	49298528	604	0
2	49382464	605	0
2	49466381	606	0
2	49550219	607	0
2	49634332	608	0
2	49718296	609	0
2	49802298	610	0
2	49886330	611	0
2	49970247	612	0
2	50054009	613	0
2	50137941	614	0
2	50221902	615	0
2	50305958	616	0
2	50389816	617	0
2	50474030	618	0
2	50557716	619	0
2	50641814	620	0
2	50725877	621	0
2	50809765	622	0
2	50893651	623	0
2	50977662	624	0
2	51061588	625	0
2	51145467	626	0
2	51229504	627	0
2	51313611	628	0
2	51397643	629	0
2	51481611	630	0
2	51565450	631	0
2	51649432	632	0
2	51733266	633	0
2	51816954	634	0
2	51901071	635	0
2	51985082	636	0
2	52068956	637	0
2	52153095	638	0
2	52237106	639	0
2	52321084	640	0
2	52405301	641	0
2	52489157	642	0
2	52573207	643	0
2	52657200	644	0
2	52741206	645	0
2	52825123	646	0
2	52909089	647	0
2	52993021	648	0
2	53076972	649	0
2	53161093	650	0
2	53245203	651	0
2	53329048	652	0
2	53412826	653	0
2	53496967	654	0
2	53580862	655	0
2	53664880	656	0
2	53748986	657	0
2	53833064	658	0
2	53916713	659	0
2	54000677	660	0
2	54084837	661	0
2	54168664	662	0
2	54252727	663	0
2	54336674	664	0
2	54420662	665	0
2	54504829	666	0
2	54588779	667	0
2	54672577	668	0
2	54756645	669	0
2	54840847	670	0
2	54924814	671	0
2	55008929	672	0
2	55092826	673	0
2	55176937	674	0
2	55260745	675	0
2	55344671	676	0
2	55428737	677	0
2	55512956	678	0
2	55596638	679	0
2	55680252	680	0
2	55764533	681	0
2	55848579	682	0
2	55932515	683	0
2	56016661	684	0
2	56100582	685	0
2	56184331	686	0
2	56268295	687	0
2	56352263	688	0
2	56436282	689	0
2	56520319	690	0
2	56604157	691	0
2	56688230	692	0
2	56772135	693	0
2	56855952	694	0
2	56940179	695	0
2	57024367	696	0
2	57108153	697	0
2	57192042	698	0
2	57276027	699	0
2	57359949	700	0
2	57443776	701	0
2	57527766	702	0
2	57611713	703	0
2	57695727	704	0
2	57779608	705	0
2	57863586	706	0
2	57947751	707	0
2	58031627	708	0
2	58115391	709	0
2	58199208	710	0
2	58283188	711	0
2	58367296	712	0
2	58451227	713	0
2	58535188	714	0
2	58619207	715	0
2	58703529	716	0
2	58787369	717	0
2	58871157	718	0
2	58955304	719	0
2	59039312	720	0
2	59123202	721	0
2	59206984	722	0
2	59290969	723	0
2	59374839	724	0
2	59458881	725	0
2	59543022	726	0
2	59626604	727	0
2	59710671	728	0
2	59794656	729	0
2	59878494	730	0
2	59962383	731	0
2	60046680	732	0
2	60130622	733	0
2	60214745	734	0
2	60298704	735	0
2	60382703	736	0
2	60466795	737	0
2	60550728	738	0
2	60634961	739	0
2	60718731	740	0
2	60802856	741	0
2	60886725	742	0
2	60970817	743	0
2	61055010	744	0
2	61138825	745	0
2	61222898	746	0
2	61306982	747	0
2	61391089	748	0
2	61475328	749	0
2	61559350	750	0
2	61643339	751	0
2	61727415	752	0
2	61811421	753	0
2	61895235	754	0
2	61979143	755	0
2	62063159	756	0
2	62147110	757	0
2	62231536	758	0
2	62315521	759	0
2	62399467	760	0
2	62483586	761	0
2	62567469	762	0
2	62651336	763	0
2	62735325	764	0
2	62819522	765	0
2	62903649	766	0
2	62987683	767	0
2	63071775	768	0
2	63155565	769	0
2	63239239	770	0
2	63323201	771	0
2	63407147	772	0
2	63491162	773	0
2	63575254	774	0
2	63658889	775	0
2	63742843	776	0
2	63826911	777	0
2	63910827	778	0
2	63994851	779	0
2	64078831	780	0
2	64162705	781	0
2	64246709	782	0
2	64330803	783	0
2	64414802	784	0
2	64498509	785	0
2	64582359	786	0
2	64666259	787	0
2	64750389	788	0
2	64834461	789	0
2	64918569	790	0
2	65002505	791	0
2	65086589	792	0
2	65170536	793	0
2	65254606	794	0
2	65338639	795	0
2	65422561	796	0
2	65506574	797	0
2	65590455	798	0
2	65674324	799	0
2	65758179	800	0
2	65842272	801	0
2	65925934	802	0
2	66009765	803	0
2	66093594	804	0
2	66177697	805	0
2	66261810	806	0
2	66345644	807	0
2	66429439	808	0
2	66513693	809	0
2	66597850	810	0
2	66681849	811	0
2	66766102	812	0
2	66849926	813	0
2	66933821	814	0
2	67017793	815	0
2	67101792	816	0
2	67185953	817	0
2	67269968	818	0
2	67353896	819	0
2	67438004	820	0
2	67521911	821	0
2	67606024	822	0
2	67690231	823	0
2	67774510	824	0
2	67858750	825	0
2	67942748	826	0
2	68026378	827	0
2	68110358	828	0
2	68194488	829	0
2	68278158	830	0
2	68362226	831	0
2	68446148	832	0
2	68529944	833	0
2	68614068	834	0
2	68697677	835	0
2	68781452	836	0
2	68865468	837	0
2	68949233	838	0
2	69033097	839	0
2	69117045	840	0
2	69200945	841	0
2	69284850	842	0
2	69368658	843	0
2	69452470	844	0
2	69536172	845	0
2	69620609	846	0
2	69704684	847	0
2	69788664	848	0
2	69872841	849	0
2	69956555	850	0
2	70040507	851	0
2	70124469	852	0
2	70208205	853	0
2	70292115	854	0
2	70376131	855	0
2	70459766	856	0
2	70543671	857	0
2	70627505	858	0
2	70711733	859	0
2	70796090	860	0
2	70879898	861	0
2	70963787	862	0
2	71047916	863	0
2	71132099	864	0
2	71215973	865	0
2	71299753	866	0
2	71383858	867	0
2	71467550	868	0
2	71551746	869	0
2	71635835	870	0
2	71719907	871	0
2	71803798	872	0
2	71887703	873	0
2	71971625	874	0
2	72055482	875	0
2	72139390	876	0
2	72223497	877	0
2	72307293	878	0
2	72391465	879	0
2	72475490	880	0
2	72559790	881	0
2	72643697	882	0
2	72727539	883	0
2	72811452	884	0
2	72895487	885	0
2	72979331	886	0
2	73063115	887	0
2	73147043	888	0
2	73230912	889	0
2	73314949	890	0
2	73399171	891	0
2	73483113	892	0
2	73567023	893	0
2	73651091	894	0
2	73735165	895	0
2	73819130	896	0
2	73903141	897	0
2	73987192	898	0
2	74071258	899	0
2	74155322	900	0
2	74239165	901	0
2	74323282	902	0
2	74407190	903	0
2	74491140	904	0
2	74575045	905	0
2	74659110	906	0
2	74743312	907	0
2	74827669	908	0
2	74911602	909	0
2	74995369	910	0
2	75079144	911	0
2	75163215	912	0
2	75246867	913	0
2	75331015	914	0
2	75415156	915	0
2	75499566	916	0
2	75583585	917	0
2	75667465	918	0
2	75751410	919	0
2	75835448	920	0
2	75919438	921	0
2	76003099	922	0
2	76086936	923	0
2	76170765	924	0
2	76254728	925	0
2	76338354	926	0
2	76422289	927	0
2	76506024	928	0
2	76590069	929	0
2	76674366	930	0
2	76758053	931	0
2	76841698	932	0
2	76925558	933	0
2	77009272	934	0
2	77093155	935	0
2	77177088	936	0
2	77261040	937	0
2	77345234	938	0
2	77429112	939	0
2	77513137	940	0
2	77596860	941	0
2	77681032	942	0
2	77764795	943	0
2	77848811	944	0
2	77932770	945	0
2	78016744	946	0
2	78100851	947	0
2	78185080	948	0
2	78268824	949	0
2	78352912	950	0
2	78436872	951	0
2	78520709	952	0
2	78604463	953	0
2	78688921	954	0
2	78772707	955	0
2	78856700	956	0
2	78940607	957	0
2	79024502	958	0
2	79108833	959	0
2	79192787	960	0
2	79276838	961	0
2	79360874	962	0
2	79444889	963	0
2	79528754	964	0
2	79612637	965	0
2	79696341	966	0
2	79779955	967	0
2	79863902	968	0
2	79947637	969	0
2	80031477	970	0
2	80115525	971	0
2	80199630	972	0
2	80283660	973	0
2	80367905	974	0
2	80451971	975	0
2	80535991	976	0
2	80620187	977	0
2	80703995	978	0
2	80787673	979	0
2	80871805	980	0
2	80955806	981	0
2	81039727	982	0
2	81123403	983	0
2	81207206	984	0
2	81291057	985	0
2	81375047	986	0
2	81459001	987	0
2	81542821	988	0
2	81626837	989	0
2	81710713	990	0
2	81794716	991	0
2	81878596	992	0
2	81962633	993	0
2	82046445	994	0
2	82130568	995	0
2	82214683	996	0
2	82298895	997	0
2	82382691	998	0
2	82466759	999	0
3	41994047	517	0
3	42078087	518	4
3	42162176	519	6
3	42246178	520	6
3	42329877	521	6
3	42413862	522	7
3	42497653	523	2
3	42581636	524	0
3	42665522	525	4
3	42749521	526	3
3	42833528	527	5
3	42917416	528	2
3	43001290	529	4
3	43085320	530	2
3	43169362	531	0
3	43253491	532	5
3	43337479	533	0
3	43421547	534	3
3	43505306	535	4
3	43588988	536	5
3	43673072	537	3
3	43757075	538	4
3	43840887	539	4
3	43925200	540	3
3	44009329	541	6
3	44093478	542	11
3	44177562	543	5
3	44261587	544	3
3	44345674	545	4
3	44429794	546	2
3	44513870	547	1
3	44597787	548	6
3	44681740	549	4
3	44765641	550	4
3	44849621	551	1
3	44933583	552	5
3	45017583	553	0
3	45101653	554	2
3	45185581	555	3
3	45269426	556	1
3	45353278	557	4
3	45437241	558	6
3	45521032	559	5
3	45605096	560	4
3	45688849	561	4
3	45772585	562	5
3	45856316	563	4
3	45940275	564	4
3	46024379	565	4
3	46108387	566	4
3	46192455	567	1
3	46276294	568	4
3	46360356	569	2
3	46444162	570	5
3	46528062	571	4
3	46611936	572	4
3	46695645	573	8
3	46779441	574	4
3	46863398	575	4
3	46947461	576	3
3	47031486	577	7
3	47115447	578	3
3	47199558	579	9
3	47283281	580	3
3	47367316	581	4
3	47451223	582	3
3	47534859	583	5
3	47619002	584	8
3	47703065	585	4
3	47786832	586	1
3	47870688	587	3
3	47954720	588	4
3	48038702	589	4
3	48122738	590	2
3	48206721	591	4
3	48290540	592	5
3	48374471	593	4
3	48458721	594	2
3	48542591	595	1
3	48626526	596	3
3	48710693	597	4
3	48794484	598	3
3	48878446	599	3
3	48962562	600	5
3	49046402	601	2
3	49130543	602	1
3	49214430	603	3
3	49298528	604	2
3	49382464	605	5
3	49466381	606	3
3	49550219	607	3
3	49634332	608	4
3	49718296	609	2
3	49802298	610	3
3	49886330	611	4
3	49970247	612	4
3	50054009	613	7
3	50137941	614	6
3	50221902	615	4
3	50305958	616	0
3	50389816	617	4
3	50474030	618	4
3	50557716	619	2
3	50641814	620	3
3	50725877	621	3
3	50809765	622	9
3	50893651	623	5
3	50977662	624	3
3	51061588	625	2
3	51145467	626	3
3	51229504	627	3
3	51313611	628	7
3	51397643	629	6
3	51481611	630	6
3	51565450	631	5
3	51649432	632	1
3	51733266	633	11
3	51816954	634	5
3	51901071	635	3
3	51985082	636	2
3	52068956	637	1
3	52153095	638	4
3	52237106	639	0
3	52321084	640	3
3	52405301	641	4
3	52489157	642	1
3	52573207	643	2
3	52657200	644	6
3	52741206	645	3
3	52825123	646	3
3	52909089	647	7
3	52993021	648	5
3	53076972	649	2
3	53161093	650	4
3	53245203	651	4
3	53329048	652	10
3	53412826	653	8
3	53496967	654	6
3	53580862	655	3
3	53664880	656	1
3	53748986	657	2
3	53833064	658	5
3	53916713	659	4
3	54000677	660	4
3	54084837	661	0
3	54168664	662	1
3	54252727	663	5
3	54336674	664	5
3	54420662	665	6
3	54504829	666	4
3	54588779	667	6
3	54672577	668	1
3	54756645	669	1
3	54840847	670	2
3	54924814	671	3
3	55008929	672	5
3	55092826	673	3
3	55176937	674	4
3	55260745	675	1
3	55344671	676	4
3	55428737	677	5
3	55512956	678	5
3	55596638	679	5
3	55680252	680	1
3	55764533	681	4
3	55848579	682	6
3	55932515	683	4
3	56016661	684	3
3	56100582	685	2
3	56184331	686	5
3	56268295	687	4
3	56352263	688	1
3	56436282	689	7
3	56520319	690	0
3	56604157	691	4
3	56688230	692	0
3	56772135	693	2
3	56855952	694	7
3	56940179	695	3
3	57024367	696	5
3	57108153	697	6
3	57192042	698	5
3	57276027	699	5
3	57359949	700	6
3	57443776	701	5
3	57527766	702	4
3	57611713	703	2
3	57695727	704	5
3	57779608	705	3
3	57863586	706	3
3	57947751	707	4
3	58031627	708	5
3	58115391	709	8
3	58199208	710	2
3	58283188	711	4
3	58367296	712	3
3	58451227	713	3
3	58535188	714	2
3	58619207	715	5
3	58703529	716	4
3	58787369	717	4
3	58871157	718	3
3	58955304	719	2
3	59039312	720	5
3	59123202	721	1
3	59206984	722	6
3	59290969	723	5
3	59374839	724	1
3	59458881	725	5
3	59543022	726	4
3	59626604	727	4
3	59710671	728	1
3	59794656	729	4
3	59878494	730	6
3	59962383	731	6
3	60046680	732	2
3	60130622	733	5
3	60214745	734	7
3	60298704	735	5
3	60382703	736	5
3	60466795	737	6
3	60550728	738	3
3	60634961	739	3
3	60718731	740	2
3	60802856	741	4
3	60886725	742	0
3	60970817	743	5
3	61055010	744	6
3	61138825	745	3
3	61222898	746	0
3	61306982	747	4
3	61391089	748	0
3	61475328	749	4
3	61559350	750	3
3	61643339	751	2
3	61727415	752	4
3	61811421	753	2
3	61895235	754	5
3	61979143	755	1
3	62063159	756	1
3	62147110	757	6
3	62231536	758	4
3	62315521	759	5
3	62399467	760	2
3	62483586	761	5
3	62567469	762	2
3	62651336	763	3
3	62735325	764	3
3	62819522	765	6
3	62903649	766	2
3	62987683	767	2
3	63071775	768	5
3	63155565	769	5
3	63239239	770	8
3	63323201	771	8
3	63407147	772	2
3	63491162	773	4
3	63575254	774	3
3	63658889	775	3
3	63742843	776	2
3	63826911	777	6
3	63910827	778	2
3	63994851	779	6
3	64078831	780	3
3	64162705	781	3
3	64246709	782	5
3	64330803	783	6
3	64414802	784	6
3	64498509	785	4
3	64582359	786	2
3	64666259	787	5
3	64750389	788	4
3	64834461	789	3
3	64918569	790	4
3	65002505	791	4
3	65086589	792	1
3	65170536	793	4
3	65254606	794	3
3	65338639	795	2
3	65422561	796	3
3	65506574	797	4
3	65590455	798	2
3	65674324	799	3
3	65758179	800	4
3	65842272	801	3
3	65925934	802	3
3	66009765	803	3
3	66093594	804	2
3	66177697	805	3
3	66261810	806	6
3	66345644	807	2
3	66429439	808	3
3	66513693	809	3
3	66597850	810	1
3	66681849	811	7
3	66766102	812	3
3	66849926	813	4
3	66933821	814	1
3	67017793	815	4
3	67101792	816	0
3	67185953	817	3
3	67269968	818	3
3	67353896	819	0
3	67438004	820	5
3	67521911	821	6
3	67606024	822	6
3	67690231	823	2
3	67774510	824	6
3	67858750	825	5
3	67942748	826	5
3	68026378	827	2
3	68110358	828	5
3	68194488	829	7
3	68278158	830	3
3	68362226	831	4
3	68446148	832	3
3	68529944	833	2
3	68614068	834	1
3	68697677	835	3
3	68781452	836	4
3	68865468	837	1
3	68949233	838	4
3	69033097	839	3
3	69117045	840	4
3	69200945	841	6
3	69284850	842	4
3	69368658	843	2
3	69452470	844	4
3	69536172	845	3
3	69620609	846	3
3	69704684	847	4
3	69788664	848	6
3	69872841	849	4
3	69956555	850	6
3	70040507	851	1
3	70124469	852	2
3	70208205	853	3
3	70292115	854	5
3	70376131	855	5
3	70459766	856	6
3	70543671	857	3
3	70627505	858	5
3	70711733	859	5
3	70796090	860	6
3	70879898	861	8
3	70963787	862	5
3	71047916	863	0
3	71132099	864	5
3	71215973	865	4
3	71299753	866	2
3	71383858	867	4
3	71467550	868	6
3	71551746	869	1
3	71635835	870	7
3	71719907	871	2
3	71803798	872	2
3	71887703	873	3
3	71971625	874	3
3	72055482	875	1
3	72139390	876	5
3	72223497	877	1
3	72307293	878	5
3	72391465	879	2
3	72475490	880	2
3	72559790	881	4
3	72643697	882	7
3	72727539	883	4
3	72811452	884	4
3	72895487	885	1
3	72979331	886	2
3	73063115	887	5
3	73147043	888	4
3	73230912	889	3
3	73314949	890	6
3	73399171	891	4
3	73483113	892	1
3	73567023	893	5
3	73651091	894	2
3	73735165	895	1
3	73819130	896	3
3	73903141	897	7
3	73987192	898	3
3	74071258	899	4
3	74155322	900	4
3	74239165	901	6
3	74323282	902	7
3	74407190	903	7
3	74491140	904	1
3	74575045	905	3
3	74659110	906	0
3	74743312	907	4
3	74827669	908	5
3	74911602	909	3
3	74995369	910	0
3	75079144	911	3
3	75163215	912	4
3	75246867	913	6
3	75331015	914	4
3	75415156	915	3
3	75499566	916	3
3	75583585	917	4
3	75667465	918	3
3	75751410	919	3
3	75835448	920	6
3	75919438	921	6
3	76003099	922	4
3	76086936	923	4
3	76170765	924	4
3	76254728	925	4
3	76338354	926	2
3	76422289	927	5
3	76506024	928	2
3	76590069	929	1
3	76674366	930	3
3	76758053	931	10
3	76841698	932	5
3	76925558	933	1
3	77009272	934	5
3	77093155	935	1
3	77177088	936	3
3	77261040	937	6
3	77345234	938	7
3	77429112	939	4
3	77513137	940	3
3	77596860	941	6
3	77681032	942	3
3	77764795	943	4
3	77848811	944	1
3	77932770	945	5
3	78016744	946	2
3	78100851	947	5
3	78185080	948	3
3	78268824	949	8
3	78352912	950	4
3	78436872	951	11
3	78520709	952	6
3	78604463	953	4
3	78688921	954	2
3	78772707	955	1
3	78856700	956	0
3	78940607	957	1
3	79024502	958	2
3	79108833	959	3
3	79192787	960	2
3	79276838	961	9
3	79360874	962	3
3	79444889	963	5
3	79528754	964	3
3	79612637	965	3
3	79696341	966	1
3	79779955	967	2
3	79863902	968	2
3	79947637	969	5
3	80031477	970	4
3	80115525	971	4
3	80199630	972	2
3	80283660	973	6
3	80367905	974	4
3	80451971	975	4
3	80535991	976	4
3	80620187	977	5
3	80703995	978	5
3	80787673	979	2
3	80871805	980	3
3	80955806	981	6
3	81039727	982	4
3	81123403	983	4
3	81207206	984	3
3	81291057	985	4
3	81375047	986	4
3	81459001	987	3
3	81542821	988	5
3	81626837	989	1
3	81710713	990	3
3	81794716	991	2
3	81878596	992	7
3	81962633	993	4
3	82046445	994	1
3	82130568	995	0
3	82214683	996	3
3	82298895	997	2
3	82382691	998	2
3	82466759	999	2
4	41994047	517	0.0029940510281156
4	42078087	518	0.0029880666676134
4	42162176	519	0.002982109703844
4	42246178	520	0.0029761904761905
4	42329877	521	0.00297032964189
4	42413862	522	0.0029644605210171
4	42497653	523	0.0029586249482973
4	42581636	524	0.0029527743215051
4	42665522	525	0.0029469777430235
4	42749521	526	0.0029411867484685
4	42833528	527	0.0029354184686067
4	42917416	528	0.0029296829676934
4	43001290	529	0.0029239799941868
4	43085320	530	0.00291826545236
4	43169362	531	0.0029125698440016
4	43253491	532	0.0029069031178119
4	43337479	533	0.0029012550657062
4	43421547	534	0.0028956322397973
4	43505306	535	0.0028900741690321
4	43588988	536	0.0028845472803003
4	43673072	537	0.002878985684885
4	43757075	538	0.0028734618444097
4	43840887	539	0.0028679787054001
4	43925200	540	0.0028624515508819
4	44009329	541	0.00285698121747
4	44093478	542	0.0028515414134159
4	44177562	543	0.0028461126609744
4	44261587	544	0.0028407077356128
4	44345674	545	0.0028353137485206
4	44429794	546	0.002829933863605
4	44513870	547	0.0028245775159155
4	44597787	548	0.0028192728844009
4	44681740	549	0.002813978731893
4	44765641	550	0.002808713798182
4	44849621	551	0.0028034436280224
4	44933583	552	0.0027982118041318
4	45017583	553	0.002792980934725
4	45101653	554	0.0027877634298433
4	45185581	555	0.002782586847015
4	45269426	556	0.0027774355634949
4	45353278	557	0.0027723063612628
4	45437241	558	0.0027671930360984
4	45521032	559	0.0027621166674324
4	45605096	560	0.002757019754456
4	45688849	561	0.0027519806086182
4	45772585	562	0.0027469658266572
4	45856316	563	0.0027419633326202
4	45940275	564	0.0027369552916998
4	46024379	565	0.0027319507318382
4	46108387	566	0.0027269703305628
4	46192455	567	0.0027219963174893
4	46276294	568	0.0027170755013408
4	46360356	569	0.0027121374865736
4	46444162	570	0.0027072580247417
4	46528062	571	0.0027023845198853
4	46611936	572	0.0026975256478602
4	46695645	573	0.002692718675417
4	46779441	574	0.0026879087750375
4	46863398	575	0.002683093218628
4	46947461	576	0.0026782835225633
4	47031486	577	0.0026735080237005
4	47115447	578	0.0026687410623598
4	47199558	579	0.0026639938807269
4	47283281	580	0.0026592915647272
4	47367316	581	0.0026545695392088
4	47451223	582	0.0026498781580776
4	47534859	583	0.0026452393548759
4	47619002	584	0.002640567057854
4	47703065	585	0.0026359112371245
4	47786832	586	0.0026312964840668
4	47870688	587	0.0026266896636381
4	47954720	588	0.0026220853314835
4	48038702	589	0.0026175052531516
4	48122738	590	0.0026129249236819
4	48206721	591	0.002608374068733
4	48290540	592	0.0026038605196996
4	48374471	593	0.0025993438329667
4	48458721	594	0.0025948081229312
4	48542591	595	0.0025903254166833
4	48626526	596	0.0025858528757244
4	48710693	597	0.0025813772797906
4	48794484	598	0.0025769539689684
4	48878446	599	0.002572524823591
4	48962562	600	0.0025681030414477
4	49046402	601	0.0025637172580308
4	49130543	602	0.0025593101113528
4	49214430	603	0.0025549516987646
4	49298528	604	0.0025505849173055
4	49382464	605	0.0025462535786207
4	49466381	606	0.0025419369257362
4	49550219	607	0.0025376425351099
4	49634332	608	0.0025333346710678
4	49718296	609	0.0025290540736801
4	49802298	610	0.0025247879178149
4	49886330	611	0.0025205310983626
4	49970247	612	0.0025163036545698
4	50054009	613	0.002512112861023
4	50137941	614	0.0025079135847471
4	50221902	615	0.0025037233588961
4	50305958	616	0.0024995297914254
4	50389816	617	0.0024953749090794
4	50474030	618	0.0024912018643069
4	50557716	619	0.0024870892978331
4	50641814	620	0.0024829512210712
4	50725877	621	0.002478831758498
4	50809765	622	0.0024747574737676
4	50893651	623	0.0024706844725553
4	50977662	624	0.0024666103986433
4	51061588	625	0.0024625569435816
4	51145467	626	0.0024585191827785
4	51229504	627	0.0024544827116931
4	51313611	628	0.0024504642295304
4	51397643	629	0.0024464588839884
4	51481611	630	0.0024424760613163
4	51565450	631	0.0024385156055341
4	51649432	632	0.0024345421518074
4	51733266	633	0.0024306214015974
4	51816954	634	0.0024267132595613
4	51901071	635	0.0024227711704623
4	51985082	636	0.0024188511367163
4	52068956	637	0.0024149553161535
4	52153095	638	0.0024110513043071
4	52237106	639	0.0024071644841709
4	52321084	640	0.0024033016129247
4	52405301	641	0.0023994283183856
4	52489157	642	0.0023955947621388
4	52573207	643	0.0023917598426838
4	52657200	644	0.0023879484732734
4	52741206	645	0.0023841424782429
4	52825123	646	0.0023803575721295
4	52909089	647	0.0023765869011942
4	52993021	648	0.0023728281574355
4	53076972	649	0.0023690746159988
4	53161093	650	0.0023653196366494
4	53245203	651	0.0023615787504676
4	53329048	652	0.0023578871090343
4	53412826	653	0.0023542047962377
4	53496967	654	0.002350501145462
4	53580862	655	0.0023468243980512
4	53664880	656	0.0023431417401238
4	53748986	657	0.0023394662866694
4	53833064	658	0.0023358131497492
4	53916713	659	0.0023322015613281
4	54000677	660	0.0023285775019758
4	54084837	661	0.0023249411398565
4	54168664	662	0.0023213417263244
4	54252727	663	0.002317744930564
4	54336674	664	0.0023141698683169
4	54420662	665	0.0023106015891448
4	54504829	666	0.0023070274339825
4	54588779	667	0.002303487434362
4	54672577	668	0.0022999561869732
4	54756645	669	0.002296416952923
4	54840847	670	0.0022928802662465
4	54924814	671	0.002289373137901
4	55008929	672	0.0022858705138094
4	55092826	673	0.0022823930325998
4	55176937	674	0.0022789076045116
4	55260745	675	0.0022754533108522
4	55344671	676	0.0022720074287894
4	55428737	677	0.00226855973859
4	55512956	678	0.0022651123361158
4	55596638	679	0.0022617179382448
4	55680252	680	0.0022583276390683
4	55764533	681	0.0022549052002133
4	55848579	682	0.0022515152028548
4	55932515	683	0.0022481373847885
4	56016661	684	0.0022447537216239
4	56100582	685	0.0022413961456863
4	56184331	686	0.0022380644686658
4	56268295	687	0.0022347268588502
4	56352263	688	0.0022313932731225
4	56436282	689	0.0022280755163179
4	56520319	690	0.0022247538893544
4	56604157	691	0.0022214656042342
4	56688230	692	0.0022181597443977
4	56772135	693	0.0022148811946499
4	56855952	694	0.0022116297565368
4	56940179	695	0.0022083472903797
4	57024367	696	0.0022050822561179
4	57108153	697	0.0022018595030512
4	57192042	698	0.0021986346696388
4	57276027	699	0.0021954135420063
4	57359949	700	0.002192209451939
4	57443776	701	0.0021890165983809
4	57527766	702	0.0021858216785033
4	57611713	703	0.0021826360711513
4	57695727	704	0.002179457854464
4	57779608	705	0.0021762963831247
4	57863586	706	0.0021731384594729
4	57947751	707	0.002169974768135
4	58031627	708	0.0021668444480296
4	58115391	709	0.0021637379794715
4	58199208	710	0.0021606237656635
4	58283188	711	0.0021575111293396
4	58367296	712	0.0021543982573691
4	58451227	713	0.0021513035195326
4	58535188	714	0.0021482158323081
4	58619207	715	0.0021451388180922
4	58703529	716	0.0021420451653404
4	58787369	717	0.0021389966623181
4	58871157	718	0.0021359586309224
4	58955304	719	0.0021329003897506
4	59039312	720	0.0021298670625548
4	59123202	721	0.0021268441423343
4	59206984	722	0.0021238440820872
4	59290969	723	0.0021208382224604
4	59374839	724	0.0021178426354853
4	59458881	725	0.0021148484135287
4	59543022	726	0.0021118555808607
4	59626604	727	0.0021089099566442
4	59710671	728	0.0021059321397772
4	59794656	729	0.0021029749808442
4	59878494	730	0.002100040087894
4	59962383	731	0.0020971081501513
4	60046680	732	0.0020941513876552
4	60130622	733	0.0020912323943079
4	60214745	734	0.0020883111641528
4	60298704	735	0.0020854066956008
4	60382703	736	0.0020825085774611
4	60466795	737	0.0020796116520847
4	60550728	738	0.0020767296073377
4	60634961	739	0.0020738368034167
4	60718731	740	0.0020709775259979
4	60802856	741	0.00206810918306
4	60886725	742	0.0020652589098541
4	60970817	743	0.0020624080594823
4	61055010	744	0.002059561708955
4	61138825	745	0.002056743307846
4	61222898	746	0.0020539092196528
4	61306982	747	0.0020510895956551
4	61391089	748	0.0020482710564293
4	61475328	749	0.0020454552818921
4	61559350	750	0.0020426621105189
4	61643339	751	0.0020398765571731
4	61727415	752	0.0020370953037894
4	61811421	753	0.0020343232632318
4	61895235	754	0.0020315767368774
4	61979143	755	0.0020288229452242
4	62063159	756	0.0020260717317658
4	62147110	757	0.0020233409405611
4	62231536	758	0.0020205819275951
4	62315521	759	0.0020178610672687
4	62399467	760	0.0020151459165163
4	62483586	761	0.0020124300431497
4	62567469	762	0.0020097326776962
4	62651336	763	0.0020070457240785
4	62735325	764	0.0020043563991757
4	62819522	765	0.0020016679244804
4	62903649	766	0.0019989850697586
4	62987683	767	0.0019963125537621
4	63071775	768	0.0019936503224187
4	63155565	769	0.0019910140214698
4	63239239	770	0.0019883940784443
4	63323201	771	0.0019857654044277
4	63407147	772	0.0019831358836853
4	63491162	773	0.0019805102108047
4	63575254	774	0.0019778868335403
4	63658889	775	0.0019752982113577
4	63742843	776	0.0019726932379982
4	63826911	777	0.0019700966634755
4	63910827	778	0.0019675099817041
4	63994851	779	0.0019649285544196
4	64078831	780	0.0019623523669855
4	64162705	781	0.0019597905313788
4	64246709	782	0.0019572277903092
4	64330803	783	0.0019546702297144
4	64414802	784	0.0019521253813409
4	64498509	785	0.0019495991932906
4	64582359	786	0.0019470690249464
4	64666259	787	0.0019445484103991
4	64750389	788	0.0019420163898492
4	64834461	789	0.001939495423943
4	64918569	790	0.0019369809945726
4	65002505	791	0.0019344804866463
4	65086589	792	0.0019319746004638
4	65170536	793	0.0019294884677722
4	65254606	794	0.0019269984309272
4	65338639	795	0.0019245162795023
4	65422561	796	0.001922049292762
4	65506574	797	0.0019195827853336
4	65590455	798	0.0019171284225488
4	65674324	799	0.001914683231773
4	65758179	800	0.0019122442704618
4	65842272	801	0.0019097985143658
4	65925934	802	0.0019073835004151
4	66009765	803	0.0019049630889825
4	66093594	804	0.0019025488126212
4	66177697	805	0.0019001277788898
4	66261810	806	0.0018977143252254
4	66345644	807	0.0018953183759561
4	66429439	808	0.0018929327262954
4	66513693	809	0.0018905261802312
4	66597850	810	0.0018881285692173
4	66681849	811	0.0018857553402351
4	66766102	812	0.0018833669977415
4	66849926	813	0.0018810099198131
4	66933821	814	0.0018786517455837
4	67017793	815	0.0018762980824605
4	67101792	816	0.0018739433557019
4	67185953	817	0.0018715917572875
4	67269968	818	0.0018692515886788
4	67353896	819	0.0018669186452307
4	67438004	820	0.0018645901409335
4	67521911	821	0.0018622770522478
4	67606024	822	0.0018599601047765
4	67690231	823	0.0018576393487006
4	67774510	824	0.0018553243768314
4	67858750	825	0.0018530165274397
4	67942748	826	0.0018507279774365
4	68026378	827	0.0018484586051422
4	68110358	828	0.0018461812928095
4	68194488	829	0.0018439055452995
4	68278158	830	0.0018416515201466
4	68362226	831	0.0018393855796541
4	68446148	832	0.0018371318915183
4	68529944	833	0.001834886386015
4	68614068	834	0.0018326304016327
4	68697677	835	0.0018304091490011
4	68781452	836	0.0018281840087116
4	68865468	837	0.0018259497469704
4	68949233	838	0.0018237380635441
4	69033097	839	0.0018215238471738
4	69117045	840	0.0018193123791778
4	69200945	841	0.0018171128128403
4	69284850	842	0.0018149133405834
4	69368658	843	0.0018127230905744
4	69452470	844	0.0018105407170889
4	69536172	845	0.0018083661823349
4	69620609	846	0.0018061619808983
4	69704684	847	0.0018039824788648
4	69788664	848	0.0018018133735227
4	69872841	849	0.0017996392168825
4	69956555	850	0.0017974958924549
4	70040507	851	0.0017953372425469
4	70124469	852	0.0017931863180949
4	70208205	853	0.0017910532457077
4	70292115	854	0.0017889176375235
4	70376131	855	0.0017867833229782
4	70459766	856	0.0017846742775073
4	70543671	857	0.0017825513286538
4	70627505	858	0.0017804409570522
4	70711733	859	0.0017783167897051
4	70796090	860	0.0017761914375614
4	70879898	861	0.0017741010752809
4	70963787	862	0.0017720081659751
4	71047916	863	0.0017699015794532
4	71132099	864	0.0017678037086772
4	71215973	865	0.0017657256223221
4	71299753	866	0.0017636524158895
4	71383858	867	0.0017615717824804
4	71467550	868	0.0017595193480929
4	71551746	869	0.0017574398868557
4	71635835	870	0.0017553787585961
4	71719907	871	0.0017533175893515
4	71803798	872	0.0017512685426394
4	71887703	873	0.0017492254914458
4	71971625	874	0.0017471872015943
4	72055482	875	0.0017451524502977
4	72139390	876	0.0017431260428554
4	72223497	877	0.001741091129744
4	72307293	878	0.0017390777309203
4	72391465	879	0.0017370498633062
4	72475490	880	0.0017350338726712
4	72559790	881	0.0017330106616189
4	72643697	882	0.0017310147105401
4	72727539	883	0.0017290233517443
4	72811452	884	0.0017270318444153
4	72895487	885	0.0017250366698389
4	72979331	886	0.0017230566820821
4	73063115	887	0.0017210859268337
4	73147043	888	0.0017191126519202
4	73230912	889	0.0017171462321731
4	73314949	890	0.0017151784804538
4	73399171	891	0.0017132059341383
4	73483113	892	0.0017112471976209
4	73567023	893	0.0017092975633202
4	73651091	894	0.0017073431306655
4	73735165	895	0.0017053920105255
4	73819130	896	0.0017034510907147
4	73903141	897	0.0017015180236245
4	73987192	898	0.0016995836188409
4	74071258	899	0.0016976524659999
4	74155322	900	0.001695726835532
4	74239165	901	0.0016938180671691
4	74323282	902	0.0016919011206081
4	74407190	903	0.0016899986881594
4	74491140	904	0.0016880926291525
4	74575045	905	0.0016861931168595
4	74659110	906	0.0016842888865616
4	74743312	907	0.0016823878313721
4	74827669	908	0.0016804843521949
4	74911602	909	0.0016786019140715
4	74995369	910	0.0016767281422715
4	75079144	911	0.0016748596600267
4	75163215	912	0.0016729853612124
4	75246867	913	0.00167113516075
4	75331015	914	0.001669264769853
4	75415156	915	0.0016673985610846
4	75499566	916	0.0016655255343204
4	75583585	917	0.0016636731531251
4	75667465	918	0.0016618303564083
4	75751410	919	0.0016599894549581
4	75835448	920	0.0016581504497364
4	75919438	921	0.0016563187741273
4	76003099	922	0.0016545030659088
4	76086936	923	0.0016526826803437
4	76170765	924	0.0016508673755262
4	76254728	925	0.001649050669286
4	76338354	926	0.0016472487032402
4	76422289	927	0.0016454420928199
4	76506024	928	0.0016436447904597
4	76590069	929	0.0016418364639849
4	76674366	930	0.0016400246555786
4	76758053	931	0.0016382497912448
4	76841698	932	0.0016364734612613
4	76925558	933	0.0016346893378116
4	77009272	934	0.0016329196603527
4	77093155	935	0.0016311411657394
4	77177088	936	0.0016293675924271
4	77261040	937	0.0016276010192328
4	77345234	938	0.0016258278039091
4	77429112	939	0.0016240688939673
4	77513137	940	0.0016223075316832
4	77596860	941	0.0016205635068352
4	77681032	942	0.0016188035086685
4	77764795	943	0.0016170649342831
4	77848811	944	0.0016153156230768
4	77932770	945	0.0016135773104829
4	78016744	946	0.0016118396484466
4	78100851	947	0.0016101016181362
4	78185080	948	0.0016083622095393
4	78268824	949	0.0016066510901048
4	78352912	950	0.0016049242253301
4	78436872	951	0.0016032143018145
4	78520709	952	0.0016015080180054
4	78604463	953	0.0015998053622941
4	78688921	954	0.001598078002662
4	78772707	955	0.0015963796007344
4	78856700	956	0.0015946747337209
4	78940607	957	0.001592978529173
4	79024502	958	0.0015912879348864
4	79108833	959	0.0015895839130331
4	79192787	960	0.0015878975167798
4	79276838	961	0.0015862186808189
4	79360874	962	0.001584536430532
4	79444889	963	0.0015828617136782
4	79528754	964	0.0015811944938111
4	79612637	965	0.0015795288062265
4	79696341	966	0.0015778725403935
4	79779955	967	0.0015762246641393
4	79863902	968	0.0015745654978714
4	79947637	969	0.0015729225586373
4	80031477	970	0.0015712781554377
4	80115525	971	0.0015696284052389
4	80199630	972	0.0015679782209378
4	80283660	973	0.0015663392759108
4	80367905	974	0.0015646921181655
4	80451971	975	0.0015630561616912
4	80535991	976	0.0015614255537031
4	80620187	977	0.0015597915994875
4	80703995	978	0.0015581764460495
4	80787673	979	0.0015565665532377
4	80871805	980	0.0015549437048797
4	80955806	981	0.0015533318815063
4	81039727	982	0.0015517253034468
4	81123403	983	0.0015501296583698
4	81207206	984	0.0015485325431013
4	81291057	985	0.0015469387154956
4	81375047	986	0.0015453415449621
4	81459001	987	0.0015437486129189
4	81542821	988	0.0015421664965703
4	81626837	989	0.0015405754003361
4	81710713	990	0.0015389950880153
4	81794716	991	0.0015374133340315
4	81878596	992	0.0015358423015372
4	81962633	993	0.0015342670183632
4	82046445	994	0.00153270054552
4	82130568	995	0.001531124269684
4	82214683	996	0.0015295549388875
4	82298895	997	0.0015279851231738
4	82382691	998	0.0015264314450923
4	82466759	999	0.0015248726353906
5	41994048	517	483714
5	42078088	518	483000
5	42162177	519	483642
5	42246179	520	484142
5	42329878	521	479071
5	42413863	522	482500
5	42497654	523	481642
5	42581637	524	482071
5	42665523	525	481714
5	42749522	526	483928
5	42833529	527	482214
5	42917417	528	481857
5	43001291	529	482857
5	43085321	530	482285
5	43169363	531	483428
5	43253492	532	485357
5	43337480	533	482428
5	43421548	534	483714
5	43505307	535	480928
5	43588989	536	479428
5	43673073	537	483285
5	43757076	538	484214
5	43840888	539	480857
5	43925201	540	485500
5	44009330	541	485357
5	44093479	542	484500
5	44177563	543	483285
5	44261588	544	484214
5	44345675	545	483214
5	44429795	546	484285
5	44513871	547	484714
5	44597788	548	482071
5	44681741	549	481785
5	44765642	550	483142
5	44849622	551	481857
5	44933584	552	482428
5	45017584	553	484000
5	45101654	554	483571
5	45185582	555	481571
5	45269427	556	482357
5	45353279	557	480571
5	45437242	558	482500
5	45521033	559	481642
5	45605097	560	483142
5	45688850	561	480071
5	45772586	562	480857
5	45856317	563	479785
5	45940276	564	482214
5	46024380	565	485142
5	46108388	566	482285
5	46192456	567	483714
5	46276295	568	481928
5	46360357	569	483000
5	46444163	570	480714
5	46528063	571	483142
5	46611937	572	480571
5	46695646	573	480071
5	46779442	574	482000
5	46863399	575	481785
5	46947462	576	483357
5	47031487	577	484214
5	47115448	578	482071
5	47199559	579	483642
5	47283282	580	481500
5	47367317	581	482642
5	47451224	582	481642
5	47534860	583	480000
5	47619003	584	484071
5	47703066	585	483357
5	47786833	586	481500
5	47870689	587	480857
5	47954721	588	482714
5	48038703	589	484285
5	48122739	590	482714
5	48206722	591	482357
5	48290541	592	482071
5	48374472	593	481500
5	48458722	594	485714
5	48542592	595	482571
5	48626527	596	481785
5	48710694	597	484500
5	48794485	598	481642
5	48878447	599	482142
5	48962563	600	483928
5	49046403	601	482000
5	49130544	602	483928
5	49214431	603	481785
5	49298529	604	484714
5	49382465	605	481857
5	49466382	606	482357
5	49550220	607	481857
5	49634333	608	483500
5	49718297	609	482571
5	49802299	610	484142
5	49886331	611	482428
5	49970248	612	482357
5	50054010	613	481142
5	50137942	614	481571
5	50221903	615	482357
5	50305959	616	484857
5	50389817	617	481000
5	50474031	618	484714
5	50557717	619	480428
5	50641815	620	484000
5	50725878	621	483357
5	50809766	622	482285
5	50893652	623	481428
5	50977663	624	482785
5	51061589	625	483428
5	51145468	626	480928
5	51229505	627	483071
5	51313612	628	485357
5	51397644	629	482428
5	51481612	630	482857
5	51565451	631	481928
5	51649433	632	482000
5	51733267	633	481142
5	51816955	634	480571
5	51901072	635	483785
5	51985083	636	482785
5	52068957	637	482857
5	52153096	638	483785
5	52237107	639	482785
5	52321085	640	484000
5	52405302	641	484642
5	52489158	642	481142
5	52573208	643	484428
5	52657201	644	482785
5	52741207	645	482428
5	52825124	646	482785
5	52909090	647	482428
5	52993022	648	481857
5	53076973	649	483642
5	53161094	650	484000
5	53245204	651	483571
5	53329049	652	482357
5	53412827	653	480000
5	53496968	654	484214
5	53580863	655	482785
5	53664881	656	483000
5	53748987	657	483285
5	53833065	658	484857
5	53916714	659	478642
5	54000678	660	482571
5	54084838	661	486000
5	54168665	662	480357
5	54252728	663	483357
5	54336675	664	483357
5	54420663	665	482428
5	54504830	666	484500
5	54588780	667	483571
5	54672578	668	479857
5	54756646	669	483714
5	54840848	670	485857
5	54924815	671	482500
5	55008930	672	483928
5	55092827	673	482928
5	55176938	674	483357
5	55260746	675	480857
5	55344672	676	483428
5	55428738	677	483285
5	55512957	678	485071
5	55596639	679	480142
5	55680253	680	477714
5	55764534	681	486357
5	55848580	682	484142
5	55932516	683	481857
5	56016662	684	484571
5	56100583	685	483071
5	56184332	686	479500
5	56268296	687	482571
5	56352264	688	483285
5	56436283	689	483071
5	56520320	690	483071
5	56604158	691	481857
5	56688231	692	483785
5	56772136	693	481500
5	56855953	694	481928
5	56940180	695	485357
5	57024368	696	484428
5	57108154	697	481285
5	57192043	698	481642
5	57276028	699	482500
5	57359950	700	483071
5	57443777	701	480357
5	57527767	702	482857
5	57611714	703	483357
5	57695728	704	482714
5	57779609	705	481357
5	57863587	706	484000
5	57947752	707	484071
5	58031628	708	481000
5	58115392	709	481285
5	58199209	710	481214
5	58283189	711	482142
5	58367297	712	485428
5	58451228	713	481500
5	58535189	714	482357
5	58619208	715	483785
5	58703530	716	485857
5	58787370	717	481571
5	58871158	718	481428
5	58955305	719	484357
5	59039313	720	482571
5	59123203	721	482428
5	59206985	722	480285
5	59290970	723	482500
5	59374840	724	482571
5	59458882	725	483142
5	59543023	726	484214
5	59626605	727	479285
5	59710672	728	483357
5	59794657	729	482500
5	59878495	730	481857
5	59962384	731	481642
5	60046681	732	485928
5	60130623	733	483000
5	60214746	734	484214
5	60298705	735	482214
5	60382704	736	483928
5	60466796	737	483571
5	60550729	738	481928
5	60634962	739	486500
5	60718732	740	479428
5	60802857	741	484642
5	60886726	742	482500
5	60970818	743	483571
5	61055011	744	484785
5	61138826	745	481785
5	61222899	746	483785
5	61306983	747	483285
5	61391090	748	485357
5	61475329	749	484642
5	61559351	750	483500
5	61643340	751	483214
5	61727416	752	484000
5	61811422	753	482428
5	61895236	754	481714
5	61979144	755	481428
5	62063160	756	483142
5	62147111	757	483642
5	62231537	758	487000
5	62315522	759	482500
5	62399468	760	483285
5	62483587	761	483928
5	62567470	762	481500
5	62651337	763	482357
5	62735326	764	482500
5	62819523	765	485071
5	62903650	766	485214
5	62987684	767	482571
5	63071776	768	483857
5	63155566	769	481571
5	63239240	770	478857
5	63323202	771	482428
5	63407148	772	483285
5	63491163	773	482785
5	63575255	774	483857
5	63658890	775	479928
5	63742844	776	481571
5	63826912	777	483714
5	63910828	778	482714
5	63994852	779	483428
5	64078832	780	482142
5	64162706	781	482857
5	64246710	782	482000
5	64330804	783	484000
5	64414803	784	483928
5	64498510	785	479642
5	64582360	786	480714
5	64666260	787	483142
5	64750390	788	483142
5	64834462	789	484000
5	64918570	790	485428
5	65002506	791	481857
5	65086590	792	483285
5	65170537	793	483357
5	65254607	794	483571
5	65338640	795	482785
5	65422562	796	483142
5	65506575	797	482642
5	65590456	798	481357
5	65674325	799	482500
5	65758180	800	480714
5	65842273	801	483928
5	65925935	802	480285
5	66009766	803	480642
5	66093595	804	480785
5	66177698	805	485071
5	66261811	806	483500
5	66345645	807	481142
5	66429440	808	481928
5	66513694	809	485714
5	66597851	810	483785
5	66681850	811	483928
5	66766103	812	485642
5	66849927	813	480428
5	66933822	814	482785
5	67017794	815	482857
5	67101793	816	481928
5	67185954	817	486071
5	67269969	818	482785
5	67353897	819	481571
5	67438005	820	485428
5	67521912	821	481357
5	67606025	822	483785
5	67690232	823	486214
5	67774511	824	485928
5	67858751	825	485000
5	67942749	826	483857
5	68026379	827	478857
5	68110359	828	482142
5	68194489	829	485428
5	68278159	830	478571
5	68362227	831	483714
5	68446149	832	483142
5	68529945	833	479714
5	68614069	834	484571
5	68697678	835	479642
5	68781453	836	479785
5	68865469	837	483142
5	68949234	838	481357
5	69033098	839	481428
5	69117046	840	481428
5	69200946	841	483142
5	69284851	842	481214
5	69368659	843	480857
5	69452471	844	481571
5	69536173	845	479285
5	69620610	846	488071
5	69704685	847	484642
5	69788665	848	481857
5	69872842	849	485214
5	69956556	850	480785
5	70040508	851	481428
5	70124470	852	482428
5	70208206	853	480857
5	70292116	854	481571
5	70376132	855	483142
5	70459767	856	479928
5	70543672	857	481214
5	70627506	858	481142
5	70711734	859	486142
5	70796091	860	486785
5	70879899	861	480857
5	70963788	862	482357
5	71047917	863	484642
5	71132100	864	484071
5	71215974	865	482857
5	71299754	866	480142
5	71383859	867	483214
5	71467551	868	480857
5	71551747	869	484714
5	71635836	870	483642
5	71719908	871	484428
5	71803799	872	481785
5	71887704	873	481500
5	71971626	874	483142
5	72055483	875	480928
5	72139391	876	481714
5	72223498	877	485357
5	72307294	878	479714
5	72391466	879	484857
5	72475491	880	484214
5	72559791	881	485857
5	72643698	882	481642
5	72727540	883	482142
5	72811453	884	481785
5	72895488	885	482928
5	72979332	886	482285
5	73063116	887	480428
5	73147044	888	481571
5	73230913	889	482500
5	73314950	890	482785
5	73399172	891	485285
5	73483114	892	483000
5	73567024	893	481571
5	73651092	894	483714
5	73735166	895	484571
5	73819131	896	482357
5	73903142	897	482785
5	73987193	898	484500
5	74071259	899	483285
5	74155323	900	483357
5	74239166	901	482214
5	74323283	902	483785
5	74407191	903	481714
5	74491141	904	483571
5	74575046	905	481214
5	74659111	906	483500
5	74743313	907	485857
5	74827670	908	486785
5	74911603	909	481928
5	74995370	910	481500
5	75079145	911	479785
5	75163216	912	483928
5	75246868	913	479571
5	75331016	914	484428
5	75415157	915	484214
5	75499567	916	488142
5	75583586	917	483071
5	75667466	918	481357
5	75751411	919	483142
5	75835449	920	482857
5	75919439	921	482857
5	76003100	922	480214
5	76086937	923	481071
5	76170766	924	480785
5	76254729	925	482928
5	76338355	926	478571
5	76422290	927	482071
5	76506025	928	480785
5	76590070	929	483357
5	76674367	930	485928
5	76758054	931	480500
5	76841699	932	478357
5	76925559	933	481428
5	77009273	934	480857
5	77093156	935	481214
5	77177089	936	481928
5	77261041	937	483714
5	77345235	938	484571
5	77429113	939	481142
5	77513138	940	484214
5	77596861	941	479214
5	77681033	942	484857
5	77764796	943	481214
5	77848812	944	482857
5	77932771	945	482214
5	78016745	946	483714
5	78100852	947	483071
5	78185081	948	485785
5	78268825	949	481428
5	78352913	950	483214
5	78436873	951	482285
5	78520710	952	481785
5	78604464	953	479857
5	78688922	954	488000
5	78772708	955	481285
5	78856701	956	482785
5	78940608	957	481642
5	79024503	958	482785
5	79108834	959	486500
5	79192788	960	481857
5	79276839	961	484500
5	79360875	962	482714
5	79444890	963	483071
5	79528755	964	482214
5	79612638	965	481214
5	79696342	966	479714
5	79779956	967	480000
5	79863903	968	481071
5	79947638	969	480357
5	80031478	970	482000
5	80115526	971	483571
5	80199631	972	483214
5	80283661	973	484571
5	80367906	974	485071
5	80451972	975	483571
5	80535992	976	483857
5	80620188	977	484714
5	80703996	978	480857
5	80787674	979	479857
5	80871806	980	484857
5	80955807	981	482071
5	81039728	982	483071
5	81123404	983	479000
5	81207207	984	480500
5	81291058	985	482785
5	81375048	986	482571
5	81459002	987	481857
5	81542822	988	482142
5	81626838	989	482857
5	81710714	990	481000
5	81794717	991	484214
5	81878597	992	481000
5	81962634	993	483071
5	82046446	994	481571
5	82130569	995	484214
5	82214684	996	483928
5	82298896	997	486571
5	82382692	998	479714
5	82466760	999	483714
6	44765640	550	20
6	48962561	600	20
6	53161092	650	20
6	57359948	700	20
6	61559349	750	20
6	65758178	800	20
6	69956554	850	20
6	74155321	900	20
6	78352911	950	20
6	82550467	1000	20
7	44765640	550	0
7	48962561	600	0
7	53161092	650	0
7	57359948	700	0
7	61559349	750	0
7	65758178	800	0
7	69956554	850	0
7	74155321	900	0
7	78352911	950	0
7	82550467	1000	0
