version 2
run PerfectCC-1-20100909-16:35:34-3228
attr configname PerfectCC
attr datetime 20100909-16:35:34
attr delay 200ms
attr experiment PerfectCC
attr inifile D:/Developement/Oversim2/multic/simulations/omnetpp.ini
attr iterationvars $delay=200ms
attr iterationvars2 "$delay=200ms, $repetition=0"
attr measurement $delay=200ms
attr network oversim.underlay.simpleunderlay.SimpleUnderlayNetwork
attr processid 3228
attr repetition 0
attr replication #0
attr resultdir results
attr runnumber 1
attr seedset 1

vector 1  SimpleUnderlayNetwork.globalObserver.globalStatistics  incoming_bytes  ETV
vector 2  SimpleUnderlayNetwork.globalObserver.globalStatistics  drops  ETV
vector 3  SimpleUnderlayNetwork.globalObserver.globalStatistics  delayed_acks  ETV
vector 4  SimpleUnderlayNetwork.globalObserver.globalStatistics  timetotimeouts  ETV
vector 5  SimpleUnderlayNetwork.globalObserver.globalStatistics  rate  ETV
vector 6  SimpleUnderlayNetwork.globalObserver.globalStatistics  "GlobalNodeList: Number of nodes"  ETV
vector 7  SimpleUnderlayNetwork.globalObserver.globalStatistics  "GlobalNodeList: Number of bootstrapped malicious nodes"  ETV
1	41988926	520	88722
1	42072593	521	88722
1	42156499	522	89676
1	42240726	523	90100
1	42324555	524	88669
1	42408568	525	90047
1	42492645	526	89464
1	42576398	527	88881
1	42660350	528	89782
1	42744366	529	89252
1	42828069	530	88722
1	42911987	531	89729
1	42995900	532	89093
1	43079868	533	89517
1	43163825	534	89464
1	43247822	535	89570
1	43331667	536	88934
1	43415679	537	90047
1	43499843	538	89782
1	43583912	539	89517
1	43667875	540	89305
1	43751553	541	88616
1	43835318	542	89411
1	43919062	543	88775
1	44002932	544	89305
1	44086510	545	88351
1	44170596	546	90365
1	44254487	547	88775
1	44338294	548	89305
1	44422111	549	89040
1	44505687	550	88298
1	44589419	551	89305
1	44673058	552	88457
1	44756699	553	89146
1	44840386	554	88669
1	44924026	555	88828
1	45008089	556	90047
1	45091747	557	87980
1	45175717	558	90259
1	45259586	559	88510
1	45343237	560	89093
1	45427129	561	89411
1	45510800	562	88404
1	45594319	563	88775
1	45678222	564	89570
1	45762039	565	88934
1	45845880	566	89411
1	45929849	567	89411
1	46013513	568	88457
1	46097406	569	89729
1	46181636	570	90047
1	46265751	571	89888
1	46349577	572	88616
1	46433097	573	88563
1	46517137	574	90153
1	46600754	575	87768
1	46684425	576	89570
1	46768388	577	89517
1	46852063	578	88510
1	46935850	579	89464
1	47019957	580	89835
1	47103879	581	89040
1	47187710	582	89305
1	47271310	583	88404
1	47354956	584	88934
1	47438738	585	88987
1	47522495	586	89146
1	47606306	587	89093
1	47690021	588	88934
1	47774024	589	89835
1	47857854	590	88669
1	47941588	591	89252
1	48025545	592	89570
1	48109214	593	88457
1	48192971	594	89305
1	48277120	595	90100
1	48360657	596	87556
1	48444533	597	90206
1	48528632	598	89358
1	48612569	599	89464
1	48696641	600	89888
1	48780598	601	88987
1	48864081	602	88139
1	48947895	603	89729
1	49031927	604	89623
1	49115626	605	88457
1	49199265	606	89040
1	49283167	607	89411
1	49366955	608	88775
1	49450738	609	89411
1	49534543	610	88881
1	49618248	611	88934
1	49701907	612	88775
1	49785706	613	89305
1	49869463	614	88828
1	49953508	615	90153
1	50037509	616	89305
1	50121349	617	89040
1	50205135	618	89093
1	50288975	619	89305
1	50372880	620	89411
1	50456673	621	88934
1	50540539	622	89464
1	50624192	623	88245
1	50708022	624	89782
1	50792027	625	89411
1	50875606	626	88139
1	50959166	627	88881
1	51042946	628	89146
1	51126759	629	89040
1	51210455	630	89093
1	51294317	631	89146
1	51377800	632	87927
1	51461448	633	89464
1	51545296	634	89093
1	51628926	635	88351
1	51712656	636	89358
1	51796533	637	89199
1	51880428	638	89358
1	51964134	639	88563
1	52048085	640	89994
1	52132102	641	89358
1	52216057	642	89464
1	52300167	643	89994
1	52384001	644	88669
1	52467769	645	89146
1	52551697	646	89623
1	52635461	647	88722
1	52719486	648	90100
1	52803429	649	88987
1	52887328	650	89464
1	52971483	651	90100
1	53055570	652	89570
1	53139439	653	89146
1	53223266	654	89146
1	53307091	655	89146
1	53390893	656	89093
1	53474992	657	89994
1	53558994	658	89252
1	53642926	659	89464
1	53726609	660	88404
1	53810644	661	90259
1	53894403	662	88351
1	53978361	663	90100
1	54062545	664	89835
1	54146496	665	89146
1	54230382	666	89305
1	54314577	667	90418
1	54398609	668	89093
1	54482698	669	89888
1	54566509	670	88563
1	54650503	671	89994
1	54734470	672	89199
1	54818325	673	89358
1	54902111	674	88934
1	54985890	675	89093
1	55069789	676	89411
1	55153948	677	90206
1	55238069	678	89464
1	55322006	679	89411
1	55406036	680	89782
1	55489835	681	88669
1	55573680	682	89517
1	55657580	683	89199
1	55741595	684	89729
1	55825208	685	88086
1	55908858	686	89146
1	55992594	687	88616
1	56076456	688	89782
1	56160383	689	89146
1	56243801	690	87821
1	56327586	691	89623
1	56411121	692	87821
1	56494804	693	89411
1	56578768	694	89676
1	56662700	695	89199
1	56746401	696	88722
1	56830359	697	89676
1	56914012	698	88351
1	56997899	699	89623
1	57081833	700	89358
1	57165896	701	89729
1	57249748	702	89146
1	57333625	703	89199
1	57417079	704	87874
1	57500811	705	89570
1	57584607	706	88828
1	57668423	707	89358
1	57752281	708	89199
1	57836164	709	89252
1	57919985	710	88934
1	58003956	711	89888
1	58087982	712	89623
1	58171845	713	88934
1	58255663	714	89199
1	58339614	715	89570
1	58423444	716	88881
1	58507400	717	89729
1	58591513	718	89888
1	58675588	719	89570
1	58759538	720	89305
1	58843413	721	89199
1	58927092	722	88563
1	59011053	723	89888
1	59095018	724	89411
1	59178926	725	89305
1	59262880	726	89252
1	59346687	727	89252
1	59430605	728	89252
1	59514381	729	89093
1	59598396	730	89729
1	59682217	731	88722
1	59766062	732	89517
1	59850040	733	89411
1	59933437	734	87609
1	60017084	735	89358
1	60100857	736	88934
1	60184655	737	89199
1	60268413	738	89040
1	60352240	739	89252
1	60435882	740	88457
1	60519656	741	89411
1	60603597	742	89252
1	60687357	743	88775
1	60771343	744	89888
1	60855311	745	89252
1	60939044	746	88775
1	61022971	747	89782
1	61107083	748	89888
1	61190943	749	88775
1	61274781	750	89517
1	61358903	751	89941
1	61442828	752	88987
1	61526504	753	88881
1	61610719	754	90471
1	61694603	755	88616
1	61778446	756	89517
1	61862362	757	89358
1	61946149	758	88881
1	62030157	759	89782
1	62114114	760	89305
1	62197911	761	89146
1	62281788	762	89358
1	62365600	763	88987
1	62449189	764	88457
1	62533016	765	89358
1	62616900	766	89305
1	62700826	767	89358
1	62784800	768	89517
1	62868752	769	89411
1	62952756	770	89570
1	63036560	771	88828
1	63120427	772	89411
1	63204035	773	88351
1	63287948	774	89888
1	63372081	775	89941
1	63455860	776	88510
1	63539625	777	89199
1	63623675	778	89835
1	63707553	779	88987
1	63791249	780	88881
1	63875195	781	89623
1	63958900	782	88616
1	64042724	783	89464
1	64126725	784	89623
1	64210698	785	89305
1	64294473	786	88828
1	64378251	787	89252
1	64461837	788	88351
1	64545704	789	89729
1	64629454	790	88563
1	64713299	791	89623
1	64797202	792	89040
1	64880900	793	88722
1	64964640	794	89199
1	65048622	795	89570
1	65132633	796	89623
1	65216723	797	89676
1	65300509	798	88722
1	65384491	799	89941
1	65468217	800	88351
1	65551790	801	88828
1	65635860	802	90206
1	65719963	803	89517
1	65803760	804	89146
1	65887821	805	89729
1	65971533	806	88351
1	66055571	807	90365
1	66139543	808	89040
1	66223345	809	89093
1	66306947	810	88510
1	66390783	811	89570
1	66474595	812	88987
1	66558507	813	89358
1	66642560	814	89676
1	66726398	815	89040
1	66810129	816	88881
1	66894058	817	89729
1	66977753	818	88404
1	67061525	819	89464
1	67145365	820	89040
1	67229037	821	88722
1	67313024	822	89994
1	67396960	823	89093
1	67480681	824	88881
1	67564669	825	89782
1	67648388	826	88351
1	67732142	827	89464
1	67816093	828	89464
1	67900120	829	89676
1	67983970	830	88881
1	68067756	831	89199
1	68151618	832	89358
1	68235463	833	89146
1	68319149	834	88563
1	68403047	835	89782
1	68486964	836	89305
1	68571029	837	89729
1	68655040	838	89411
1	68738798	839	88881
1	68822591	840	89199
1	68906632	841	89835
1	68990632	842	89464
1	69074412	843	88828
1	69158257	844	89411
1	69241933	845	88510
1	69325634	846	89146
1	69409533	847	89517
1	69493459	848	89305
1	69577194	849	88722
1	69661196	850	90100
1	69745102	851	88775
1	69829001	852	89729
1	69913014	853	89517
1	69996783	854	88987
1	70080606	855	89146
1	70164520	856	89358
1	70247936	857	87556
1	70331591	858	89623
1	70415580	859	89358
1	70499463	860	89252
1	70583364	861	89305
1	70667271	862	89358
1	70751111	863	89146
1	70834864	864	88934
1	70918695	865	89464
1	71002629	866	89252
1	71086479	867	89093
1	71170290	868	89146
1	71254318	869	89835
1	71338436	870	89676
1	71422419	871	89464
1	71506312	872	89093
1	71590119	873	89305
1	71674039	874	89411
1	71758102	875	89623
1	71841913	876	88934
1	71925943	877	89994
1	72009971	878	89411
1	72093979	879	89570
1	72178119	880	90100
1	72262160	881	89358
1	72345867	882	88722
1	72429603	883	88987
1	72513452	884	89358
1	72597426	885	89411
1	72681440	886	89676
1	72765414	887	89358
1	72849115	888	88563
1	72932968	889	89676
1	73016812	890	88987
1	73100493	891	88722
1	73184269	892	89305
1	73268123	893	89146
1	73352181	894	89941
1	73436458	895	90153
1	73520316	896	88775
1	73604305	897	89888
1	73688224	898	89040
1	73772002	899	89199
1	73856069	900	89835
1	73939887	901	88722
1	74023638	902	89199
1	74107517	903	89252
1	74191318	904	89146
1	74275076	905	88722
1	74358739	906	88881
1	74442738	907	89835
1	74526553	908	88722
1	74610406	909	89729
1	74694453	910	89570
1	74778149	911	88510
1	74861973	912	89411
1	74946010	913	89835
1	75029727	914	88404
1	75113510	915	89676
1	75197464	916	89040
1	75281104	917	88669
1	75364955	918	89517
1	75448802	919	89093
1	75532794	920	89676
1	75616649	921	88881
1	75700519	922	89464
1	75784481	923	89517
1	75868465	924	89358
1	75952408	925	89517
1	76036425	926	89623
1	76120540	927	89994
1	76204455	928	89040
1	76288080	929	88563
1	76371888	930	89411
1	76455786	931	89199
1	76539266	932	87980
1	76623043	933	89729
1	76707175	934	89888
1	76790944	935	88351
1	76874638	936	89305
1	76958644	937	89676
1	77042455	938	88828
1	77126326	939	89517
1	77210260	940	89411
1	77294285	941	89782
1	77378309	942	89464
1	77462114	943	88828
1	77545673	944	88563
1	77629569	945	89676
1	77713432	946	88881
1	77797176	947	89093
1	77881152	948	89517
1	77965090	949	89305
1	78049068	950	89517
1	78133091	951	89517
1	78217102	952	89676
1	78300872	953	88669
1	78384725	954	89835
1	78468825	955	89464
1	78552616	956	88828
1	78636515	957	89729
1	78720500	958	89358
1	78804501	959	89570
1	78888468	960	89252
1	78972515	961	90047
1	79056441	962	89040
1	79140380	963	89464
1	79224486	964	89782
1	79308317	965	89040
1	79392265	966	89570
1	79476436	967	89994
1	79560403	968	89199
1	79644559	969	90206
1	79728584	970	89252
1	79812627	971	89835
1	79896554	972	89040
1	79980577	973	89835
1	80064480	974	89146
1	80148398	975	89464
1	80232324	976	89411
1	80316194	977	89199
1	80400085	978	89305
1	80483875	979	88987
1	80567777	980	89570
1	80651892	981	89729
1	80736007	982	89835
1	80819857	983	88828
1	80903524	984	88828
1	80987539	985	89994
1	81071336	986	88510
1	81155396	987	90259
1	81239473	988	89464
1	81323224	989	88722
1	81407106	990	89570
1	81491270	991	90100
1	81575169	992	88881
1	81659064	993	89464
1	81742974	994	89305
1	81826812	995	89305
1	81910896	996	89835
1	81994600	997	88351
1	82078413	998	89570
1	82162478	999	89729
2	41988926	520	3
2	42072593	521	12
2	42156499	522	17
2	42240726	523	12
2	42324555	524	10
2	42408568	525	9
2	42492645	526	12
2	42576398	527	6
2	42660350	528	15
2	42744366	529	13
2	42828069	530	7
2	42911987	531	12
2	42995900	532	16
2	43079868	533	19
2	43163825	534	5
2	43247822	535	6
2	43331667	536	12
2	43415679	537	9
2	43499843	538	5
2	43583912	539	16
2	43667875	540	22
2	43751553	541	4
2	43835318	542	8
2	43919062	543	12
2	44002932	544	13
2	44086510	545	16
2	44170596	546	12
2	44254487	547	10
2	44338294	548	11
2	44422111	549	18
2	44505687	550	15
2	44589419	551	14
2	44673058	552	9
2	44756699	553	7
2	44840386	554	10
2	44924026	555	13
2	45008089	556	18
2	45091747	557	16
2	45175717	558	20
2	45259586	559	13
2	45343237	560	9
2	45427129	561	12
2	45510800	562	11
2	45594319	563	12
2	45678222	564	8
2	45762039	565	12
2	45845880	566	11
2	45929849	567	5
2	46013513	568	21
2	46097406	569	6
2	46181636	570	8
2	46265751	571	12
2	46349577	572	13
2	46433097	573	11
2	46517137	574	12
2	46600754	575	11
2	46684425	576	6
2	46768388	577	3
2	46852063	578	12
2	46935850	579	12
2	47019957	580	6
2	47103879	581	20
2	47187710	582	8
2	47271310	583	13
2	47354956	584	16
2	47438738	585	7
2	47522495	586	14
2	47606306	587	9
2	47690021	588	7
2	47774024	589	9
2	47857854	590	23
2	47941588	591	2
2	48025545	592	15
2	48109214	593	12
2	48192971	594	6
2	48277120	595	14
2	48360657	596	23
2	48444533	597	12
2	48528632	598	14
2	48612569	599	10
2	48696641	600	9
2	48780598	601	17
2	48864081	602	12
2	48947895	603	9
2	49031927	604	4
2	49115626	605	13
2	49199265	606	10
2	49283167	607	14
2	49366955	608	11
2	49450738	609	10
2	49534543	610	8
2	49618248	611	16
2	49701907	612	10
2	49785706	613	7
2	49869463	614	9
2	49953508	615	8
2	50037509	616	8
2	50121349	617	5
2	50205135	618	9
2	50288975	619	11
2	50372880	620	10
2	50456673	621	11
2	50540539	622	13
2	50624192	623	11
2	50708022	624	10
2	50792027	625	12
2	50875606	626	17
2	50959166	627	6
2	51042946	628	12
2	51126759	629	9
2	51210455	630	13
2	51294317	631	18
2	51377800	632	15
2	51461448	633	9
2	51545296	634	7
2	51628926	635	23
2	51712656	636	17
2	51796533	637	1
2	51880428	638	18
2	51964134	639	14
2	52048085	640	5
2	52132102	641	7
2	52216057	642	8
2	52300167	643	15
2	52384001	644	8
2	52467769	645	11
2	52551697	646	11
2	52635461	647	6
2	52719486	648	6
2	52803429	649	9
2	52887328	650	11
2	52971483	651	9
2	53055570	652	6
2	53139439	653	9
2	53223266	654	8
2	53307091	655	16
2	53390893	656	8
2	53474992	657	13
2	53558994	658	16
2	53642926	659	13
2	53726609	660	13
2	53810644	661	9
2	53894403	662	15
2	53978361	663	10
2	54062545	664	2
2	54146496	665	14
2	54230382	666	11
2	54314577	667	11
2	54398609	668	8
2	54482698	669	28
2	54566509	670	11
2	54650503	671	11
2	54734470	672	13
2	54818325	673	6
2	54902111	674	10
2	54985890	675	17
2	55069789	676	4
2	55153948	677	9
2	55238069	678	7
2	55322006	679	7
2	55406036	680	10
2	55489835	681	15
2	55573680	682	9
2	55657580	683	12
2	55741595	684	20
2	55825208	685	11
2	55908858	686	16
2	55992594	687	15
2	56076456	688	6
2	56160383	689	18
2	56243801	690	16
2	56327586	691	21
2	56411121	692	9
2	56494804	693	14
2	56578768	694	6
2	56662700	695	16
2	56746401	696	17
2	56830359	697	18
2	56914012	698	11
2	56997899	699	12
2	57081833	700	10
2	57165896	701	5
2	57249748	702	17
2	57333625	703	18
2	57417079	704	10
2	57500811	705	13
2	57584607	706	11
2	57668423	707	10
2	57752281	708	6
2	57836164	709	11
2	57919985	710	9
2	58003956	711	9
2	58087982	712	10
2	58171845	713	17
2	58255663	714	7
2	58339614	715	9
2	58423444	716	19
2	58507400	717	10
2	58591513	718	8
2	58675588	719	14
2	58759538	720	6
2	58843413	721	13
2	58927092	722	12
2	59011053	723	12
2	59095018	724	5
2	59178926	725	8
2	59262880	726	15
2	59346687	727	14
2	59430605	728	11
2	59514381	729	12
2	59598396	730	8
2	59682217	731	14
2	59766062	732	11
2	59850040	733	19
2	59933437	734	16
2	60017084	735	12
2	60100857	736	12
2	60184655	737	8
2	60268413	738	9
2	60352240	739	8
2	60435882	740	18
2	60519656	741	8
2	60603597	742	22
2	60687357	743	16
2	60771343	744	7
2	60855311	745	15
2	60939044	746	8
2	61022971	747	6
2	61107083	748	10
2	61190943	749	7
2	61274781	750	5
2	61358903	751	7
2	61442828	752	11
2	61526504	753	17
2	61610719	754	14
2	61694603	755	5
2	61778446	756	11
2	61862362	757	9
2	61946149	758	10
2	62030157	759	9
2	62114114	760	15
2	62197911	761	3
2	62281788	762	14
2	62365600	763	16
2	62449189	764	15
2	62533016	765	14
2	62616900	766	13
2	62700826	767	4
2	62784800	768	17
2	62868752	769	7
2	62952756	770	16
2	63036560	771	18
2	63120427	772	11
2	63204035	773	8
2	63287948	774	3
2	63372081	775	9
2	63455860	776	13
2	63539625	777	19
2	63623675	778	7
2	63707553	779	8
2	63791249	780	13
2	63875195	781	11
2	63958900	782	11
2	64042724	783	7
2	64126725	784	6
2	64210698	785	21
2	64294473	786	8
2	64378251	787	9
2	64461837	788	15
2	64545704	789	9
2	64629454	790	13
2	64713299	791	19
2	64797202	792	14
2	64880900	793	15
2	64964640	794	9
2	65048622	795	6
2	65132633	796	13
2	65216723	797	14
2	65300509	798	8
2	65384491	799	11
2	65468217	800	14
2	65551790	801	9
2	65635860	802	6
2	65719963	803	8
2	65803760	804	9
2	65887821	805	10
2	65971533	806	16
2	66055571	807	8
2	66139543	808	8
2	66223345	809	18
2	66306947	810	9
2	66390783	811	13
2	66474595	812	4
2	66558507	813	14
2	66642560	814	6
2	66726398	815	24
2	66810129	816	4
2	66894058	817	11
2	66977753	818	9
2	67061525	819	10
2	67145365	820	13
2	67229037	821	4
2	67313024	822	10
2	67396960	823	7
2	67480681	824	11
2	67564669	825	20
2	67648388	826	13
2	67732142	827	7
2	67816093	828	4
2	67900120	829	9
2	67983970	830	10
2	68067756	831	12
2	68151618	832	10
2	68235463	833	12
2	68319149	834	18
2	68403047	835	2
2	68486964	836	11
2	68571029	837	6
2	68655040	838	9
2	68738798	839	9
2	68822591	840	14
2	68906632	841	3
2	68990632	842	14
2	69074412	843	6
2	69158257	844	15
2	69241933	845	6
2	69325634	846	14
2	69409533	847	4
2	69493459	848	5
2	69577194	849	12
2	69661196	850	9
2	69745102	851	10
2	69829001	852	11
2	69913014	853	9
2	69996783	854	7
2	70080606	855	17
2	70164520	856	13
2	70247936	857	20
2	70331591	858	9
2	70415580	859	7
2	70499463	860	15
2	70583364	861	7
2	70667271	862	11
2	70751111	863	10
2	70834864	864	7
2	70918695	865	9
2	71002629	866	10
2	71086479	867	20
2	71170290	868	11
2	71254318	869	11
2	71338436	870	10
2	71422419	871	7
2	71506312	872	15
2	71590119	873	6
2	71674039	874	3
2	71758102	875	17
2	71841913	876	9
2	71925943	877	9
2	72009971	878	6
2	72093979	879	7
2	72178119	880	7
2	72262160	881	14
2	72345867	882	9
2	72429603	883	11
2	72513452	884	10
2	72597426	885	19
2	72681440	886	6
2	72765414	887	14
2	72849115	888	9
2	72932968	889	9
2	73016812	890	10
2	73100493	891	19
2	73184269	892	8
2	73268123	893	7
2	73352181	894	2
2	73436458	895	17
2	73520316	896	8
2	73604305	897	8
2	73688224	898	7
2	73772002	899	14
2	73856069	900	7
2	73939887	901	19
2	74023638	902	12
2	74107517	903	7
2	74191318	904	17
2	74275076	905	15
2	74358739	906	14
2	74442738	907	8
2	74526553	908	7
2	74610406	909	11
2	74694453	910	10
2	74778149	911	8
2	74861973	912	15
2	74946010	913	11
2	75029727	914	7
2	75113510	915	12
2	75197464	916	7
2	75281104	917	16
2	75364955	918	11
2	75448802	919	5
2	75532794	920	10
2	75616649	921	12
2	75700519	922	11
2	75784481	923	10
2	75868465	924	13
2	75952408	925	7
2	76036425	926	5
2	76120540	927	5
2	76204455	928	6
2	76288080	929	15
2	76371888	930	12
2	76455786	931	13
2	76539266	932	20
2	76623043	933	3
2	76707175	934	18
2	76790944	935	13
2	76874638	936	8
2	76958644	937	8
2	77042455	938	8
2	77126326	939	7
2	77210260	940	7
2	77294285	941	5
2	77378309	942	10
2	77462114	943	16
2	77545673	944	14
2	77629569	945	15
2	77713432	946	8
2	77797176	947	25
2	77881152	948	10
2	77965090	949	14
2	78049068	950	10
2	78133091	951	6
2	78217102	952	12
2	78300872	953	8
2	78384725	954	7
2	78468825	955	7
2	78552616	956	16
2	78636515	957	9
2	78720500	958	6
2	78804501	959	14
2	78888468	960	9
2	78972515	961	9
2	79056441	962	7
2	79140380	963	14
2	79224486	964	12
2	79308317	965	6
2	79392265	966	14
2	79476436	967	5
2	79560403	968	9
2	79644559	969	17
2	79728584	970	4
2	79812627	971	9
2	79896554	972	14
2	79980577	973	12
2	80064480	974	6
2	80148398	975	10
2	80232324	976	8
2	80316194	977	12
2	80400085	978	6
2	80483875	979	12
2	80567777	980	9
2	80651892	981	9
2	80736007	982	15
2	80819857	983	18
2	80903524	984	13
2	80987539	985	2
2	81071336	986	12
2	81155396	987	11
2	81239473	988	13
2	81323224	989	9
2	81407106	990	11
2	81491270	991	4
2	81575169	992	14
2	81659064	993	7
2	81742974	994	8
2	81826812	995	7
2	81910896	996	14
2	81994600	997	17
2	82078413	998	9
2	82162478	999	8
3	41988926	520	6
3	42072593	521	2
3	42156499	522	1
3	42240726	523	1
3	42324555	524	4
3	42408568	525	6
3	42492645	526	5
3	42576398	527	5
3	42660350	528	5
3	42744366	529	4
3	42828069	530	3
3	42911987	531	4
3	42995900	532	0
3	43079868	533	3
3	43163825	534	2
3	43247822	535	3
3	43331667	536	2
3	43415679	537	5
3	43499843	538	3
3	43583912	539	2
3	43667875	540	3
3	43751553	541	2
3	43835318	542	1
3	43919062	543	4
3	44002932	544	4
3	44086510	545	5
3	44170596	546	2
3	44254487	547	3
3	44338294	548	2
3	44422111	549	3
3	44505687	550	4
3	44589419	551	5
3	44673058	552	4
3	44756699	553	2
3	44840386	554	7
3	44924026	555	4
3	45008089	556	3
3	45091747	557	0
3	45175717	558	6
3	45259586	559	7
3	45343237	560	4
3	45427129	561	6
3	45510800	562	2
3	45594319	563	2
3	45678222	564	2
3	45762039	565	2
3	45845880	566	5
3	45929849	567	2
3	46013513	568	4
3	46097406	569	4
3	46181636	570	5
3	46265751	571	4
3	46349577	572	2
3	46433097	573	2
3	46517137	574	2
3	46600754	575	3
3	46684425	576	1
3	46768388	577	6
3	46852063	578	1
3	46935850	579	3
3	47019957	580	6
3	47103879	581	3
3	47187710	582	4
3	47271310	583	2
3	47354956	584	2
3	47438738	585	6
3	47522495	586	2
3	47606306	587	6
3	47690021	588	4
3	47774024	589	3
3	47857854	590	3
3	47941588	591	3
3	48025545	592	2
3	48109214	593	5
3	48192971	594	4
3	48277120	595	3
3	48360657	596	3
3	48444533	597	7
3	48528632	598	0
3	48612569	599	1
3	48696641	600	7
3	48780598	601	2
3	48864081	602	1
3	48947895	603	3
3	49031927	604	1
3	49115626	605	3
3	49199265	606	0
3	49283167	607	6
3	49366955	608	4
3	49450738	609	3
3	49534543	610	1
3	49618248	611	3
3	49701907	612	4
3	49785706	613	3
3	49869463	614	4
3	49953508	615	0
3	50037509	616	6
3	50121349	617	6
3	50205135	618	2
3	50288975	619	3
3	50372880	620	1
3	50456673	621	2
3	50540539	622	0
3	50624192	623	2
3	50708022	624	2
3	50792027	625	4
3	50875606	626	4
3	50959166	627	3
3	51042946	628	2
3	51126759	629	2
3	51210455	630	2
3	51294317	631	1
3	51377800	632	7
3	51461448	633	8
3	51545296	634	5
3	51628926	635	2
3	51712656	636	4
3	51796533	637	4
3	51880428	638	4
3	51964134	639	2
3	52048085	640	0
3	52132102	641	6
3	52216057	642	6
3	52300167	643	3
3	52384001	644	2
3	52467769	645	2
3	52551697	646	5
3	52635461	647	4
3	52719486	648	9
3	52803429	649	2
3	52887328	650	3
3	52971483	651	4
3	53055570	652	3
3	53139439	653	2
3	53223266	654	3
3	53307091	655	2
3	53390893	656	4
3	53474992	657	4
3	53558994	658	1
3	53642926	659	3
3	53726609	660	3
3	53810644	661	5
3	53894403	662	2
3	53978361	663	3
3	54062545	664	3
3	54146496	665	3
3	54230382	666	2
3	54314577	667	4
3	54398609	668	3
3	54482698	669	6
3	54566509	670	4
3	54650503	671	2
3	54734470	672	5
3	54818325	673	2
3	54902111	674	8
3	54985890	675	5
3	55069789	676	6
3	55153948	677	2
3	55238069	678	7
3	55322006	679	1
3	55406036	680	5
3	55489835	681	3
3	55573680	682	6
3	55657580	683	2
3	55741595	684	2
3	55825208	685	3
3	55908858	686	6
3	55992594	687	6
3	56076456	688	3
3	56160383	689	3
3	56243801	690	4
3	56327586	691	6
3	56411121	692	7
3	56494804	693	1
3	56578768	694	4
3	56662700	695	5
3	56746401	696	6
3	56830359	697	8
3	56914012	698	7
3	56997899	699	1
3	57081833	700	2
3	57165896	701	5
3	57249748	702	3
3	57333625	703	6
3	57417079	704	4
3	57500811	705	3
3	57584607	706	1
3	57668423	707	5
3	57752281	708	6
3	57836164	709	6
3	57919985	710	4
3	58003956	711	2
3	58087982	712	3
3	58171845	713	2
3	58255663	714	5
3	58339614	715	3
3	58423444	716	6
3	58507400	717	2
3	58591513	718	1
3	58675588	719	4
3	58759538	720	4
3	58843413	721	4
3	58927092	722	10
3	59011053	723	3
3	59095018	724	0
3	59178926	725	11
3	59262880	726	2
3	59346687	727	4
3	59430605	728	2
3	59514381	729	6
3	59598396	730	7
3	59682217	731	2
3	59766062	732	1
3	59850040	733	6
3	59933437	734	3
3	60017084	735	2
3	60100857	736	1
3	60184655	737	4
3	60268413	738	2
3	60352240	739	3
3	60435882	740	4
3	60519656	741	4
3	60603597	742	3
3	60687357	743	2
3	60771343	744	5
3	60855311	745	5
3	60939044	746	5
3	61022971	747	3
3	61107083	748	4
3	61190943	749	6
3	61274781	750	3
3	61358903	751	3
3	61442828	752	3
3	61526504	753	3
3	61610719	754	5
3	61694603	755	2
3	61778446	756	4
3	61862362	757	2
3	61946149	758	4
3	62030157	759	2
3	62114114	760	1
3	62197911	761	6
3	62281788	762	3
3	62365600	763	2
3	62449189	764	2
3	62533016	765	2
3	62616900	766	4
3	62700826	767	4
3	62784800	768	4
3	62868752	769	2
3	62952756	770	3
3	63036560	771	4
3	63120427	772	3
3	63204035	773	4
3	63287948	774	3
3	63372081	775	2
3	63455860	776	5
3	63539625	777	3
3	63623675	778	2
3	63707553	779	1
3	63791249	780	5
3	63875195	781	5
3	63958900	782	4
3	64042724	783	2
3	64126725	784	1
3	64210698	785	2
3	64294473	786	2
3	64378251	787	5
3	64461837	788	8
3	64545704	789	7
3	64629454	790	6
3	64713299	791	5
3	64797202	792	3
3	64880900	793	3
3	64964640	794	2
3	65048622	795	3
3	65132633	796	4
3	65216723	797	2
3	65300509	798	5
3	65384491	799	1
3	65468217	800	1
3	65551790	801	4
3	65635860	802	3
3	65719963	803	3
3	65803760	804	3
3	65887821	805	3
3	65971533	806	4
3	66055571	807	2
3	66139543	808	5
3	66223345	809	1
3	66306947	810	4
3	66390783	811	3
3	66474595	812	3
3	66558507	813	4
3	66642560	814	2
3	66726398	815	5
3	66810129	816	5
3	66894058	817	3
3	66977753	818	4
3	67061525	819	1
3	67145365	820	2
3	67229037	821	0
3	67313024	822	3
3	67396960	823	3
3	67480681	824	2
3	67564669	825	6
3	67648388	826	1
3	67732142	827	2
3	67816093	828	2
3	67900120	829	9
3	67983970	830	5
3	68067756	831	4
3	68151618	832	5
3	68235463	833	3
3	68319149	834	3
3	68403047	835	3
3	68486964	836	3
3	68571029	837	4
3	68655040	838	3
3	68738798	839	4
3	68822591	840	4
3	68906632	841	0
3	68990632	842	3
3	69074412	843	3
3	69158257	844	3
3	69241933	845	1
3	69325634	846	1
3	69409533	847	6
3	69493459	848	0
3	69577194	849	4
3	69661196	850	5
3	69745102	851	3
3	69829001	852	4
3	69913014	853	3
3	69996783	854	3
3	70080606	855	4
3	70164520	856	3
3	70247936	857	1
3	70331591	858	1
3	70415580	859	3
3	70499463	860	3
3	70583364	861	5
3	70667271	862	2
3	70751111	863	0
3	70834864	864	6
3	70918695	865	7
3	71002629	866	3
3	71086479	867	9
3	71170290	868	5
3	71254318	869	2
3	71338436	870	7
3	71422419	871	4
3	71506312	872	8
3	71590119	873	3
3	71674039	874	2
3	71758102	875	2
3	71841913	876	2
3	71925943	877	3
3	72009971	878	3
3	72093979	879	2
3	72178119	880	1
3	72262160	881	2
3	72345867	882	7
3	72429603	883	2
3	72513452	884	5
3	72597426	885	5
3	72681440	886	4
3	72765414	887	4
3	72849115	888	4
3	72932968	889	4
3	73016812	890	2
3	73100493	891	5
3	73184269	892	2
3	73268123	893	5
3	73352181	894	2
3	73436458	895	1
3	73520316	896	3
3	73604305	897	3
3	73688224	898	3
3	73772002	899	2
3	73856069	900	3
3	73939887	901	3
3	74023638	902	3
3	74107517	903	3
3	74191318	904	2
3	74275076	905	3
3	74358739	906	5
3	74442738	907	3
3	74526553	908	2
3	74610406	909	3
3	74694453	910	4
3	74778149	911	1
3	74861973	912	2
3	74946010	913	1
3	75029727	914	2
3	75113510	915	4
3	75197464	916	4
3	75281104	917	7
3	75364955	918	1
3	75448802	919	5
3	75532794	920	5
3	75616649	921	7
3	75700519	922	9
3	75784481	923	5
3	75868465	924	6
3	75952408	925	5
3	76036425	926	3
3	76120540	927	1
3	76204455	928	5
3	76288080	929	1
3	76371888	930	2
3	76455786	931	4
3	76539266	932	1
3	76623043	933	4
3	76707175	934	1
3	76790944	935	3
3	76874638	936	6
3	76958644	937	2
3	77042455	938	5
3	77126326	939	3
3	77210260	940	2
3	77294285	941	1
3	77378309	942	1
3	77462114	943	2
3	77545673	944	4
3	77629569	945	2
3	77713432	946	0
3	77797176	947	1
3	77881152	948	4
3	77965090	949	4
3	78049068	950	2
3	78133091	951	4
3	78217102	952	3
3	78300872	953	3
3	78384725	954	4
3	78468825	955	3
3	78552616	956	2
3	78636515	957	6
3	78720500	958	4
3	78804501	959	4
3	78888468	960	2
3	78972515	961	2
3	79056441	962	6
3	79140380	963	2
3	79224486	964	4
3	79308317	965	4
3	79392265	966	5
3	79476436	967	3
3	79560403	968	4
3	79644559	969	1
3	79728584	970	1
3	79812627	971	3
3	79896554	972	5
3	79980577	973	5
3	80064480	974	7
3	80148398	975	2
3	80232324	976	3
3	80316194	977	5
3	80400085	978	2
3	80483875	979	6
3	80567777	980	6
3	80651892	981	4
3	80736007	982	3
3	80819857	983	2
3	80903524	984	3
3	80987539	985	3
3	81071336	986	1
3	81155396	987	3
3	81239473	988	8
3	81323224	989	1
3	81407106	990	1
3	81491270	991	5
3	81575169	992	6
3	81659064	993	1
3	81742974	994	2
3	81826812	995	6
3	81910896	996	1
3	81994600	997	5
3	82078413	998	3
3	82162478	999	4
4	41988926	520	0.02241529973975
4	42072593	521	0.022370769241737
4	42156499	522	0.022326388847715
4	42240726	523	0.022281709542508
4	42324555	524	0.022237077385691
4	42408568	525	0.022193382298338
4	42492645	526	0.022149155054673
4	42576398	527	0.022105389215933
4	42660350	528	0.022062080359968
4	42744366	529	0.022018477371068
4	42828069	530	0.021975277229537
4	42911987	531	0.021932527307907
4	42995900	532	0.021889358060976
4	43079868	533	0.02184673865369
4	43163825	534	0.021804057629973
4	43247822	535	0.021761593353629
4	43331667	536	0.02171921899405
4	43415679	537	0.021677383700514
4	43499843	538	0.021635137448851
4	43583912	539	0.021593154598408
4	43667875	540	0.02155148237982
4	43751553	541	0.021510044418447
4	43835318	542	0.021469059263406
4	43919062	543	0.021427937350484
4	44002932	544	0.021387264195416
4	44086510	545	0.021346527334507
4	44170596	546	0.021306307019946
4	44254487	547	0.02126534927218
4	44338294	548	0.021225242571785
4	44422111	549	0.021185072332822
4	44505687	550	0.021145196341032
4	44589419	551	0.021105825064232
4	44673058	552	0.021066128712838
4	44756699	553	0.021026910156529
4	44840386	554	0.020987650192454
4	44924026	555	0.020948676410375
4	45008089	556	0.020909754220432
4	45091747	557	0.020870374886381
4	45175717	558	0.020832180784559
4	45259586	559	0.020793161713547
4	45343237	560	0.020754974888553
4	45427129	561	0.02071672291108
4	45510800	562	0.020678384564357
4	45594319	563	0.020640617771454
4	45678222	564	0.020602830864853
4	45762039	565	0.020564845124696
4	45845880	566	0.020527334891672
4	45929849	567	0.020489693666674
4	46013513	568	0.020452234668428
4	46097406	569	0.020415310832541
4	46181636	570	0.020378012786586
4	46265751	571	0.02034069695084
4	46349577	572	0.020303539424108
4	46433097	573	0.020267040977571
4	46517137	574	0.020230695255543
4	46600754	575	0.020193851536365
4	46684425	576	0.020158069758827
4	46768388	577	0.020121790912064
4	46852063	578	0.02008555670532
4	46935850	579	0.020049901124213
4	47019957	580	0.020014052781909
4	47103879	581	0.019978120414121
4	47187710	582	0.019942654805017
4	47271310	583	0.019907167553051
4	47354956	584	0.019872162928938
4	47438738	585	0.019837155789314
4	47522495	586	0.019802167636897
4	47606306	587	0.019767323442672
4	47690021	588	0.019732580977155
4	47774024	589	0.019698001638362
4	47857854	590	0.019663194172476
4	47941588	591	0.019628959700582
4	48025545	592	0.0195945995169
4	48109214	593	0.019560298453502
4	48192971	594	0.019526522281579
4	48277120	595	0.019492519481649
4	48360657	596	0.01945833324721
4	48444533	597	0.019425308820935
4	48528632	598	0.019391257867271
4	48612569	599	0.019357664413687
4	48696641	600	0.01932426648767
4	48780598	601	0.019290726660403
4	48864081	602	0.019257618204525
4	48947895	603	0.019224976540587
4	49031927	604	0.019191819318827
4	49115626	605	0.019159871826573
4	49199265	606	0.019127387240959
4	49283167	607	0.019094915797395
4	49366955	608	0.019062380727244
4	49450738	609	0.019030167904923
4	49534543	610	0.018997795412238
4	49618248	611	0.018965762110579
4	49701907	612	0.018933836653551
4	49785706	613	0.018902056448172
4	49869463	614	0.018870212544197
4	49953508	615	0.018838569993557
4	50037509	616	0.018806676475024
4	50121349	617	0.018775190304587
4	50205135	618	0.018743828045362
4	50288975	619	0.018712570387052
4	50372880	620	0.018681305597943
4	50456673	621	0.018650126635439
4	50540539	622	0.018619180455448
4	50624192	623	0.018588189998569
4	50708022	624	0.01855772320223
4	50792027	625	0.018526863903462
4	50875606	626	0.018496234249615
4	50959166	627	0.018466122232019
4	51042946	628	0.018435837333036
4	51126759	629	0.01840556164871
4	51210455	630	0.018375421105433
4	51294317	631	0.01834534336746
4	51377800	632	0.018315453012969
4	51461448	633	0.018286086103585
4	51545296	634	0.018256246770082
4	51628926	635	0.018226575235322
4	51712656	636	0.018197281376998
4	51796533	637	0.018167748459326
4	51880428	638	0.018138363665088
4	51964134	639	0.018108986689236
4	52048085	640	0.018079930403454
4	52132102	641	0.018050603811823
4	52216057	642	0.018021579187655
4	52300167	643	0.017992561787617
4	52384001	644	0.017963449165414
4	52467769	645	0.017934857670821
4	52551697	646	0.017906254873841
4	52635461	647	0.017877573420153
4	52719486	648	0.017849355948142
4	52803429	649	0.017820670804538
4	52887328	650	0.017792447588395
4	52971483	651	0.017764179549447
4	53055570	652	0.017735784009442
4	53139439	653	0.017707628979608
4	53223266	654	0.017679712602558
4	53307091	655	0.0176518675599
4	53390893	656	0.01762414308232
4	53474992	657	0.017596522002428
4	53558994	658	0.017568659504468
4	53642926	659	0.017541146560663
4	53726609	660	0.017513654492961
4	53810644	661	0.01748660573736
4	53894403	662	0.017459025209835
4	53978361	663	0.017432128665756
4	54062545	664	0.017404783935354
4	54146496	665	0.017377605048725
4	54230382	666	0.017350702773035
4	54314577	667	0.017323867724371
4	54398609	668	0.017296765985201
4	54482698	669	0.017270192431163
4	54566509	670	0.017243431945727
4	54650503	671	0.01721711635018
4	54734470	672	0.017190504275486
4	54818325	673	0.017164162097366
4	54902111	674	0.017137947323726
4	54985890	675	0.017111890259973
4	55069789	676	0.017085881303532
4	55153948	677	0.017059796721228
4	55238069	678	0.01703363756682
4	55322006	679	0.01700768141286
4	55406036	680	0.016981880822894
4	55489835	681	0.016956020967868
4	55573680	682	0.016930605110203
4	55657580	683	0.016904961775519
4	55741595	684	0.016879486793319
4	55825208	685	0.016853952699013
4	55908858	686	0.016829007134162
4	55992594	687	0.016803835368999
4	56076456	688	0.01677884345479
4	56160383	689	0.016753597810439
4	56243801	690	0.016728621232529
4	56327586	691	0.016704119119203
4	56411121	692	0.016679201092045
4	56494804	693	0.016654769770739
4	56578768	694	0.016630013336513
4	56662700	695	0.016605271814427
4	56746401	696	0.016580749810231
4	56830359	697	0.016556460264144
4	56914012	698	0.016531965986066
4	56997899	699	0.016507819054875
4	57081833	700	0.016483410662698
4	57165896	701	0.01645918944458
4	57249748	702	0.016434910196732
4	57333625	703	0.016410902717312
4	57417079	704	0.016386922489134
4	57500811	705	0.016363353527172
4	57584607	706	0.016339370167568
4	57668423	707	0.016315711486854
4	57752281	708	0.016291994348117
4	57836164	709	0.01626838822946
4	57919985	710	0.016244808373552
4	58003956	711	0.016221352672487
4	58087982	712	0.016197727724361
4	58171845	713	0.016174227066253
4	58255663	714	0.016151016161309
4	58339614	715	0.01612777507968
4	58423444	716	0.016104545691698
4	58507400	717	0.016081506736997
4	58591513	718	0.016058300782916
4	58675588	719	0.016035161705694
4	58759538	720	0.01601217091668
4	58843413	721	0.015989313849621
4	58927092	722	0.015966630260025
4	59011053	723	0.015944078445984
4	59095018	724	0.015921213289634
4	59178926	725	0.01589868210404
4	59262880	726	0.01587612089427
4	59346687	727	0.015853663670617
4	59430605	728	0.015831243268422
4	59514381	729	0.0158089392839
4	59598396	730	0.015786751001292
4	59682217	731	0.015764400535834
4	59766062	732	0.015742350174279
4	59850040	733	0.01572023016374
4	59933437	734	0.015698159140932
4	60017084	735	0.015676580708706
4	60100857	736	0.015654618981423
4	60184655	737	0.015632861472041
4	60268413	738	0.01561107375567
4	60352240	739	0.015589398314964
4	60435882	740	0.015567744367865
4	60519656	741	0.015546343030154
4	60603597	742	0.015524757242729
4	60687357	743	0.015503256844891
4	60771343	744	0.015481968674277
4	60855311	745	0.015460472296121
4	60939044	746	0.015439187443986
4	61022971	747	0.015418049492684
4	61107083	748	0.015396742716823
4	61190943	749	0.015375494748945
4	61274781	750	0.015354530724148
4	61358903	751	0.015333448971432
4	61442828	752	0.015312325409482
4	61526504	753	0.015291483498858
4	61610719	754	0.015270747787327
4	61694603	755	0.015249660650708
4	61778446	756	0.015229087403266
4	61862362	757	0.015208336193966
4	61946149	758	0.01518770271175
4	62030157	759	0.015167210663848
4	62114114	760	0.015146554518828
4	62197911	761	0.015126124678663
4	62281788	762	0.015105749876251
4	62365600	763	0.015085369458957
4	62449189	764	0.015065128336427
4	62533016	765	0.015045061673646
4	62616900	766	0.015024868555342
4	62700826	767	0.015004741527011
4	62784800	768	0.014984656424883
4	62868752	769	0.014964565555511
4	62952756	770	0.014944564072566
4	63036560	771	0.014924592326149
4	63120427	772	0.014904827267388
4	63204035	773	0.014884996818094
4	63287948	774	0.014865442051303
4	63372081	775	0.014845587441054
4	63455860	776	0.014825809143986
4	63539625	777	0.014806374549612
4	63623675	778	0.014786828264996
4	63707553	779	0.014767182957311
4	63791249	780	0.014747820801719
4	63875195	781	0.014728532395497
4	63958900	782	0.014709122014858
4	64042724	783	0.014689957558357
4	64126725	784	0.014670648651639
4	64210698	785	0.014651367637355
4	64294473	786	0.014632205461685
4	64378251	787	0.014613229439111
4	64461837	788	0.014594246011754
4	64545704	789	0.014575492365071
4	64629454	790	0.014556483004036
4	64713299	791	0.014537758873484
4	64797202	792	0.014518836549931
4	64880900	793	0.014500086250447
4	64964640	794	0.014481440006891
4	65048622	795	0.014462752785169
4	65132633	796	0.014444047248274
4	65216723	797	0.014425356879912
4	65300509	798	0.014406736865301
4	65384491	799	0.014388318785051
4	65468217	800	0.014369695503489
4	65551790	801	0.01435148133751
4	65635860	802	0.014333204177936
4	65719963	803	0.014314690556668
4	65803760	804	0.014296365812028
4	65887821	805	0.014278163713945
4	65971533	806	0.014259899910331
4	66055571	807	0.014241941303143
4	66139543	808	0.014223651797389
4	66223345	809	0.014205634270367
4	66306947	810	0.014187683713136
4	66390783	811	0.014169885099684
4	66474595	812	0.014151918351947
4	66558507	813	0.014134124425935
4	66642560	814	0.014116279941523
4	66726398	815	0.014098448788764
4	66810129	816	0.014080788984843
4	66894058	817	0.01406318387077
4	66977753	818	0.014045465565149
4	67061525	819	0.014028021772527
4	67145365	820	0.014010423177432
4	67229037	821	0.01399293107651
4	67313024	822	0.01397557595717
4	67396960	823	0.013958015499187
4	67480681	824	0.013940664256474
4	67564669	825	0.01392343846593
4	67648388	826	0.013906029244832
4	67732142	827	0.013888950358565
4	67816093	828	0.013871698758185
4	67900120	829	0.013854561321279
4	67983970	830	0.013837384823191
4	68067756	831	0.013820392878193
4	68151618	832	0.01380339201736
4	68235463	833	0.013786382460271
4	68319149	834	0.013769455050177
4	68403047	835	0.013752679650723
4	68486964	836	0.013735714608778
4	68571029	837	0.013718891326475
4	68655040	838	0.013702019463286
4	68738798	839	0.013685258674574
4	68822591	840	0.013668638065295
4	68906632	841	0.013651958793982
4	68990632	842	0.013635231311572
4	69074412	843	0.013618613720741
4	69158257	844	0.013602154499208
4	69241933	845	0.013585607582369
4	69325634	846	0.013569267112562
4	69409533	847	0.013552897616564
4	69493459	848	0.013536441056919
4	69577194	849	0.013520102077525
4	69661196	850	0.013503918711128
4	69745102	851	0.0134875035189
4	69829001	852	0.013471378775477
4	69913014	853	0.013455109854694
4	69996783	854	0.013438918548548
4	70080606	855	0.013422871420882
4	70164520	856	0.013406824386194
4	70247936	857	0.013390758534662
4	70331591	858	0.013375054163677
4	70415580	859	0.013359035884716
4	70499463	860	0.013343103205137
4	70583364	861	0.013327246216786
4	70667271	862	0.013311389229998
4	70751111	863	0.013295541767377
4	70834864	864	0.013279825653359
4	70918695	865	0.013264193370228
4	71002629	866	0.013248467338999
4	71086479	867	0.013232871552102
4	71170290	868	0.013217303161932
4	71254318	869	0.013201734335868
4	71338436	870	0.013186128268695
4	71422419	871	0.013170559054523
4	71506312	872	0.013155100090267
4	71590119	873	0.01313969571231
4	71674039	874	0.013124281628724
4	71758102	875	0.013108885414041
4	71841913	876	0.013093488859513
4	71925943	877	0.013078255602833
4	72009971	878	0.013062876496882
4	72093979	879	0.013047623931292
4	72178119	880	0.013032370861587
4	72262160	881	0.013017072420385
4	72345867	882	0.01300198043868
4	72429603	883	0.012986986114292
4	72513452	884	0.012972008460155
4	72597426	885	0.012957002899137
4	72681440	886	0.012942014222537
4	72765414	887	0.012927015808459
4	72849115	888	0.01291210524439
4	72932968	889	0.012897361551492
4	73016812	890	0.012882448766798
4	73100493	891	0.012867711127437
4	73184269	892	0.012853024716935
4	73268123	893	0.012838301763161
4	73352181	894	0.012823612500656
4	73436458	895	0.012808817396971
4	73520316	896	0.012794039006565
4	73604305	897	0.012779520189389
4	73688224	898	0.01276485255575
4	73772002	899	0.012750348063036
4	73856069	900	0.012735859266354
4	73939887	901	0.012721300222415
4	74023638	902	0.012706954508307
4	74107517	903	0.012692564108268
4	74191318	904	0.012678189191792
4	74275076	905	0.012663872351072
4	74358739	906	0.012649672790741
4	74442738	907	0.012635462641536
4	74526553	908	0.012621123641297
4	74610406	909	0.012607002848946
4	74694453	910	0.012592762020941
4	74778149	911	0.012578553329419
4	74861973	912	0.012564552733553
4	74946010	913	0.012550432689648
4	75029727	914	0.012536285919732
4	75113510	915	0.012522412518023
4	75197464	916	0.012508370357773
4	75281104	917	0.012494484019416
4	75364955	918	0.01248063675176
4	75448802	919	0.012466721091462
4	75532794	920	0.012452902315252
4	75616649	921	0.01243904018096
4	75700519	922	0.01242534826478
4	75784481	923	0.012411563735743
4	75868465	924	0.012397809757588
4	75952408	925	0.012384102519243
4	76036425	926	0.012370384921388
4	76120540	927	0.012356665242589
4	76204455	928	0.012342951688839
4	76288080	929	0.012329381566497
4	76371888	930	0.012315921807077
4	76455786	931	0.012302378869362
4	76539266	932	0.012288873703742
4	76623043	933	0.012275606233966
4	76707175	934	0.012262079897261
4	76790944	935	0.012248575368843
4	76874638	936	0.012235354970853
4	76958644	937	0.012221988544604
4	77042455	938	0.012208619626512
4	77126326	939	0.012195390506391
4	77210260	940	0.012182079681373
4	77294285	941	0.012168805745688
4	77378309	942	0.012155505774656
4	77462114	943	0.012142289655742
4	77545673	944	0.012129211630232
4	77629569	945	0.012116185135875
4	77713432	946	0.012103007657503
4	77797176	947	0.012089983016621
4	77881152	948	0.012076978632298
4	77965090	949	0.012063940357529
4	78049068	950	0.01205094563026
4	78133091	951	0.01203796347502
4	78217102	952	0.01202500158064
4	78300872	953	0.012012044580258
4	78384725	954	0.011999268407237
4	78468825	955	0.011986343881834
4	78552616	956	0.011973492852723
4	78636515	957	0.01196079091516
4	78720500	958	0.011947971846215
4	78804501	959	0.011935233183612
4	78888468	960	0.01192247635957
4	78972515	961	0.011909791975549
4	79056441	962	0.011897051863918
4	79140380	963	0.011884451496807
4	79224486	964	0.011871832880103
4	79308317	965	0.011859196214933
4	79392265	966	0.011846698225984
4	79476436	967	0.01183413729711
4	79560403	968	0.011821551022151
4	79644559	969	0.011809080366847
4	79728584	970	0.01179649557185
4	79812627	971	0.011784085070217
4	79896554	972	0.011771634418511
4	79980577	973	0.011759320208994
4	80064480	974	0.011746936463354
4	80148398	975	0.011734637278865
4	80232324	976	0.011722327332403
4	80316194	977	0.011710065033804
4	80400085	978	0.011697835630157
4	80483875	979	0.011685646248075
4	80567777	980	0.011673525666381
4	80651892	981	0.011661336312716
4	80736007	982	0.011649143559964
4	80819857	983	0.011636954701227
4	80903524	984	0.011624934864803
4	80987539	985	0.011612939833389
4	81071336	986	0.011600797989992
4	81155396	987	0.011588895488215
4	81239473	988	0.011576818081208
4	81323224	989	0.011564822645899
4	81407106	990	0.011552951282366
4	81491270	991	0.011541019378051
4	81575169	992	0.011529048561119
4	81659064	993	0.011517229356732
4	81742974	994	0.011505364057485
4	81826812	995	0.011493572291878
4	81910896	996	0.011481769664566
4	81994600	997	0.011469949329737
4	82078413	998	0.01145833460114
4	82162478	999	0.011446590279061
5	41988927	520	481785
5	42072594	521	482214
5	42156500	522	488142
5	42240727	523	487214
5	42324556	524	483928
5	42408569	525	486428
5	42492646	526	485571
5	42576399	527	482428
5	42660351	528	485000
5	42744367	529	485285
5	42828070	530	483071
5	42911988	531	485500
5	42995901	532	485571
5	43079869	533	485857
5	43163826	534	487000
5	43247823	535	483642
5	43331668	536	483571
5	43415680	537	486642
5	43499844	538	486285
5	43583913	539	485357
5	43667876	540	486214
5	43751554	541	482000
5	43835319	542	482428
5	43919063	543	482214
5	44002933	544	484785
5	44086511	545	484142
5	44170597	546	487000
5	44254488	547	483571
5	44338295	548	482857
5	44422112	549	484285
5	44505688	550	483142
5	44589420	551	482142
5	44673059	552	482000
5	44756700	553	482000
5	44840387	554	480785
5	44924027	555	485142
5	45008090	556	485285
5	45091748	557	484357
5	45175718	558	487214
5	45259587	559	484142
5	45343238	560	482642
5	45427130	561	483357
5	45510801	562	480642
5	45594320	563	483571
5	45678223	564	483928
5	45762040	565	483714
5	45845881	566	484142
5	45929850	567	484500
5	46013514	568	482714
5	46097407	569	486500
5	46181637	570	488071
5	46265752	571	484500
5	46349578	572	481642
5	46433098	573	484500
5	46517138	574	484428
5	46600755	575	480642
5	46684426	576	483500
5	46768389	577	483000
5	46852064	578	481428
5	46935851	579	484500
5	47019958	580	487428
5	47103880	581	484000
5	47187711	582	483428
5	47271311	583	481285
5	47354957	584	481285
5	47438739	585	485000
5	47522496	586	483785
5	47606307	587	481714
5	47690022	588	483571
5	47774025	589	485642
5	47857855	590	483357
5	47941589	591	484500
5	48025546	592	483000
5	48109215	593	482714
5	48192972	594	485714
5	48277121	595	484642
5	48360658	596	482928
5	48444534	597	487357
5	48528633	598	486500
5	48612570	599	485285
5	48696642	600	486500
5	48780599	601	483071
5	48864082	602	482071
5	48947896	603	485071
5	49031928	604	484071
5	49115627	605	480000
5	49199266	606	483214
5	49283168	607	484857
5	49366956	608	483857
5	49450739	609	483071
5	49534544	610	482357
5	49618249	611	483071
5	49701908	612	482285
5	49785707	613	483142
5	49869464	614	484142
5	49953509	615	486142
5	50037510	616	483000
5	50121350	617	482857
5	50205136	618	483500
5	50288976	619	483142
5	50372881	620	483785
5	50456674	621	483428
5	50540540	622	483571
5	50624193	623	482571
5	50708023	624	485571
5	50792028	625	483428
5	50875607	626	481142
5	50959167	627	482500
5	51042947	628	483357
5	51126760	629	482285
5	51210456	630	484285
5	51294318	631	482357
5	51377801	632	482214
5	51461449	633	483428
5	51545297	634	482500
5	51628927	635	482785
5	51712657	636	484642
5	51796534	637	484785
5	51880429	638	483071
5	51964135	639	486071
5	52048086	640	484928
5	52132103	641	484000
5	52216058	642	486000
5	52300168	643	485500
5	52384002	644	482285
5	52467770	645	484857
5	52551698	646	484071
5	52635462	647	482857
5	52719487	648	485285
5	52803430	649	483142
5	52887329	650	486214
5	52971484	651	487285
5	53055571	652	484785
5	53139440	653	481928
5	53223267	654	484214
5	53307092	655	483857
5	53390894	656	484357
5	53474993	657	487000
5	53558995	658	486071
5	53642927	659	484428
5	53726610	660	484714
5	53810645	661	485642
5	53894404	662	483357
5	53978362	663	487285
5	54062546	664	485571
5	54146497	665	482928
5	54230383	666	487000
5	54314578	667	487285
5	54398610	668	484928
5	54482699	669	487071
5	54566510	670	487071
5	54650504	671	485285
5	54734471	672	485214
5	54818326	673	483214
5	54902112	674	482642
5	54985891	675	485142
5	55069790	676	485214
5	55153949	677	487071
5	55238070	678	484500
5	55322007	679	485071
5	55406037	680	484285
5	55489836	681	483285
5	55573681	682	485357
5	55657581	683	485214
5	55741596	684	484785
5	55825209	685	482500
5	55908859	686	482285
5	55992595	687	485071
5	56076457	688	484714
5	56160384	689	481928
5	56243802	690	482928
5	56327587	691	483214
5	56411122	692	481857
5	56494805	693	485142
5	56578769	694	485000
5	56662701	695	482785
5	56746402	696	485500
5	56830360	697	485785
5	56914013	698	483571
5	56997900	699	484785
5	57081834	700	486428
5	57165897	701	484285
5	57249749	702	484071
5	57333626	703	482928
5	57417080	704	481857
5	57500812	705	483571
5	57584608	706	484285
5	57668424	707	483142
5	57752282	708	484428
5	57836165	709	483142
5	57919986	710	484000
5	58003957	711	486142
5	58087983	712	484285
5	58171846	713	483357
5	58255664	714	485357
5	58339615	715	484714
5	58423445	716	485785
5	58507401	717	485571
5	58591514	718	486500
5	58675589	719	485500
5	58759539	720	485285
5	58843414	721	483142
5	58927093	722	482428
5	59011054	723	487285
5	59095019	724	484428
5	59178927	725	482714
5	59262881	726	484785
5	59346688	727	485928
5	59430606	728	483214
5	59514382	729	485714
5	59598397	730	484428
5	59682218	731	483785
5	59766063	732	485214
5	59850041	733	483000
5	59933438	734	481357
5	60017085	735	483500
5	60100858	736	484428
5	60184656	737	482000
5	60268414	738	483357
5	60352241	739	482214
5	60435883	740	482785
5	60519657	741	484714
5	60603598	742	484428
5	60687358	743	487142
5	60771344	744	485571
5	60855312	745	483214
5	60939045	746	483357
5	61022972	747	485857
5	61107084	748	485214
5	61190944	749	482642
5	61274782	750	485000
5	61358904	751	485142
5	61442829	752	482642
5	61526505	753	486285
5	61610720	754	487285
5	61694604	755	483285
5	61778447	756	484857
5	61862363	757	482714
5	61946150	758	483142
5	62030158	759	487357
5	62114115	760	484071
5	62197912	761	483000
5	62281789	762	483928
5	62365601	763	482785
5	62449190	764	483000
5	62533017	765	485000
5	62616901	766	486214
5	62700827	767	484071
5	62784801	768	485785
5	62868753	769	485142
5	62952757	770	485500
5	63036561	771	485857
5	63120428	772	482785
5	63204036	773	481571
5	63287949	774	486071
5	63372082	775	484214
5	63455861	776	482214
5	63539626	777	486857
5	63623676	778	485071
5	63707554	779	482428
5	63791250	780	483428
5	63875196	781	484642
5	63958901	782	483142
5	64042725	783	484000
5	64126726	784	485714
5	64210699	785	483285
5	64294474	786	483642
5	64378252	787	482785
5	64461838	788	482071
5	64545705	789	484928
5	64629455	790	482928
5	64713300	791	484571
5	64797203	792	486000
5	64880901	793	484285
5	64964641	794	482642
5	65048623	795	485928
5	65132634	796	486714
5	65216724	797	484428
5	65300510	798	484285
5	65384492	799	484357
5	65468218	800	481714
5	65551791	801	482857
5	65635861	802	487642
5	65719964	803	483642
5	65803761	804	484928
5	65887822	805	484500
5	65971534	806	483857
5	66055572	807	486785
5	66139544	808	483357
5	66223346	809	482142
5	66306948	810	483928
5	66390784	811	483214
5	66474596	812	484071
5	66558508	813	484500
5	66642561	814	486785
5	66726399	815	483642
5	66810130	816	483000
5	66894059	817	483571
5	66977754	818	481857
5	67061526	819	483428
5	67145366	820	483428
5	67229038	821	482357
5	67313025	822	485785
5	67396961	823	482500
5	67480682	824	483214
5	67564670	825	485428
5	67648389	826	483785
5	67732143	827	484071
5	67816094	828	484357
5	67900121	829	484000
5	67983971	830	483000
5	68067757	831	484928
5	68151619	832	483928
5	68235464	833	482928
5	68319150	834	484000
5	68403048	835	485428
5	68486965	836	483285
5	68571030	837	486357
5	68655041	838	483714
5	68738799	839	482785
5	68822592	840	483714
5	68906633	841	486571
5	68990633	842	484000
5	69074413	843	482357
5	69158258	844	483857
5	69241934	845	481214
5	69325635	846	484714
5	69409534	847	483785
5	69493460	848	482428
5	69577195	849	483785
5	69661197	850	485214
5	69745103	851	482928
5	69829002	852	487000
5	69913015	853	483000
5	69996784	854	483214
5	70080607	855	484857
5	70164521	856	482857
5	70247937	857	481000
5	70331592	858	485285
5	70415581	859	484428
5	70499464	860	484928
5	70583365	861	483285
5	70667272	862	484785
5	70751112	863	482571
5	70834865	864	482571
5	70918696	865	484785
5	71002630	866	483785
5	71086480	867	484571
5	71170291	868	486142
5	71254319	869	486285
5	71338437	870	486857
5	71422420	871	483785
5	71506313	872	484428
5	71590120	873	483357
5	71674040	874	484285
5	71758103	875	485071
5	71841914	876	485214
5	71925944	877	485714
5	72009972	878	484642
5	72093980	879	486500
5	72178120	880	485571
5	72262161	881	483142
5	72345868	882	482428
5	72429604	883	483285
5	72513453	884	485428
5	72597427	885	487285
5	72681441	886	484857
5	72765415	887	483642
5	72849116	888	483142
5	72932969	889	484071
5	73016813	890	482357
5	73100494	891	484214
5	73184270	892	483928
5	73268124	893	484285
5	73352182	894	486571
5	73436459	895	487071
5	73520317	896	483857
5	73604306	897	484714
5	73688225	898	483357
5	73772003	899	484000
5	73856070	900	486142
5	73939888	901	484071
5	74023639	902	482642
5	74107518	903	485285
5	74191319	904	483785
5	74275077	905	481785
5	74358740	906	485500
5	74442739	907	484500
5	74526554	908	482142
5	74610407	909	485857
5	74694454	910	484071
5	74778150	911	481642
5	74861974	912	486571
5	74946011	913	484857
5	75029728	914	481357
5	75113511	915	485357
5	75197465	916	482714
5	75281105	917	483571
5	75364956	918	484285
5	75448803	919	483142
5	75532795	920	484714
5	75616650	921	484500
5	75700520	922	484857
5	75784482	923	484785
5	75868466	924	486285
5	75952409	925	484071
5	76036426	926	485428
5	76120541	927	485285
5	76204456	928	482000
5	76288081	929	481785
5	76371889	930	484142
5	76455787	931	484142
5	76539267	932	481642
5	76623044	933	485642
5	76707176	934	485214
5	76790945	935	484000
5	76874639	936	483071
5	76958645	937	484642
5	77042456	938	482714
5	77126327	939	484357
5	77210261	940	485428
5	77294286	941	484785
5	77378310	942	482785
5	77462115	943	482571
5	77545674	944	483500
5	77629570	945	485642
5	77713433	946	484214
5	77797177	947	485857
5	77881153	948	486214
5	77965091	949	485571
5	78049069	950	484785
5	78133092	951	486142
5	78217103	952	484571
5	78300873	953	482285
5	78384726	954	485285
5	78468826	955	484142
5	78552617	956	484714
5	78636516	957	485000
5	78720501	958	484785
5	78804502	959	485214
5	78888469	960	485285
5	78972516	961	486071
5	79056442	962	482857
5	79140381	963	486071
5	79224487	964	486857
5	79308318	965	483642
5	79392266	966	485571
5	79476437	967	487928
5	79560404	968	484285
5	79644560	969	486714
5	79728585	970	485928
5	79812628	971	485000
5	79896555	972	485714
5	79980578	973	485642
5	80064481	974	483500
5	80148399	975	485071
5	80232325	976	483642
5	80316195	977	483285
5	80400086	978	485142
5	80483876	979	484000
5	80567778	980	484285
5	80651893	981	487571
5	80736008	982	485714
5	80819858	983	482571
5	80903525	984	486142
5	80987540	985	484785
5	81071337	986	481928
5	81155397	987	488642
5	81239474	988	484714
5	81323225	989	481785
5	81407107	990	487285
5	81491271	991	486071
5	81575170	992	482071
5	81659065	993	485000
5	81742975	994	484500
5	81826813	995	483000
5	81910897	996	486071
5	81994601	997	483714
5	82078414	998	484428
5	82162479	999	485785
6	44505686	550	20
6	48696640	600	20
6	52887327	650	20
6	57081832	700	20
6	61274780	750	20
6	65468216	800	20
6	69661195	850	20
6	73856068	900	20
6	78049067	950	20
6	82246436	1000	20
7	44505686	550	0
7	48696640	600	0
7	52887327	650	0
7	57081832	700	0
7	61274780	750	0
7	65468216	800	0
7	69661195	850	0
7	73856068	900	0
7	78049067	950	0
7	82246436	1000	0
