version 2
run PerfectCC-3-20100909-17:04:50-2328
attr configname PerfectCC
attr datetime 20100909-17:04:50
attr delay 1000ms
attr experiment PerfectCC
attr inifile D:/Developement/Oversim2/multic/simulations/omnetpp.ini
attr iterationvars $delay=1000ms
attr iterationvars2 "$delay=1000ms, $repetition=0"
attr measurement $delay=1000ms
attr network oversim.underlay.simpleunderlay.SimpleUnderlayNetwork
attr processid 2328
attr repetition 0
attr replication #0
attr resultdir results
attr runnumber 3
attr seedset 3

vector 1  SimpleUnderlayNetwork.globalObserver.globalStatistics  incoming_bytes  ETV
vector 2  SimpleUnderlayNetwork.globalObserver.globalStatistics  drops  ETV
vector 3  SimpleUnderlayNetwork.globalObserver.globalStatistics  delayed_acks  ETV
vector 4  SimpleUnderlayNetwork.globalObserver.globalStatistics  timetotimeouts  ETV
vector 5  SimpleUnderlayNetwork.globalObserver.globalStatistics  rate  ETV
vector 6  SimpleUnderlayNetwork.globalObserver.globalStatistics  "GlobalNodeList: Number of nodes"  ETV
vector 7  SimpleUnderlayNetwork.globalObserver.globalStatistics  "GlobalNodeList: Number of bootstrapped malicious nodes"  ETV
1	41513051	520	94340
1	41596965	521	87927
1	41680519	522	89199
1	41764103	523	84853
1	41847988	524	98739
1	41931097	525	83528
1	42014251	526	81302
1	42097836	527	89888
1	42181233	528	86708
1	42264715	529	92061
1	42347966	530	87238
1	42431583	531	87397
1	42514929	532	84270
1	42598508	533	96354
1	42681584	534	84005
1	42764837	535	82786
1	42848584	536	95188
1	42931407	537	79235
1	43014769	538	94552
1	43097627	539	85542
1	43180516	540	83475
1	43263686	541	92803
1	43346563	542	81620
1	43429722	543	86761
1	43513075	544	89994
1	43596553	545	90206
1	43679862	546	84270
1	43763202	547	90895
1	43846759	548	90683
1	43930108	549	83475
1	44013484	550	87874
1	44096643	551	86708
1	44180337	552	96036
1	44263946	553	83051
1	44347132	554	83422
1	44430436	555	92061
1	44513747	556	87662
1	44596731	557	84217
1	44679996	558	89199
1	44763223	559	86496
1	44846700	560	88669
1	44930238	561	89305
1	45013640	562	89782
1	45096737	563	81991
1	45180364	564	93015
1	45263426	565	83369
1	45346817	566	91372
1	45430302	567	88139
1	45513493	568	80666
1	45597228	569	97096
1	45680235	570	82839
1	45763291	571	89199
1	45846309	572	88510
1	45929365	573	84005
1	46012793	574	87556
1	46096114	575	87715
1	46179674	576	84111
1	46263407	577	95294
1	46346572	578	86443
1	46430084	579	89199
1	46513730	580	91955
1	46597073	581	81355
1	46680259	582	88298
1	46763781	583	87821
1	46847160	584	87450
1	46930400	585	88192
1	47013721	586	93227
1	47096882	587	84853
1	47180372	588	82627
1	47263543	589	90577
1	47346913	590	85595
1	47430245	591	93174
1	47513284	592	82998
1	47596565	593	91425
1	47679810	594	82521
1	47762941	595	90471
1	47846321	596	84906
1	47929275	597	90895
1	48012322	598	85383
1	48095310	599	89146
1	48178715	600	83104
1	48261960	601	90259
1	48345154	602	83369
1	48428488	603	95824
1	48511877	604	83528
1	48595212	605	89623
1	48678720	606	85171
1	48762162	607	93969
1	48845200	608	82945
1	48928430	609	87079
1	49011669	610	87397
1	49095172	611	87503
1	49178806	612	90683
1	49262019	613	81514
1	49345516	614	99004
1	49429238	615	85542
1	49512434	616	80719
1	49596290	617	93810
1	49679996	618	91637
1	49763667	619	80719
1	49847440	620	91849
1	49930854	621	92644
1	50014236	622	84588
1	50097711	623	87026
1	50181014	624	87291
1	50264689	625	92485
1	50347661	626	79977
1	50430826	627	87927
1	50514183	628	92644
1	50597515	629	83369
1	50680885	630	93174
1	50764101	631	81938
1	50847377	632	95559
1	50930412	633	81726
1	51013532	634	84376
1	51096642	635	88987
1	51180022	636	89252
1	51263124	637	86125
1	51345865	638	85330
1	51428734	639	93598
1	51511563	640	84906
1	51594562	641	83316
1	51677840	642	89517
1	51761099	643	82203
1	51844671	644	90206
1	51927614	645	88987
1	52010605	646	91743
1	52093953	647	86125
1	52177234	648	85436
1	52261019	649	89570
1	52344352	650	83793
1	52427397	651	85436
1	52510898	652	91266
1	52593998	653	91425
1	52677350	654	83899
1	52760821	655	90736
1	52844509	656	86973
1	52928073	657	89358
1	53011600	658	83793
1	53094979	659	89941
1	53178621	660	92803
1	53261583	661	85012
1	53344716	662	84694
1	53427736	663	89729
1	53510850	664	83634
1	53594312	665	93969
1	53677462	666	81143
1	53760557	667	88404
1	53844231	668	87662
1	53927412	669	92856
1	54010276	670	80560
1	54093600	671	93280
1	54176781	672	83740
1	54259817	673	89994
1	54342805	674	82680
1	54425794	675	87662
1	54509010	676	89411
1	54592382	677	85383
1	54675434	678	89941
1	54758947	679	87344
1	54842334	680	91478
1	54925544	681	80984
1	55009005	682	95453
1	55092378	683	81885
1	55175370	684	84853
1	55259005	685	93280
1	55342094	686	91743
1	55425322	687	79553
1	55508598	688	94128
1	55592354	689	84429
1	55676125	690	90683
1	55759599	691	84429
1	55842931	692	92962
1	55926128	693	86761
1	56009383	694	87026
1	56092383	695	84217
1	56175441	696	88245
1	56259039	697	87450
1	56342353	698	85860
1	56425896	699	87450
1	56509691	700	97944
1	56593027	701	82945
1	56676493	702	92379
1	56759729	703	84588
1	56843439	704	86761
1	56927082	705	88457
1	57010047	706	85595
1	57093349	707	91743
1	57176497	708	83634
1	57259893	709	90100
1	57343195	710	87079
1	57426403	711	85436
1	57509979	712	92061
1	57593262	713	86443
1	57676544	714	86814
1	57760049	715	87768
1	57843539	716	89570
1	57927000	717	89623
1	58010444	718	86867
1	58093544	719	84482
1	58176876	720	92326
1	58259874	721	84906
1	58343058	722	83316
1	58426297	723	91690
1	58509420	724	87291
1	58592720	725	89305
1	58676093	726	83740
1	58759228	727	88351
1	58842465	728	86920
1	58926005	729	96036
1	59009040	730	82203
1	59092630	731	85224
1	59175887	732	90948
1	59259187	733	82627
1	59342356	734	93015
1	59425574	735	83740
1	59508718	736	93757
1	59592454	737	84376
1	59675809	738	91584
1	59758862	739	78387
1	59842276	740	95082
1	59925690	741	84111
1	60008937	742	88139
1	60092390	743	88086
1	60175754	744	93810
1	60259304	745	82998
1	60342677	746	89570
1	60426347	747	86655
1	60509544	748	90577
1	60593144	749	83581
1	60676585	750	93863
1	60759997	751	81514
1	60843687	752	92167
1	60926983	753	87026
1	61010325	754	89411
1	61093910	755	90948
1	61177382	756	82945
1	61260868	757	89305
1	61344179	758	87397
1	61427624	759	88351
1	61510627	760	87821
1	61594056	761	87132
1	61677289	762	90047
1	61761042	763	84270
1	61844555	764	94075
1	61927875	765	79500
1	62011048	766	97361
1	62094043	767	79447
1	62177641	768	92379
1	62260651	769	82256
1	62344003	770	88828
1	62427490	771	92962
1	62510794	772	82733
1	62594240	773	91637
1	62677573	774	87609
1	62761288	775	85383
1	62845296	776	86496
1	62929000	777	96195
1	63012811	778	86231
1	63096571	779	89835
1	63180145	780	83740
1	63263643	781	97202
1	63346792	782	80613
1	63430323	783	90418
1	63513771	784	85012
1	63597708	785	92379
1	63681502	786	84800
1	63764692	787	85383
1	63848331	788	95029
1	63931861	789	90789
1	64015274	790	82892
1	64098642	791	84111
1	64182076	792	90683
1	64265646	793	91107
1	64348904	794	83157
1	64431984	795	93545
1	64515290	796	87503
1	64598451	797	82362
1	64681443	798	88881
1	64764142	799	82256
1	64847320	800	87980
1	64930526	801	87291
1	65013759	802	90577
1	65097209	803	89252
1	65180461	804	86602
1	65264126	805	88722
1	65347792	806	89252
1	65431137	807	82362
1	65514827	808	98103
1	65597988	809	85118
1	65680913	810	82256
1	65764079	811	90047
1	65846694	812	80189
1	65929881	813	90153
1	66012600	814	88669
1	66095834	815	84588
1	66179178	816	94605
1	66262215	817	80348
1	66346016	818	94870
1	66429312	819	80507
1	66512467	820	88616
1	66595999	821	95029
1	66679191	822	81143
1	66762993	823	93439
1	66846425	824	83740
1	66929625	825	87079
1	67012616	826	88139
1	67095557	827	90948
1	67178613	828	82839
1	67261508	829	86178
1	67344788	830	80984
1	67427825	831	96089
1	67510708	832	84005
1	67593636	833	90630
1	67676896	834	84959
1	67760287	835	91107
1	67843905	836	82839
1	67927206	837	86072
1	68010512	838	91054
1	68093764	839	95453
1	68176635	840	82627
1	68259768	841	83740
1	68342953	842	86178
1	68426460	843	87185
1	68509507	844	88616
1	68592521	845	84217
1	68676091	846	99958
1	68759329	847	84959
1	68842271	848	81885
1	68925362	849	86867
1	69008502	850	87397
1	69092337	851	86443
1	69175278	852	89040
1	69258532	853	88192
1	69342225	854	93810
1	69425715	855	82415
1	69509151	856	88192
1	69592564	857	86814
1	69676124	858	89093
1	69759992	859	90630
1	69843530	860	92750
1	69927182	861	85489
1	70010964	862	90153
1	70094774	863	84535
1	70178401	864	87927
1	70261896	865	87450
1	70345094	866	93810
1	70428238	867	84482
1	70511252	868	86496
1	70594423	869	84429
1	70677839	870	90418
1	70760885	871	82733
1	70844020	872	90259
1	70927318	873	89411
1	71010645	874	83316
1	71094019	875	95188
1	71177054	876	84376
1	71260290	877	88298
1	71343431	878	82521
1	71426598	879	90577
1	71509877	880	87238
1	71592889	881	82362
1	71676051	882	93121
1	71759367	883	91690
1	71842330	884	82097
1	71925670	885	84111
1	72009035	886	95347
1	72092132	887	80242
1	72175737	888	93916
1	72258931	889	81090
1	72342121	890	91107
1	72425689	891	93757
1	72508784	892	84111
1	72592297	893	84641
1	72675873	894	91531
1	72759112	895	84164
1	72842547	896	94446
1	72925716	897	84588
1	73008887	898	83157
1	73092028	899	88351
1	73175216	900	89782
1	73258660	901	89358
1	73342052	902	84217
1	73425302	903	89623
1	73508801	904	91584
1	73591906	905	85171
1	73675034	906	84217
1	73758486	907	87927
1	73841933	908	87079
1	73925257	909	92697
1	74008544	910	85383
1	74092179	911	87662
1	74176021	912	91107
1	74259244	913	84111
1	74342740	914	93386
1	74426155	915	89411
1	74509176	916	82097
1	74592796	917	88245
1	74676500	918	87768
1	74759995	919	84535
1	74843392	920	93545
1	74926574	921	91531
1	75010283	922	85118
1	75093722	923	87026
1	75176927	924	85595
1	75260897	925	94711
1	75344138	926	82256
1	75427665	927	88934
1	75511092	928	87980
1	75594136	929	84959
1	75677617	930	97997
1	75760668	931	80507
1	75843921	932	86072
1	75927387	933	90895
1	76010403	934	83369
1	76093634	935	86867
1	76176656	936	87026
1	76260284	937	91849
1	76343461	938	88881
1	76426587	939	85648
1	76510151	940	94340
1	76593586	941	78652
1	76677107	942	87821
1	76760455	943	87450
1	76843876	944	93386
1	76927215	945	89570
1	77010185	946	80242
1	77093728	947	91107
1	77176879	948	90365
1	77260078	949	85542
1	77343205	950	88351
1	77426384	951	82415
1	77509762	952	92273
1	77592717	953	81249
1	77675797	954	88828
1	77759641	955	93969
1	77843070	956	85224
1	77926437	957	86549
1	78010323	958	94446
1	78093655	959	85913
1	78176879	960	83528
1	78260336	961	91478
1	78343637	962	84429
1	78426763	963	88245
1	78509734	964	85383
1	78593310	965	92697
1	78676313	966	86602
1	78759144	967	81832
1	78842507	968	94605
1	78925399	969	81355
1	79008407	970	93704
1	79091210	971	79818
1	79174259	972	87662
1	79257697	973	88616
1	79340824	974	84641
1	79424151	975	91266
1	79507743	976	95135
1	79590947	977	82150
1	79674555	978	86496
1	79757875	979	88828
1	79841319	980	87291
1	79924626	981	87238
1	80007891	982	88563
1	80091560	983	90736
1	80174690	984	83263
1	80258375	985	89146
1	80341939	986	92644
1	80425034	987	83475
1	80508591	988	93333
1	80591593	989	83581
1	80675088	990	87185
1	80758337	991	88086
1	80841535	992	84694
1	80924925	993	93386
1	81008025	994	82733
1	81091282	995	91478
1	81174582	996	84058
1	81257783	997	87450
1	81341361	998	89040
1	81425158	999	90577
2	41513051	520	36
2	41596965	521	42
2	41680519	522	50
2	41764103	523	63
2	41847988	524	36
2	41931097	525	13
2	42014251	526	31
2	42097836	527	80
2	42181233	528	30
2	42264715	529	31
2	42347966	530	66
2	42431583	531	32
2	42514929	532	67
2	42598508	533	23
2	42681584	534	39
2	42764837	535	31
2	42848584	536	49
2	42931407	537	60
2	43014769	538	53
2	43097627	539	28
2	43180516	540	49
2	43263686	541	35
2	43346563	542	27
2	43429722	543	69
2	43513075	544	29
2	43596553	545	60
2	43679862	546	44
2	43763202	547	40
2	43846759	548	46
2	43930108	549	29
2	44013484	550	31
2	44096643	551	65
2	44180337	552	69
2	44263946	553	67
2	44347132	554	33
2	44430436	555	48
2	44513747	556	54
2	44596731	557	38
2	44679996	558	35
2	44763223	559	69
2	44846700	560	75
2	44930238	561	47
2	45013640	562	45
2	45096737	563	35
2	45180364	564	60
2	45263426	565	62
2	45346817	566	18
2	45430302	567	46
2	45513493	568	76
2	45597228	569	40
2	45680235	570	36
2	45763291	571	55
2	45846309	572	23
2	45929365	573	68
2	46012793	574	32
2	46096114	575	18
2	46179674	576	71
2	46263407	577	43
2	46346572	578	39
2	46430084	579	19
2	46513730	580	78
2	46597073	581	25
2	46680259	582	28
2	46763781	583	52
2	46847160	584	43
2	46930400	585	70
2	47013721	586	31
2	47096882	587	53
2	47180372	588	41
2	47263543	589	58
2	47346913	590	78
2	47430245	591	65
2	47513284	592	20
2	47596565	593	13
2	47679810	594	32
2	47762941	595	64
2	47846321	596	47
2	47929275	597	59
2	48012322	598	48
2	48095310	599	13
2	48178715	600	32
2	48261960	601	39
2	48345154	602	53
2	48428488	603	56
2	48511877	604	42
2	48595212	605	34
2	48678720	606	74
2	48762162	607	15
2	48845200	608	37
2	48928430	609	42
2	49011669	610	60
2	49095172	611	61
2	49178806	612	41
2	49262019	613	43
2	49345516	614	22
2	49429238	615	32
2	49512434	616	83
2	49596290	617	52
2	49679996	618	42
2	49763667	619	71
2	49847440	620	36
2	49930854	621	47
2	50014236	622	26
2	50097711	623	74
2	50181014	624	85
2	50264689	625	37
2	50347661	626	35
2	50430826	627	39
2	50514183	628	44
2	50597515	629	45
2	50680885	630	68
2	50764101	631	55
2	50847377	632	44
2	50930412	633	29
2	51013532	634	53
2	51096642	635	71
2	51180022	636	33
2	51263124	637	27
2	51345865	638	77
2	51428734	639	57
2	51511563	640	39
2	51594562	641	39
2	51677840	642	36
2	51761099	643	45
2	51844671	644	54
2	51927614	645	51
2	52010605	646	34
2	52093953	647	69
2	52177234	648	71
2	52261019	649	82
2	52344352	650	41
2	52427397	651	27
2	52510898	652	27
2	52593998	653	37
2	52677350	654	53
2	52760821	655	71
2	52844509	656	28
2	52928073	657	24
2	53011600	658	50
2	53094979	659	92
2	53178621	660	56
2	53261583	661	30
2	53344716	662	18
2	53427736	663	57
2	53510850	664	32
2	53594312	665	70
2	53677462	666	37
2	53760557	667	57
2	53844231	668	52
2	53927412	669	45
2	54010276	670	33
2	54093600	671	93
2	54176781	672	58
2	54259817	673	36
2	54342805	674	35
2	54425794	675	53
2	54509010	676	45
2	54592382	677	30
2	54675434	678	33
2	54758947	679	63
2	54842334	680	34
2	54925544	681	51
2	55009005	682	54
2	55092378	683	57
2	55175370	684	25
2	55259005	685	52
2	55342094	686	30
2	55425322	687	28
2	55508598	688	44
2	55592354	689	43
2	55676125	690	63
2	55759599	691	57
2	55842931	692	17
2	55926128	693	21
2	56009383	694	72
2	56092383	695	44
2	56175441	696	35
2	56259039	697	33
2	56342353	698	51
2	56425896	699	21
2	56509691	700	76
2	56593027	701	50
2	56676493	702	30
2	56759729	703	30
2	56843439	704	76
2	56927082	705	43
2	57010047	706	29
2	57093349	707	20
2	57176497	708	86
2	57259893	709	39
2	57343195	710	36
2	57426403	711	43
2	57509979	712	51
2	57593262	713	16
2	57676544	714	27
2	57760049	715	76
2	57843539	716	65
2	57927000	717	39
2	58010444	718	42
2	58093544	719	54
2	58176876	720	36
2	58259874	721	29
2	58343058	722	65
2	58426297	723	33
2	58509420	724	51
2	58592720	725	27
2	58676093	726	60
2	58759228	727	47
2	58842465	728	16
2	58926005	729	56
2	59009040	730	44
2	59092630	731	55
2	59175887	732	37
2	59259187	733	29
2	59342356	734	50
2	59425574	735	54
2	59508718	736	37
2	59592454	737	62
2	59675809	738	32
2	59758862	739	18
2	59842276	740	70
2	59925690	741	61
2	60008937	742	22
2	60092390	743	35
2	60175754	744	47
2	60259304	745	52
2	60342677	746	33
2	60426347	747	37
2	60509544	748	47
2	60593144	749	42
2	60676585	750	32
2	60759997	751	48
2	60843687	752	34
2	60926983	753	27
2	61010325	754	43
2	61093910	755	50
2	61177382	756	50
2	61260868	757	39
2	61344179	758	45
2	61427624	759	27
2	61510627	760	42
2	61594056	761	56
2	61677289	762	48
2	61761042	763	66
2	61844555	764	88
2	61927875	765	30
2	62011048	766	37
2	62094043	767	33
2	62177641	768	34
2	62260651	769	42
2	62344003	770	73
2	62427490	771	27
2	62510794	772	43
2	62594240	773	48
2	62677573	774	40
2	62761288	775	34
2	62845296	776	70
2	62929000	777	40
2	63012811	778	18
2	63096571	779	61
2	63180145	780	62
2	63263643	781	33
2	63346792	782	14
2	63430323	783	29
2	63513771	784	71
2	63597708	785	82
2	63681502	786	46
2	63764692	787	26
2	63848331	788	31
2	63931861	789	70
2	64015274	790	59
2	64098642	791	35
2	64182076	792	26
2	64265646	793	63
2	64348904	794	74
2	64431984	795	35
2	64515290	796	141
2	64598451	797	30
2	64681443	798	43
2	64764142	799	22
2	64847320	800	66
2	64930526	801	58
2	65013759	802	38
2	65097209	803	31
2	65180461	804	26
2	65264126	805	6
2	65347792	806	37
2	65431137	807	107
2	65514827	808	66
2	65597988	809	76
2	65680913	810	63
2	65764079	811	45
2	65846694	812	63
2	65929881	813	13
2	66012600	814	44
2	66095834	815	72
2	66179178	816	69
2	66262215	817	33
2	66346016	818	47
2	66429312	819	35
2	66512467	820	56
2	66595999	821	46
2	66679191	822	79
2	66762993	823	42
2	66846425	824	47
2	66929625	825	75
2	67012616	826	43
2	67095557	827	49
2	67178613	828	38
2	67261508	829	47
2	67344788	830	62
2	67427825	831	68
2	67510708	832	43
2	67593636	833	44
2	67676896	834	44
2	67760287	835	22
2	67843905	836	42
2	67927206	837	68
2	68010512	838	50
2	68093764	839	38
2	68176635	840	49
2	68259768	841	38
2	68342953	842	37
2	68426460	843	54
2	68509507	844	19
2	68592521	845	62
2	68676091	846	85
2	68759329	847	65
2	68842271	848	29
2	68925362	849	32
2	69008502	850	24
2	69092337	851	61
2	69175278	852	35
2	69258532	853	33
2	69342225	854	34
2	69425715	855	42
2	69509151	856	35
2	69592564	857	17
2	69676124	858	40
2	69759992	859	37
2	69843530	860	60
2	69927182	861	60
2	70010964	862	47
2	70094774	863	57
2	70178401	864	61
2	70261896	865	75
2	70345094	866	50
2	70428238	867	44
2	70511252	868	51
2	70594423	869	42
2	70677839	870	47
2	70760885	871	55
2	70844020	872	27
2	70927318	873	65
2	71010645	874	62
2	71094019	875	36
2	71177054	876	50
2	71260290	877	63
2	71343431	878	46
2	71426598	879	28
2	71509877	880	58
2	71592889	881	62
2	71676051	882	32
2	71759367	883	34
2	71842330	884	66
2	71925670	885	30
2	72009035	886	39
2	72092132	887	32
2	72175737	888	60
2	72258931	889	31
2	72342121	890	6
2	72425689	891	48
2	72508784	892	35
2	72592297	893	35
2	72675873	894	33
2	72759112	895	61
2	72842547	896	64
2	72925716	897	52
2	73008887	898	54
2	73092028	899	40
2	73175216	900	20
2	73258660	901	52
2	73342052	902	71
2	73425302	903	75
2	73508801	904	19
2	73591906	905	29
2	73675034	906	37
2	73758486	907	41
2	73841933	908	50
2	73925257	909	50
2	74008544	910	23
2	74092179	911	52
2	74176021	912	32
2	74259244	913	48
2	74342740	914	35
2	74426155	915	58
2	74509176	916	34
2	74592796	917	36
2	74676500	918	55
2	74759995	919	57
2	74843392	920	34
2	74926574	921	45
2	75010283	922	50
2	75093722	923	46
2	75176927	924	55
2	75260897	925	78
2	75344138	926	35
2	75427665	927	26
2	75511092	928	61
2	75594136	929	21
2	75677617	930	45
2	75760668	931	96
2	75843921	932	48
2	75927387	933	25
2	76010403	934	22
2	76093634	935	10
2	76176656	936	58
2	76260284	937	68
2	76343461	938	56
2	76426587	939	48
2	76510151	940	31
2	76593586	941	41
2	76677107	942	89
2	76760455	943	64
2	76843876	944	26
2	76927215	945	18
2	77010185	946	25
2	77093728	947	53
2	77176879	948	52
2	77260078	949	45
2	77343205	950	61
2	77426384	951	25
2	77509762	952	17
2	77592717	953	66
2	77675797	954	49
2	77759641	955	54
2	77843070	956	80
2	77926437	957	42
2	78010323	958	40
2	78093655	959	56
2	78176879	960	36
2	78260336	961	51
2	78343637	962	31
2	78426763	963	23
2	78509734	964	61
2	78593310	965	55
2	78676313	966	40
2	78759144	967	33
2	78842507	968	41
2	78925399	969	71
2	79008407	970	43
2	79091210	971	22
2	79174259	972	37
2	79257697	973	63
2	79340824	974	44
2	79424151	975	30
2	79507743	976	30
2	79590947	977	46
2	79674555	978	64
2	79757875	979	20
2	79841319	980	43
2	79924626	981	72
2	80007891	982	41
2	80091560	983	25
2	80174690	984	36
2	80258375	985	41
2	80341939	986	45
2	80425034	987	48
2	80508591	988	34
2	80591593	989	52
2	80675088	990	44
2	80758337	991	52
2	80841535	992	22
2	80924925	993	80
2	81008025	994	68
2	81091282	995	37
2	81174582	996	49
2	81257783	997	53
2	81341361	998	86
2	81425158	999	54
3	41513051	520	0
3	41596965	521	9
3	41680519	522	2
3	41764103	523	5
3	41847988	524	0
3	41931097	525	6
3	42014251	526	4
3	42097836	527	9
3	42181233	528	6
3	42264715	529	7
3	42347966	530	6
3	42431583	531	5
3	42514929	532	5
3	42598508	533	7
3	42681584	534	5
3	42764837	535	1
3	42848584	536	4
3	42931407	537	2
3	43014769	538	8
3	43097627	539	1
3	43180516	540	3
3	43263686	541	4
3	43346563	542	6
3	43429722	543	8
3	43513075	544	4
3	43596553	545	7
3	43679862	546	5
3	43763202	547	5
3	43846759	548	3
3	43930108	549	5
3	44013484	550	8
3	44096643	551	4
3	44180337	552	3
3	44263946	553	5
3	44347132	554	6
3	44430436	555	4
3	44513747	556	7
3	44596731	557	9
3	44679996	558	5
3	44763223	559	4
3	44846700	560	8
3	44930238	561	8
3	45013640	562	4
3	45096737	563	3
3	45180364	564	3
3	45263426	565	5
3	45346817	566	4
3	45430302	567	3
3	45513493	568	4
3	45597228	569	6
3	45680235	570	6
3	45763291	571	4
3	45846309	572	4
3	45929365	573	2
3	46012793	574	4
3	46096114	575	3
3	46179674	576	4
3	46263407	577	5
3	46346572	578	5
3	46430084	579	2
3	46513730	580	4
3	46597073	581	2
3	46680259	582	6
3	46763781	583	9
3	46847160	584	3
3	46930400	585	2
3	47013721	586	4
3	47096882	587	4
3	47180372	588	4
3	47263543	589	2
3	47346913	590	3
3	47430245	591	5
3	47513284	592	3
3	47596565	593	3
3	47679810	594	7
3	47762941	595	7
3	47846321	596	6
3	47929275	597	2
3	48012322	598	3
3	48095310	599	4
3	48178715	600	6
3	48261960	601	3
3	48345154	602	5
3	48428488	603	5
3	48511877	604	10
3	48595212	605	8
3	48678720	606	3
3	48762162	607	3
3	48845200	608	6
3	48928430	609	6
3	49011669	610	1
3	49095172	611	5
3	49178806	612	3
3	49262019	613	3
3	49345516	614	5
3	49429238	615	3
3	49512434	616	5
3	49596290	617	4
3	49679996	618	2
3	49763667	619	5
3	49847440	620	3
3	49930854	621	5
3	50014236	622	6
3	50097711	623	4
3	50181014	624	5
3	50264689	625	4
3	50347661	626	5
3	50430826	627	3
3	50514183	628	4
3	50597515	629	5
3	50680885	630	5
3	50764101	631	6
3	50847377	632	2
3	50930412	633	2
3	51013532	634	2
3	51096642	635	2
3	51180022	636	7
3	51263124	637	0
3	51345865	638	5
3	51428734	639	3
3	51511563	640	2
3	51594562	641	7
3	51677840	642	7
3	51761099	643	4
3	51844671	644	3
3	51927614	645	3
3	52010605	646	2
3	52093953	647	7
3	52177234	648	4
3	52261019	649	4
3	52344352	650	4
3	52427397	651	2
3	52510898	652	4
3	52593998	653	2
3	52677350	654	6
3	52760821	655	5
3	52844509	656	1
3	52928073	657	9
3	53011600	658	7
3	53094979	659	3
3	53178621	660	2
3	53261583	661	3
3	53344716	662	3
3	53427736	663	2
3	53510850	664	9
3	53594312	665	3
3	53677462	666	8
3	53760557	667	2
3	53844231	668	4
3	53927412	669	7
3	54010276	670	4
3	54093600	671	1
3	54176781	672	8
3	54259817	673	4
3	54342805	674	7
3	54425794	675	6
3	54509010	676	4
3	54592382	677	5
3	54675434	678	3
3	54758947	679	2
3	54842334	680	5
3	54925544	681	6
3	55009005	682	8
3	55092378	683	4
3	55175370	684	5
3	55259005	685	6
3	55342094	686	2
3	55425322	687	5
3	55508598	688	2
3	55592354	689	5
3	55676125	690	6
3	55759599	691	4
3	55842931	692	3
3	55926128	693	2
3	56009383	694	1
3	56092383	695	5
3	56175441	696	9
3	56259039	697	4
3	56342353	698	8
3	56425896	699	4
3	56509691	700	0
3	56593027	701	5
3	56676493	702	2
3	56759729	703	4
3	56843439	704	3
3	56927082	705	5
3	57010047	706	3
3	57093349	707	2
3	57176497	708	3
3	57259893	709	7
3	57343195	710	2
3	57426403	711	3
3	57509979	712	5
3	57593262	713	3
3	57676544	714	5
3	57760049	715	3
3	57843539	716	6
3	57927000	717	8
3	58010444	718	3
3	58093544	719	2
3	58176876	720	6
3	58259874	721	4
3	58343058	722	5
3	58426297	723	10
3	58509420	724	2
3	58592720	725	3
3	58676093	726	3
3	58759228	727	1
3	58842465	728	3
3	58926005	729	5
3	59009040	730	8
3	59092630	731	1
3	59175887	732	6
3	59259187	733	3
3	59342356	734	10
3	59425574	735	8
3	59508718	736	4
3	59592454	737	3
3	59675809	738	7
3	59758862	739	2
3	59842276	740	2
3	59925690	741	2
3	60008937	742	1
3	60092390	743	6
3	60175754	744	6
3	60259304	745	7
3	60342677	746	4
3	60426347	747	4
3	60509544	748	12
3	60593144	749	6
3	60676585	750	7
3	60759997	751	2
3	60843687	752	4
3	60926983	753	7
3	61010325	754	6
3	61093910	755	4
3	61177382	756	5
3	61260868	757	4
3	61344179	758	3
3	61427624	759	3
3	61510627	760	8
3	61594056	761	4
3	61677289	762	2
3	61761042	763	3
3	61844555	764	7
3	61927875	765	6
3	62011048	766	5
3	62094043	767	8
3	62177641	768	3
3	62260651	769	2
3	62344003	770	4
3	62427490	771	5
3	62510794	772	1
3	62594240	773	3
3	62677573	774	5
3	62761288	775	9
3	62845296	776	3
3	62929000	777	5
3	63012811	778	8
3	63096571	779	4
3	63180145	780	6
3	63263643	781	0
3	63346792	782	7
3	63430323	783	3
3	63513771	784	1
3	63597708	785	4
3	63681502	786	3
3	63764692	787	2
3	63848331	788	6
3	63931861	789	5
3	64015274	790	4
3	64098642	791	4
3	64182076	792	6
3	64265646	793	4
3	64348904	794	3
3	64431984	795	1
3	64515290	796	1
3	64598451	797	3
3	64681443	798	10
3	64764142	799	5
3	64847320	800	3
3	64930526	801	6
3	65013759	802	9
3	65097209	803	8
3	65180461	804	1
3	65264126	805	4
3	65347792	806	7
3	65431137	807	5
3	65514827	808	4
3	65597988	809	8
3	65680913	810	6
3	65764079	811	9
3	65846694	812	1
3	65929881	813	7
3	66012600	814	6
3	66095834	815	6
3	66179178	816	5
3	66262215	817	0
3	66346016	818	6
3	66429312	819	5
3	66512467	820	4
3	66595999	821	1
3	66679191	822	2
3	66762993	823	5
3	66846425	824	3
3	66929625	825	4
3	67012616	826	5
3	67095557	827	3
3	67178613	828	9
3	67261508	829	6
3	67344788	830	5
3	67427825	831	8
3	67510708	832	5
3	67593636	833	5
3	67676896	834	3
3	67760287	835	7
3	67843905	836	6
3	67927206	837	7
3	68010512	838	5
3	68093764	839	4
3	68176635	840	4
3	68259768	841	5
3	68342953	842	3
3	68426460	843	6
3	68509507	844	5
3	68592521	845	3
3	68676091	846	7
3	68759329	847	0
3	68842271	848	5
3	68925362	849	3
3	69008502	850	2
3	69092337	851	2
3	69175278	852	4
3	69258532	853	6
3	69342225	854	4
3	69425715	855	4
3	69509151	856	7
3	69592564	857	3
3	69676124	858	2
3	69759992	859	0
3	69843530	860	3
3	69927182	861	2
3	70010964	862	1
3	70094774	863	7
3	70178401	864	3
3	70261896	865	6
3	70345094	866	4
3	70428238	867	1
3	70511252	868	4
3	70594423	869	1
3	70677839	870	5
3	70760885	871	3
3	70844020	872	2
3	70927318	873	4
3	71010645	874	3
3	71094019	875	5
3	71177054	876	8
3	71260290	877	4
3	71343431	878	3
3	71426598	879	4
3	71509877	880	4
3	71592889	881	5
3	71676051	882	0
3	71759367	883	9
3	71842330	884	6
3	71925670	885	6
3	72009035	886	6
3	72092132	887	2
3	72175737	888	2
3	72258931	889	2
3	72342121	890	4
3	72425689	891	3
3	72508784	892	5
3	72592297	893	7
3	72675873	894	5
3	72759112	895	3
3	72842547	896	3
3	72925716	897	4
3	73008887	898	3
3	73092028	899	4
3	73175216	900	2
3	73258660	901	4
3	73342052	902	3
3	73425302	903	6
3	73508801	904	6
3	73591906	905	6
3	73675034	906	5
3	73758486	907	7
3	73841933	908	2
3	73925257	909	5
3	74008544	910	2
3	74092179	911	7
3	74176021	912	3
3	74259244	913	1
3	74342740	914	5
3	74426155	915	9
3	74509176	916	5
3	74592796	917	10
3	74676500	918	8
3	74759995	919	5
3	74843392	920	9
3	74926574	921	6
3	75010283	922	4
3	75093722	923	4
3	75176927	924	4
3	75260897	925	3
3	75344138	926	5
3	75427665	927	5
3	75511092	928	2
3	75594136	929	3
3	75677617	930	4
3	75760668	931	2
3	75843921	932	3
3	75927387	933	5
3	76010403	934	5
3	76093634	935	6
3	76176656	936	4
3	76260284	937	4
3	76343461	938	6
3	76426587	939	4
3	76510151	940	3
3	76593586	941	5
3	76677107	942	4
3	76760455	943	2
3	76843876	944	5
3	76927215	945	4
3	77010185	946	4
3	77093728	947	5
3	77176879	948	4
3	77260078	949	2
3	77343205	950	0
3	77426384	951	4
3	77509762	952	5
3	77592717	953	5
3	77675797	954	1
3	77759641	955	7
3	77843070	956	7
3	77926437	957	8
3	78010323	958	7
3	78093655	959	5
3	78176879	960	3
3	78260336	961	4
3	78343637	962	6
3	78426763	963	4
3	78509734	964	11
3	78593310	965	5
3	78676313	966	5
3	78759144	967	6
3	78842507	968	9
3	78925399	969	4
3	79008407	970	5
3	79091210	971	4
3	79174259	972	3
3	79257697	973	5
3	79340824	974	6
3	79424151	975	4
3	79507743	976	4
3	79590947	977	5
3	79674555	978	3
3	79757875	979	4
3	79841319	980	4
3	79924626	981	7
3	80007891	982	6
3	80091560	983	3
3	80174690	984	5
3	80258375	985	7
3	80341939	986	5
3	80425034	987	1
3	80508591	988	7
3	80591593	989	2
3	80675088	990	3
3	80758337	991	5
3	80841535	992	5
3	80924925	993	6
3	81008025	994	5
3	81091282	995	4
3	81174582	996	4
3	81257783	997	2
3	81341361	998	3
3	81425158	999	5
4	41513051	520	0.2485766546233
4	41596965	521	0.24806742787091
4	41680519	522	0.24760525074654
4	41764103	523	0.24714572533038
4	41847988	524	0.24661640272282
4	41931097	525	0.24614411067764
4	42014251	526	0.24566294342937
4	42097836	527	0.24518800371958
4	42181233	528	0.24468299361082
4	42264715	529	0.24417513615084
4	42347966	530	0.2437393009086
4	42431583	531	0.24327178984575
4	42514929	532	0.24280319604649
4	42598508	533	0.24231427358801
4	42681584	534	0.24183805121457
4	42764837	535	0.24137477356535
4	42848584	536	0.24092279635258
4	42931407	537	0.2404122260571
4	43014769	538	0.23996939085624
4	43097627	539	0.23953529406077
4	43180516	540	0.23904143206345
4	43263686	541	0.23862483222688
4	43346563	542	0.23814099753637
4	43429722	543	0.23769629992843
4	43513075	544	0.23726136371795
4	43596553	545	0.23678852687074
4	43679862	546	0.23637260838264
4	43763202	547	0.2359367973752
4	43846759	548	0.23548330798574
4	43930108	549	0.2350314992257
4	44013484	550	0.2346123734895
4	44096643	551	0.23416467300154
4	44180337	552	0.23375472847286
4	44263946	553	0.2333033923453
4	44347132	554	0.23286489759422
4	44430436	555	0.23243987735378
4	44513747	556	0.23196373287707
4	44596731	557	0.23156152225496
4	44679996	558	0.2311473119156
4	44763223	559	0.23071148339593
4	44846700	560	0.2302809223346
4	44930238	561	0.22987695314309
4	45013640	562	0.22944706872007
4	45096737	563	0.22903727693065
4	45180364	564	0.22861990728856
4	45263426	565	0.22819304709679
4	45346817	566	0.22776793546501
4	45430302	567	0.22737345503078
4	45513493	568	0.22696441281545
4	45597228	569	0.22654805901799
4	45680235	570	0.2261220689977
4	45763291	571	0.22571476930522
4	45846309	572	0.22534850307821
4	45929365	573	0.22492759659164
4	46012793	574	0.22452380037911
4	46096114	575	0.22413929194838
4	46179674	576	0.22370985748112
4	46263407	577	0.22333425826173
4	46346572	578	0.22294622042662
4	46430084	579	0.22254157992523
4	46513730	580	0.22216114515041
4	46597073	581	0.22173619257033
4	46680259	582	0.22135271163388
4	46763781	583	0.22097137772011
4	46847160	584	0.22056777143668
4	46930400	585	0.22020774712588
4	47013721	586	0.2198228856491
4	47096882	587	0.21945083523954
4	47180372	588	0.21906553702668
4	47263543	589	0.21868976899866
4	47346913	590	0.21830085288595
4	47430245	591	0.2179137813056
4	47513284	592	0.21756266251048
4	47596565	593	0.21719520697025
4	47679810	594	0.21682027423934
4	47762941	595	0.21642976166019
4	47846321	596	0.21607257180681
4	47929275	597	0.21570581277971
4	48012322	598	0.2153535737997
4	48095310	599	0.21497283954881
4	48178715	600	0.21462102283808
4	48261960	601	0.21424392531204
4	48345154	602	0.21389515452838
4	48428488	603	0.21353379107542
4	48511877	604	0.21318894352364
4	48595212	605	0.21282744347131
4	48678720	606	0.21249129750125
4	48762162	607	0.21210566975753
4	48845200	608	0.21176359356144
4	48928430	609	0.21140976249633
4	49011669	610	0.21106476678453
4	49095172	611	0.21069182057657
4	49178806	612	0.2103565879043
4	49262019	613	0.21001573317214
4	49345516	614	0.20966555022213
4	49429238	615	0.20933083145483
4	49512434	616	0.20898632283801
4	49596290	617	0.20865934613015
4	49679996	618	0.20829183656852
4	49763667	619	0.20794393497291
4	49847440	620	0.20764554280524
4	49930854	621	0.20728733502549
4	50014236	622	0.20693490967222
4	50097711	623	0.20662553953484
4	50181014	624	0.20627997759882
4	50264689	625	0.205947391003
4	50347661	626	0.20562992770553
4	50430826	627	0.20529298934865
4	50514183	628	0.20496435487297
4	50597515	629	0.20461604336798
4	50680885	630	0.20431599930859
4	50764101	631	0.20398909095736
4	50847377	632	0.20364998471104
4	50930412	633	0.20333393033773
4	51013532	634	0.20298343720002
4	51096642	635	0.20267692242158
4	51180022	636	0.20234041756143
4	51263124	637	0.20201269762331
4	51345865	638	0.20170832698396
4	51428734	639	0.20138265515327
4	51511563	640	0.20104902665815
4	51594562	641	0.20075336866862
4	51677840	642	0.20043068446348
4	51761099	643	0.20011670188074
4	51844671	644	0.19978818110516
4	51927614	645	0.19949163177621
4	52010605	646	0.19917657931848
4	52093953	647	0.19887833739373
4	52177234	648	0.19859238270352
4	52261019	649	0.19825296524166
4	52344352	650	0.19794112263726
4	52427397	651	0.19763681370893
4	52510898	652	0.19733822492443
4	52593998	653	0.19703600723473
4	52677350	654	0.19673882910851
4	52760821	655	0.19643992870435
4	52844509	656	0.19612680955638
4	52928073	657	0.19580936729663
4	53011600	658	0.19552885469999
4	53094979	659	0.19520987394302
4	53178621	660	0.19492489071916
4	53261583	661	0.19461185803328
4	53344716	662	0.19432548543524
4	53427736	663	0.19402246154681
4	53510850	664	0.19372686945133
4	53594312	665	0.19343648993301
4	53677462	666	0.19315239809737
4	53760557	667	0.19285300340975
4	53844231	668	0.19257335427476
4	53927412	669	0.19226510218456
4	54010276	670	0.19199127686933
4	54093600	671	0.1917087441428
4	54176781	672	0.19140831698451
4	54259817	673	0.19111108144472
4	54342805	674	0.19084939812955
4	54425794	675	0.19055807781225
4	54509010	676	0.1902847765155
4	54592382	677	0.18999785833553
4	54675434	678	0.18974258527501
4	54758947	679	0.18946335140365
4	54842334	680	0.18917379078623
4	54925544	681	0.1888923528143
4	55009005	682	0.18860726402817
4	55092378	683	0.18833474011738
4	55175370	684	0.18806176668004
4	55259005	685	0.18779707469761
4	55342094	686	0.18750595750964
4	55425322	687	0.18724047514627
4	55508598	688	0.18697857559478
4	55592354	689	0.18673265760842
4	55676125	690	0.18643202032801
4	55759599	691	0.18618245693437
4	55842931	692	0.18588647924934
4	55926128	693	0.18562657231323
4	56009383	694	0.18536412904512
4	56092383	695	0.18510646142502
4	56175441	696	0.18481673850866
4	56259039	697	0.18454717535928
4	56342353	698	0.18428341922657
4	56425896	699	0.18403083488549
4	56509691	700	0.18376100823393
4	56593027	701	0.18349334456198
4	56676493	702	0.18324548594548
4	56759729	703	0.18297781659325
4	56843439	704	0.18273044531453
4	56927082	705	0.18245476738876
4	57010047	706	0.182186286196
4	57093349	707	0.18193198244393
4	57176497	708	0.1816803124229
4	57259893	709	0.18142906648088
4	57343195	710	0.18118141300254
4	57426403	711	0.18091812258309
4	57509979	712	0.18067044557111
4	57593262	713	0.1804090186119
4	57676544	714	0.18016646929938
4	57760049	715	0.17992024773651
4	57843539	716	0.17966140446769
4	57927000	717	0.17940682568716
4	58010444	718	0.17916811749336
4	58093544	719	0.17891809027889
4	58176876	720	0.17866050127543
4	58259874	721	0.17840858819451
4	58343058	722	0.17816790500733
4	58426297	723	0.1779307711076
4	58509420	724	0.17767903483778
4	58592720	725	0.17744013905122
4	58676093	726	0.17721083345803
4	58759228	727	0.17695779227913
4	58842465	728	0.17671977266863
4	58926005	729	0.17648141348479
4	59009040	730	0.17625181581112
4	59092630	731	0.1760107446921
4	59175887	732	0.17577201294905
4	59259187	733	0.17551292438776
4	59342356	734	0.17528508873052
4	59425574	735	0.17505716847497
4	59508718	736	0.1748221474181
4	59592454	737	0.17459724755143
4	59675809	738	0.17435008425635
4	59758862	739	0.17412578169746
4	59842276	740	0.1738704780306
4	59925690	741	0.17364365791366
4	60008937	742	0.17340625825157
4	60092390	743	0.17319092242104
4	60175754	744	0.17294302304638
4	60259304	745	0.17271803779687
4	60342677	746	0.17248791018555
4	60426347	747	0.17225913905022
4	60509544	748	0.17201578425344
4	60593144	749	0.17179499408925
4	60676585	750	0.17156068557938
4	60759997	751	0.17132995713651
4	60843687	752	0.17109440989996
4	60926983	753	0.17088512716361
4	61010325	754	0.17064018929483
4	61093910	755	0.17042726957932
4	61177382	756	0.17019379975712
4	61260868	757	0.16998354335072
4	61344179	758	0.16974873873184
4	61427624	759	0.16951701770843
4	61510627	760	0.16929885696602
4	61594056	761	0.16907157782775
4	61677289	762	0.1688509152099
4	61761042	763	0.16863805988848
4	61844555	764	0.16842219395734
4	61927875	765	0.16820238691155
4	62011048	766	0.1679770575549
4	62094043	767	0.16776434646313
4	62177641	768	0.1675287275285
4	62260651	769	0.1673270205545
4	62344003	770	0.16708712504074
4	62427490	771	0.16688971388824
4	62510794	772	0.16665731764457
4	62594240	773	0.16645987806887
4	62677573	774	0.16624446607325
4	62761288	775	0.16602869830628
4	62845296	776	0.1658177247262
4	62929000	777	0.16559591571534
4	63012811	778	0.16538092066396
4	63096571	779	0.16516934914492
4	63180145	780	0.16496418629817
4	63263643	781	0.16473363619696
4	63346792	782	0.16452433791259
4	63430323	783	0.16432873875434
4	63513771	784	0.16410866177521
4	63597708	785	0.16388186734592
4	63681502	786	0.16368809366741
4	63764692	787	0.16348253164803
4	63848331	788	0.1632798536561
4	63931861	789	0.16307309570029
4	64015274	790	0.16286948638635
4	64098642	791	0.16266773019079
4	64182076	792	0.16244880393301
4	64265646	793	0.16224793844358
4	64348904	794	0.16204822991735
4	64431984	795	0.16185665954843
4	64515290	796	0.16165901194137
4	64598451	797	0.16143986344747
4	64681443	798	0.16125226440977
4	64764142	799	0.16104997625406
4	64847320	800	0.16087133042593
4	64930526	801	0.16068078879963
4	65013759	802	0.16047955344379
4	65097209	803	0.16029566452097
4	65180461	804	0.16009390413558
4	65264126	805	0.15989311356092
4	65347792	806	0.15969584446915
4	65431137	807	0.15949816555655
4	65514827	808	0.15930229906658
4	65597988	809	0.15910930951541
4	65680913	810	0.15891511472245
4	65764079	811	0.15873380163425
4	65846694	812	0.15853591760938
4	65929881	813	0.15833877554847
4	66012600	814	0.15815866347912
4	66095834	815	0.15795654040626
4	66179178	816	0.15778221064454
4	66262215	817	0.15759016328456
4	66346016	818	0.15740534447678
4	66429312	819	0.15722259135182
4	66512467	820	0.15702079426698
4	66595999	821	0.15684379110694
4	66679191	822	0.15666552359062
4	66762993	823	0.15647800682647
4	66846425	824	0.15628661649525
4	66929625	825	0.15608861453814
4	67012616	826	0.15591449902106
4	67095557	827	0.15571760845526
4	67178613	828	0.15553615608416
4	67261508	829	0.15535144411945
4	67344788	830	0.15516052433209
4	67427825	831	0.15497034498766
4	67510708	832	0.15479249075911
4	67593636	833	0.15461608183348
4	67676896	834	0.154449512947
4	67760287	835	0.15425584047446
4	67843905	836	0.1540760785022
4	67927206	837	0.15389564770585
4	68010512	838	0.15372836414915
4	68093764	839	0.15354115829229
4	68176635	840	0.15337354755751
4	68259768	841	0.15319405983602
4	68342953	842	0.15301314437726
4	68426460	843	0.15281964727332
4	68509507	844	0.15264858123793
4	68592521	845	0.15247879435477
4	68676091	846	0.15230104512904
4	68759329	847	0.15212151516694
4	68842271	848	0.15194249337425
4	68925362	849	0.15177197986828
4	69008502	850	0.15159293810739
4	69092337	851	0.15140119954926
4	69175278	852	0.15123913022454
4	69258532	853	0.15106401949712
4	69342225	854	0.15088513241735
4	69425715	855	0.15070983886402
4	69509151	856	0.15053702146309
4	69592564	857	0.15036249163552
4	69676124	858	0.1501866884076
4	69759992	859	0.15001441992443
4	69843530	860	0.14984352853468
4	69927182	861	0.14968452575852
4	70010964	862	0.14952083486441
4	70094774	863	0.14934210381453
4	70178401	864	0.14917491991115
4	70261896	865	0.14899773467096
4	70345094	866	0.14883052225752
4	70428238	867	0.14865765047199
4	70511252	868	0.1484900546783
4	70594423	869	0.1483218376064
4	70677839	870	0.14815246082626
4	70760885	871	0.14798543638157
4	70844020	872	0.14782216646411
4	70927318	873	0.14766185028735
4	71010645	874	0.14750130191452
4	71094019	875	0.14734431803795
4	71177054	876	0.14717817689938
4	71260290	877	0.14701233691157
4	71343431	878	0.14686032546558
4	71426598	879	0.14668486728238
4	71509877	880	0.14652710608354
4	71592889	881	0.14637671269776
4	71676051	882	0.14621410296331
4	71759367	883	0.14604665828236
4	71842330	884	0.14588779106554
4	71925670	885	0.14573819661172
4	72009035	886	0.14557409921313
4	72092132	887	0.14539681588761
4	72175737	888	0.14524899675356
4	72258931	889	0.14509787736101
4	72342121	890	0.14492468311473
4	72425689	891	0.14477903649133
4	72508784	892	0.14460677782229
4	72592297	893	0.14446271017294
4	72675873	894	0.14429815780705
4	72759112	895	0.14413497184789
4	72842547	896	0.14398513406793
4	72925716	897	0.14383400856238
4	73008887	898	0.14366967528979
4	73092028	899	0.14352288168256
4	73175216	900	0.14336019241319
4	73258660	901	0.143216905496
4	73342052	902	0.14306420367094
4	73425302	903	0.14291715031007
4	73508801	904	0.14276084246064
4	73591906	905	0.14259483530498
4	73675034	906	0.14245001325538
4	73758486	907	0.14229309331994
4	73841933	908	0.1421266520184
4	73925257	909	0.14197679778253
4	74008544	910	0.14183163899169
4	74092179	911	0.14168021026039
4	74176021	912	0.14152872305709
4	74259244	913	0.14137124935468
4	74342740	914	0.14122002845249
4	74426155	915	0.14107887828475
4	74509176	916	0.14092361465044
4	74592796	917	0.14077918713884
4	74676500	918	0.14063167687716
4	74759995	919	0.1404797365236
4	74843392	920	0.14033884434265
4	74926574	921	0.14018761448166
4	75010283	922	0.14003941530539
4	75093722	923	0.13989207963609
4	75176927	924	0.13973493821102
4	75260897	925	0.13959427769756
4	75344138	926	0.13943586869212
4	75427665	927	0.13929497025198
4	75511092	928	0.13915735401677
4	75594136	929	0.13899914580619
4	75677617	930	0.13886522405861
4	75760668	931	0.13872046520648
4	75843921	932	0.13858696940572
4	75927387	933	0.13844713230911
4	76010403	934	0.13828320751198
4	76093634	935	0.13815146857405
4	76176656	936	0.13801327557747
4	76260284	937	0.13786637552173
4	76343461	938	0.137726081849
4	76426587	939	0.13759430078801
4	76510151	940	0.13746297395354
4	76593586	941	0.13731460781145
4	76677107	942	0.13716697388304
4	76760455	943	0.13703687843419
4	76843876	944	0.13688514291977
4	76927215	945	0.13675868745201
4	77010185	946	0.13662836255769
4	77093728	947	0.13648790704553
4	77176879	948	0.13633432940693
4	77260078	949	0.13619357973227
4	77343205	950	0.13606298104248
4	77426384	951	0.1359159684152
4	77509762	952	0.13577130046923
4	77592717	953	0.13563465293922
4	77675797	954	0.13549654147585
4	77759641	955	0.13536265495281
4	77843070	956	0.13521744378637
4	77926437	957	0.13509232150988
4	78010323	958	0.13495803850584
4	78093655	959	0.13481911694514
4	78176879	960	0.13468616268103
4	78260336	961	0.13454974154824
4	78343637	962	0.13440499804395
4	78426763	963	0.13426988430687
4	78509734	964	0.13414319942664
4	78593310	965	0.13400420130742
4	78676313	966	0.13387935888978
4	78759144	967	0.13374510408444
4	78842507	968	0.13361875584004
4	78925399	969	0.133474858751
4	79008407	970	0.13334442154613
4	79091210	971	0.13322039838776
4	79174259	972	0.13308126779629
4	79257697	973	0.13296568071864
4	79340824	974	0.13282937574599
4	79424151	975	0.13270953260832
4	79507743	976	0.13258296684425
4	79590947	977	0.13245707490223
4	79674555	978	0.1323343147424
4	79757875	979	0.13219581352037
4	79841319	980	0.1320547688087
4	79924626	981	0.13192572828471
4	80007891	982	0.13179953492102
4	80091560	983	0.13167083508753
4	80174690	984	0.13155191054649
4	80258375	985	0.13142396369943
4	80341939	986	0.13129321314139
4	80425034	987	0.13116271887678
4	80508591	988	0.13103941528229
4	80591593	989	0.13090833837435
4	80675088	990	0.13077261659725
4	80758337	991	0.13064505060466
4	80841535	992	0.13051724126988
4	80924925	993	0.13039552493383
4	81008025	994	0.13027028636255
4	81091282	995	0.13013884556271
4	81174582	996	0.13002159335713
4	81257783	997	0.12989017122782
4	81341361	998	0.12977704043173
4	81425158	999	0.12964130999827
5	41513052	520	495857
5	41596966	521	493285
5	41680520	522	485785
5	41764104	523	490857
5	41847989	524	473642
5	41931098	525	475571
5	42014252	526	493857
5	42097837	527	486428
5	42181234	528	499928
5	42264716	529	478857
5	42347967	530	486571
5	42431584	531	496500
5	42514930	532	473857
5	42598509	533	492642
5	42681585	534	473428
5	42764838	535	487642
5	42848585	536	481785
5	42931408	537	483000
5	43014770	538	480642
5	43097628	539	479857
5	43180517	540	482857
5	43263687	541	480571
5	43346564	542	488642
5	43429723	543	478214
5	43513076	544	500071
5	43596554	545	484214
5	43679863	546	494000
5	43763203	547	482642
5	43846760	548	483428
5	43930109	549	489571
5	44013485	550	491142
5	44096644	551	488428
5	44180338	552	475642
5	44263947	553	490000
5	44347133	554	488928
5	44430437	555	484785
5	44513748	556	485928
5	44596732	557	483928
5	44679997	558	488357
5	44763224	559	485214
5	44846701	560	495571
5	44930239	561	493857
5	45013641	562	483571
5	45096738	563	484428
5	45180365	564	485642
5	45263427	565	487642
5	45346818	566	482071
5	45430303	567	497285
5	45513494	568	486785
5	45597229	569	480285
5	45680236	570	488357
5	45763292	571	471000
5	45846310	572	488928
5	45929366	573	485142
5	46012794	574	482285
5	46096115	575	505857
5	46179675	576	483785
5	46263408	577	492357
5	46346573	578	479357
5	46430085	579	489214
5	46513731	580	475071
5	46597074	581	488428
5	46680260	582	486714
5	46763782	583	488142
5	46847161	584	485214
5	46930401	585	486000
5	47013722	586	477785
5	47096883	587	485857
5	47180373	588	498857
5	47263544	589	472285
5	47346914	590	502285
5	47430246	591	477785
5	47513285	592	494071
5	47596566	593	475785
5	47679811	594	485500
5	47762942	595	477500
5	47846322	596	490857
5	47929276	597	472642
5	48012323	598	487571
5	48095311	599	480071
5	48178716	600	487142
5	48261961	601	487785
5	48345155	602	494428
5	48428489	603	477642
5	48511878	604	489714
5	48595213	605	486928
5	48678721	606	486428
5	48762163	607	477785
5	48845201	608	478571
5	48928431	609	494142
5	49011670	610	487071
5	49095173	611	486571
5	49178807	612	495142
5	49262020	613	496928
5	49345517	614	468071
5	49429239	615	495428
5	49512435	616	493142
5	49596291	617	487071
5	49679997	618	493857
5	49763668	619	496642
5	49847441	620	496714
5	49930855	621	470000
5	50014237	622	487928
5	50097712	623	487000
5	50181015	624	485928
5	50264690	625	490214
5	50347662	626	483714
5	50430827	627	489857
5	50514184	628	486928
5	50597516	629	491142
5	50680886	630	473642
5	50764102	631	496142
5	50847378	632	466500
5	50930413	633	491714
5	51013533	634	487785
5	51096643	635	489214
5	51180023	636	486285
5	51263125	637	489071
5	51345866	638	475214
5	51428735	639	464000
5	51511564	640	488571
5	51594563	641	496428
5	51677841	642	480142
5	51761100	643	494000
5	51844672	644	491928
5	51927615	645	479357
5	52010606	646	478142
5	52093954	647	486714
5	52177235	648	495214
5	52261020	649	475928
5	52344353	650	501500
5	52427398	651	485428
5	52510899	652	500857
5	52593999	653	470857
5	52677351	654	492714
5	52760822	655	478785
5	52844510	656	495928
5	52928074	657	484500
5	53011601	658	499642
5	53094980	659	478285
5	53178622	660	491500
5	53261584	661	472714
5	53344717	662	488642
5	53427737	663	477214
5	53510851	664	494857
5	53594313	665	469714
5	53677463	666	492857
5	53760558	667	488500
5	53844232	668	493785
5	53927413	669	474500
5	54010277	670	491500
5	54093601	671	481428
5	54176782	672	482714
5	54259818	673	482785
5	54342806	674	491571
5	54425795	675	475642
5	54509011	676	489500
5	54592383	677	497428
5	54675435	678	480000
5	54758948	679	485571
5	54842335	680	478285
5	54925545	681	503500
5	55009006	682	475214
5	55092379	683	491500
5	55175371	684	490500
5	55259006	685	489000
5	55342095	686	469857
5	55425323	687	494500
5	55508599	688	480357
5	55592355	689	496428
5	55676126	690	476071
5	55759600	691	494071
5	55842932	692	480642
5	55926129	693	476857
5	56009384	694	478714
5	56092384	695	476571
5	56175442	696	497142
5	56259040	697	495071
5	56342354	698	493714
5	56425897	699	499500
5	56509692	700	476357
5	56593028	701	486642
5	56676494	702	483214
5	56759730	703	485142
5	56843440	704	490142
5	56927083	705	480714
5	57010048	706	486714
5	57093350	707	479642
5	57176498	708	487571
5	57259894	709	483357
5	57343196	710	488142
5	57426404	711	492857
5	57509980	712	486642
5	57593263	713	482142
5	57676545	714	485214
5	57760050	715	488285
5	57843540	716	489142
5	57927001	717	483000
5	58010445	718	492928
5	58093545	719	478000
5	58176877	720	477285
5	58259875	721	488357
5	58343059	722	485714
5	58426298	723	485071
5	58509421	724	482357
5	58592721	725	487642
5	58676094	726	490928
5	58759229	727	483714
5	58842466	728	487785
5	58926006	729	483142
5	59009041	730	475285
5	59092631	731	496928
5	59175888	732	477357
5	59259188	733	500785
5	59342357	734	469642
5	59425575	735	490571
5	59508719	736	482500
5	59592455	737	489428
5	59675810	738	472785
5	59758863	739	499357
5	59842277	740	481142
5	59925691	741	492357
5	60008938	742	491000
5	60092391	743	491500
5	60175755	744	475285
5	60259305	745	492642
5	60342678	746	475357
5	60426348	747	496714
5	60509545	748	475785
5	60593145	749	499214
5	60676586	750	478428
5	60759998	751	492571
5	60843688	752	489857
5	60926984	753	483500
5	61010326	754	480642
5	61093911	755	482285
5	61177383	756	488000
5	61260869	757	490642
5	61344180	758	482071
5	61427625	759	488642
5	61510628	760	477785
5	61594057	761	493214
5	61677290	762	481857
5	61761043	763	505642
5	61844556	764	470000
5	61927876	765	498928
5	62011049	766	472428
5	62094044	767	489928
5	62177642	768	489500
5	62260652	769	480642
5	62344004	770	491928
5	62427491	771	482642
5	62510795	772	500285
5	62594241	773	478142
5	62677574	774	482071
5	62761289	775	502142
5	62845297	776	500785
5	62929001	777	480785
5	63012812	778	501714
5	63096572	779	478071
5	63180146	780	493285
5	63263644	781	475071
5	63346793	782	485285
5	63430324	783	493214
5	63513772	784	475000
5	63597709	785	498285
5	63681503	786	493285
5	63764693	787	491214
5	63848332	788	492142
5	63931862	789	473857
5	64015275	790	494071
5	64098643	791	480500
5	64182077	792	499142
5	64265647	793	488142
5	64348905	794	480642
5	64431985	795	484000
5	64515291	796	479000
5	64598452	797	482642
5	64681444	798	489000
5	64764143	799	492928
5	64847321	800	492785
5	64930527	801	487785
5	65013760	802	485357
5	65097210	803	484285
5	65180462	804	491000
5	65264127	805	485357
5	65347793	806	490357
5	65431138	807	473285
5	65514828	808	486500
5	65597989	809	474642
5	65680914	810	494928
5	65764080	811	491000
5	65846695	812	481357
5	65929882	813	485285
5	66012601	814	488928
5	66095835	815	496071
5	66179179	816	481928
5	66262216	817	486214
5	66346017	818	483928
5	66429313	819	494857
5	66512468	820	483714
5	66596000	821	493071
5	66679192	822	484928
5	66762994	823	484142
5	66846426	824	492000
5	66929626	825	476500
5	67012617	826	482428
5	67095558	827	480714
5	67178614	828	482857
5	67261509	829	485714
5	67344789	830	504428
5	67427826	831	473285
5	67510709	832	487714
5	67593637	833	481785
5	67676897	834	489142
5	67760288	835	483000
5	67843906	836	493428
5	67927207	837	487857
5	68010513	838	485357
5	68093765	839	472000
5	68176636	840	477500
5	68259769	841	482357
5	68342954	842	496142
5	68426461	843	487785
5	68509508	844	487142
5	68592522	845	498428
5	68676092	846	471000
5	68759330	847	480000
5	68842272	848	486071
5	68925363	849	487571
5	69008503	850	487428
5	69092338	851	494000
5	69175279	852	476714
5	69258533	853	489785
5	69342226	854	484785
5	69425716	855	486857
5	69509152	856	490714
5	69592565	857	486857
5	69676125	858	494928
5	69759993	859	487571
5	69843531	860	478571
5	69927183	861	489357
5	70010965	862	489142
5	70094775	863	498000
5	70178402	864	488142
5	70261897	865	484214
5	70345095	866	482500
5	70428239	867	485428
5	70511253	868	480714
5	70594424	869	484000
5	70677840	870	490928
5	70760886	871	487357
5	70844021	872	486785
5	70927319	873	487214
5	71010646	874	493857
5	71094020	875	479214
5	71177055	876	476857
5	71260291	877	482285
5	71343432	878	496857
5	71426599	879	482214
5	71509878	880	487071
5	71592890	881	494214
5	71676052	882	475214
5	71759368	883	484285
5	71842331	884	477857
5	71925671	885	493071
5	72009036	886	480142
5	72092133	887	489642
5	72175738	888	484214
5	72258932	889	488571
5	72342122	890	484785
5	72425690	891	484285
5	72508785	892	473500
5	72592298	893	492785
5	72675874	894	481785
5	72759113	895	484857
5	72842548	896	484642
5	72925717	897	482428
5	73008888	898	491142
5	73092029	899	488000
5	73175217	900	489857
5	73258661	901	485214
5	73342053	902	490642
5	73425303	903	482428
5	73508802	904	487000
5	73591907	905	477357
5	73675035	906	490571
5	73758487	907	489142
5	73841934	908	485214
5	73925258	909	480928
5	74008545	910	496857
5	74092180	911	485642
5	74176022	912	489071
5	74259245	913	482571
5	74342741	914	476071
5	74426156	915	483428
5	74509177	916	481214
5	74592797	917	499714
5	74676501	918	495285
5	74759996	919	485857
5	74843393	920	490785
5	74926575	921	482071
5	75010284	922	490000
5	75093723	923	480857
5	75176928	924	491642
5	75260898	925	499500
5	75344139	926	475071
5	75427666	927	496642
5	75511093	928	483000
5	75594137	929	486642
5	75677618	930	480071
5	75760669	931	471571
5	75843922	932	496428
5	75927388	933	483714
5	76010404	934	480428
5	76093635	935	501928
5	76176657	936	478428
5	76260285	937	491785
5	76343462	938	473857
5	76426588	939	491928
5	76510152	940	482642
5	76593587	941	485785
5	76677108	942	491071
5	76760456	943	499214
5	76843877	944	482214
5	76927216	945	484785
5	77010186	946	482357
5	77093729	947	480928
5	77176880	948	470357
5	77260079	949	488500
5	77343206	950	479428
5	77426385	951	493714
5	77509763	952	487642
5	77592718	953	486714
5	77675798	954	496785
5	77759642	955	491285
5	77843071	956	489714
5	77926438	957	487571
5	78010324	958	487214
5	78093656	959	468357
5	78176880	960	492714
5	78260337	961	483428
5	78343638	962	480428
5	78426764	963	490642
5	78509735	964	483214
5	78593311	965	491714
5	78676314	966	472785
5	78759145	967	487642
5	78842508	968	480142
5	78925400	969	473000
5	79008408	970	475714
5	79091211	971	497142
5	79174260	972	482214
5	79257698	973	489500
5	79340825	974	487571
5	79424152	975	492500
5	79507744	976	478928
5	79590948	977	481500
5	79674556	978	490142
5	79757876	979	478571
5	79841320	980	493357
5	79924627	981	482428
5	80007892	982	490071
5	80091561	983	489857
5	80174691	984	488785
5	80258376	985	485857
5	80341940	986	485142
5	80425035	987	477142
5	80508592	988	490785
5	80591594	989	470285
5	80675089	990	501214
5	80758338	991	478571
5	80841536	992	494000
5	80924926	993	479214
5	81008026	994	490785
5	81091283	995	482571
5	81174583	996	491928
5	81257784	997	490000
5	81341362	998	496714
5	81425159	999	487071
6	44013483	550	20
6	48178714	600	20
6	52344351	650	20
6	56509690	700	20
6	60676584	750	20
6	64847319	800	20
6	69008501	850	20
6	73175215	900	20
6	77343204	950	20
6	81508496	1000	20
7	44013483	550	0
7	48178714	600	0
7	52344351	650	0
7	56509690	700	0
7	60676584	750	0
7	64847319	800	0
7	69008501	850	0
7	73175215	900	0
7	77343204	950	0
7	81508496	1000	0
