version 2
run PerfectCC-2-20100909-16:49:57-336
attr configname PerfectCC
attr datetime 20100909-16:49:57
attr delay 500ms
attr experiment PerfectCC
attr inifile D:/Developement/Oversim2/multic/simulations/omnetpp.ini
attr iterationvars $delay=500ms
attr iterationvars2 "$delay=500ms, $repetition=0"
attr measurement $delay=500ms
attr network oversim.underlay.simpleunderlay.SimpleUnderlayNetwork
attr processid 336
attr repetition 0
attr replication #0
attr resultdir results
attr runnumber 2
attr seedset 2

vector 1  SimpleUnderlayNetwork.globalObserver.globalStatistics  incoming_bytes  ETV
vector 2  SimpleUnderlayNetwork.globalObserver.globalStatistics  drops  ETV
vector 3  SimpleUnderlayNetwork.globalObserver.globalStatistics  delayed_acks  ETV
vector 4  SimpleUnderlayNetwork.globalObserver.globalStatistics  timetotimeouts  ETV
vector 5  SimpleUnderlayNetwork.globalObserver.globalStatistics  rate  ETV
vector 6  SimpleUnderlayNetwork.globalObserver.globalStatistics  "GlobalNodeList: Number of nodes"  ETV
vector 7  SimpleUnderlayNetwork.globalObserver.globalStatistics  "GlobalNodeList: Number of bootstrapped malicious nodes"  ETV
1	41769588	519	86390
1	41853185	520	90524
1	41936585	521	88404
1	42019813	522	86655
1	42102807	523	84376
1	42185939	524	89093
1	42269481	525	90259
1	42353012	526	90736
1	42436354	527	83634
1	42519465	528	87503
1	42602661	529	88139
1	42686359	530	88934
1	42770231	531	89305
1	42854301	532	89411
1	42938189	533	90259
1	43022076	534	87397
1	43105758	535	90206
1	43189725	536	85754
1	43273416	537	91425
1	43357488	538	89199
1	43441639	539	89570
1	43525150	540	89729
1	43608442	541	84800
1	43692102	542	88669
1	43775429	543	92432
1	43858832	544	82256
1	43942688	545	89888
1	44026421	546	92644
1	44110690	547	88563
1	44194512	548	89199
1	44278313	549	85330
1	44362083	550	91584
1	44446256	551	87556
1	44530364	552	93015
1	44614258	553	87980
1	44697861	554	87026
1	44781357	555	88086
1	44864720	556	88245
1	44948452	557	88669
1	45032344	558	89305
1	45116220	559	89729
1	45200129	560	88775
1	45283561	561	86708
1	45366947	562	87238
1	45450074	563	87715
1	45533342	564	90259
1	45616372	565	86072
1	45699577	566	84959
1	45782558	567	88987
1	45865917	568	88722
1	45949422	569	88086
1	46033033	570	87609
1	46116823	571	90259
1	46200674	572	88775
1	46284095	573	87662
1	46367652	574	88722
1	46450885	575	87980
1	46534004	576	84588
1	46617238	577	89517
1	46700468	578	88828
1	46784149	579	86602
1	46867669	580	90736
1	46951418	581	87079
1	47035333	582	91637
1	47119466	583	86867
1	47204114	584	92591
1	47288273	585	90789
1	47372208	586	87185
1	47456223	587	88616
1	47540222	588	88881
1	47623936	589	92273
1	47707752	590	85436
1	47791425	591	88987
1	47874961	592	89252
1	47958731	593	89199
1	48042305	594	88510
1	48125922	595	87927
1	48209541	596	88775
1	48292873	597	88298
1	48376435	598	85330
1	48459888	599	91902
1	48543454	600	86443
1	48627093	601	89623
1	48710729	602	89305
1	48794333	603	87238
1	48877896	604	88881
1	48961045	605	85754
1	49044018	606	87556
1	49127146	607	87609
1	49210848	608	87503
1	49294996	609	93015
1	49378772	610	87450
1	49462637	611	88033
1	49546888	612	89994
1	49630643	613	91955
1	49714891	614	84535
1	49798578	615	94711
1	49881828	616	83899
1	49964989	617	86814
1	50048074	618	85701
1	50131154	619	91796
1	50214598	620	86231
1	50298303	621	90206
1	50381603	622	86496
1	50465183	623	87503
1	50548507	624	90736
1	50631867	625	85542
1	50715361	626	90842
1	50798854	627	86178
1	50882253	628	89305
1	50965870	629	87715
1	51049397	630	88351
1	51132828	631	87821
1	51216457	632	89464
1	51299979	633	88563
1	51383237	634	86920
1	51466517	635	86390
1	51549776	636	89464
1	51633343	637	87291
1	51717005	638	90524
1	51800772	639	88298
1	51884749	640	90047
1	51968278	641	88404
1	52052100	642	86390
1	52135622	643	92591
1	52219503	644	84482
1	52303417	645	91690
1	52387049	646	87026
1	52470939	647	90259
1	52554397	648	89623
1	52637750	649	84906
1	52721160	650	87238
1	52804471	651	89517
1	52887718	652	88245
1	52970710	653	86549
1	53053846	654	84906
1	53137044	655	90047
1	53220342	656	89782
1	53303694	657	85224
1	53387227	658	87715
1	53470509	659	91001
1	53554000	660	86761
1	53637659	661	87556
1	53721441	662	89729
1	53805635	663	89729
1	53889820	664	92326
1	53973599	665	86761
1	54057136	666	87238
1	54140182	667	89093
1	54223437	668	84376
1	54306845	669	89729
1	54390217	670	89729
1	54473935	671	87291
1	54558098	672	90683
1	54641948	673	90206
1	54725732	674	85966
1	54809378	675	91213
1	54892912	676	87291
1	54976945	677	88669
1	55060941	678	91425
1	55144974	679	88033
1	55229282	680	91001
1	55313146	681	88722
1	55396578	682	86602
1	55479978	683	86443
1	55563097	684	89305
1	55646722	685	86443
1	55730153	686	92750
1	55813562	687	83793
1	55897162	688	90683
1	55980675	689	87026
1	56064389	690	89994
1	56148110	691	88722
1	56231717	692	86814
1	56315161	693	87821
1	56398566	694	90206
1	56481873	695	87185
1	56565406	696	86231
1	56648665	697	90100
1	56732088	698	88828
1	56815862	699	86231
1	56899302	700	91266
1	56982882	701	86602
1	57066701	702	90259
1	57150390	703	87768
1	57234075	704	89040
1	57317783	705	88139
1	57401786	706	91001
1	57485536	707	88934
1	57569332	708	85807
1	57652724	709	89411
1	57736315	710	89199
1	57819986	711	90365
1	57903777	712	85118
1	57987047	713	89411
1	58070402	714	87397
1	58154055	715	89252
1	58237881	716	88510
1	58321619	717	89994
1	58405244	718	88934
1	58488540	719	86761
1	58571803	720	85966
1	58655261	721	88616
1	58738934	722	90100
1	58822705	723	89146
1	58906418	724	87927
1	58989641	725	87026
1	59073051	726	86602
1	59156872	727	92167
1	59240089	728	86973
1	59323057	729	85118
1	59405861	730	86549
1	59488999	731	86337
1	59572159	732	89252
1	59655295	733	87768
1	59738694	734	88404
1	59822390	735	87185
1	59905854	736	88987
1	59989229	737	87874
1	60072714	738	88086
1	60156467	739	89040
1	60239974	740	89517
1	60323537	741	86761
1	60407416	742	88192
1	60491064	743	92591
1	60574575	744	86708
1	60658546	745	85860
1	60742357	746	92114
1	60826062	747	88828
1	60909712	748	85171
1	60993329	749	91584
1	61077114	750	88298
1	61160799	751	89252
1	61244133	752	85118
1	61327647	753	90789
1	61411735	754	88457
1	61495416	755	88245
1	61579152	756	87609
1	61662585	757	90948
1	61745935	758	84694
1	61829238	759	90471
1	61912816	760	86549
1	61996640	761	89411
1	62080114	762	89464
1	62163604	763	87450
1	62247185	764	87715
1	62330545	765	89146
1	62414134	766	85118
1	62498133	767	92697
1	62581770	768	89358
1	62665847	769	86920
1	62749871	770	91531
1	62833293	771	87768
1	62917020	772	86337
1	63000049	773	90736
1	63083002	774	83263
1	63166097	775	87238
1	63249126	776	87556
1	63332497	777	90365
1	63416044	778	87238
1	63499906	779	88775
1	63584072	780	89464
1	63668084	781	93651
1	63751880	782	85065
1	63835415	783	88616
1	63918728	784	86284
1	64002500	785	89199
1	64085947	786	91690
1	64169527	787	85012
1	64253486	788	88881
1	64336769	789	89941
1	64419993	790	87556
1	64503325	791	85913
1	64586513	792	88722
1	64669601	793	87874
1	64753026	794	87927
1	64836529	795	88775
1	64919669	796	87927
1	65002809	797	85224
1	65085947	798	88404
1	65169501	799	89146
1	65252873	800	90153
1	65336084	801	84429
1	65419543	802	88298
1	65502962	803	88510
1	65586031	804	89411
1	65668703	805	83793
1	65751620	806	84111
1	65835012	807	89782
1	65918763	808	93015
1	66002676	809	86867
1	66086812	810	86761
1	66170302	811	90100
1	66253800	812	88192
1	66337458	813	87980
1	66421185	814	88934
1	66505009	815	91213
1	66588804	816	88404
1	66672605	817	86390
1	66756115	818	89252
1	66839699	819	89411
1	66923223	820	87238
1	67007051	821	88775
1	67090590	822	89570
1	67174087	823	87609
1	67257535	824	88245
1	67340772	825	88245
1	67424184	826	85913
1	67507274	827	89305
1	67590657	828	85224
1	67674163	829	90895
1	67757760	830	89040
1	67841773	831	86920
1	67925413	832	88298
1	68009175	833	88722
1	68093175	834	92538
1	68177081	835	87768
1	68260855	836	86814
1	68344796	837	91372
1	68428618	838	89729
1	68512420	839	86019
1	68596625	840	91319
1	68680747	841	91107
1	68764627	842	89199
1	68847852	843	85277
1	68931022	844	86125
1	69014581	845	89729
1	69097905	846	89729
1	69181396	847	86708
1	69264882	848	87980
1	69348423	849	89782
1	69431742	850	88616
1	69515021	851	84005
1	69597928	852	89676
1	69681113	853	85860
1	69764707	854	91213
1	69848265	855	88033
1	69931963	856	86761
1	70015633	857	90471
1	70099085	858	88669
1	70182329	859	87344
1	70265862	860	86284
1	70348895	861	88775
1	70432153	862	86443
1	70515642	863	89517
1	70599339	864	88722
1	70683009	865	89888
1	70766592	866	87185
1	70850232	867	88086
1	70933848	868	89040
1	71017149	869	89888
1	71100906	870	84959
1	71184500	871	92220
1	71268302	872	84111
1	71352004	873	91584
1	71435387	874	90524
1	71519164	875	84376
1	71602558	876	91054
1	71685425	877	84800
1	71768708	878	87291
1	71851888	879	89570
1	71935272	880	86973
1	72018937	881	91160
1	72102358	882	86655
1	72185946	883	86602
1	72269545	884	90206
1	72352752	885	89358
1	72436264	886	85701
1	72519653	887	89411
1	72602972	888	86867
1	72686531	889	88616
1	72769758	890	87768
1	72852930	891	87450
1	72936365	892	87291
1	73020131	893	89040
1	73103690	894	91796
1	73187111	895	84376
1	73270775	896	89941
1	73354271	897	89146
1	73438395	898	86814
1	73522330	899	92803
1	73605849	900	85913
1	73689640	901	90047
1	73773667	902	87768
1	73857730	903	91478
1	73941785	904	89623
1	74025809	905	86337
1	74109567	906	90471
1	74193606	907	89305
1	74277413	908	89994
1	74360715	909	86019
1	74444060	910	86284
1	74527836	911	92591
1	74611794	912	87609
1	74695722	913	90471
1	74779207	914	86443
1	74862835	915	85807
1	74946193	916	91637
1	75029453	917	85966
1	75113582	918	88563
1	75197515	919	94075
1	75281372	920	85012
1	75365123	921	90100
1	75448798	922	86920
1	75532379	923	91531
1	75615890	924	85118
1	75699672	925	88828
1	75783338	926	89199
1	75867427	927	89994
1	75951362	928	91160
1	76034800	929	86072
1	76118276	930	87503
1	76201803	931	89994
1	76284961	932	86284
1	76368237	933	86708
1	76451357	934	90047
1	76534241	935	85648
1	76617589	936	86231
1	76700830	937	90789
1	76784308	938	86973
1	76868109	939	89040
1	76951793	940	89464
1	77035644	941	88192
1	77119396	942	89199
1	77203160	943	89040
1	77286738	944	87662
1	77370284	945	87662
1	77453852	946	89782
1	77537562	947	88722
1	77621120	948	88086
1	77704448	949	87927
1	77787927	950	87821
1	77871498	951	90100
1	77954391	952	87132
1	78037443	953	83846
1	78121114	954	90100
1	78205049	955	91054
1	78288604	956	89570
1	78371863	957	83899
1	78455349	958	87185
1	78538262	959	88033
1	78621630	960	88457
1	78705150	961	88934
1	78788417	962	87821
1	78871700	963	87556
1	78955445	964	88298
1	79038996	965	89358
1	79122387	966	87821
1	79205714	967	88033
1	79289521	968	86549
1	79373312	969	92326
1	79456947	970	88245
1	79541122	971	87503
1	79625019	972	92114
1	79708713	973	88881
1	79792260	974	85012
1	79875671	975	90047
1	79959050	976	88404
1	80042823	977	87238
1	80126415	978	89676
1	80210070	979	85595
1	80293868	980	91001
1	80377732	981	88298
1	80461732	982	90259
1	80545735	983	89782
1	80630022	984	87980
1	80713965	985	93757
1	80797430	986	84747
1	80880766	987	87609
1	80964295	988	87291
1	81047412	989	89252
1	81130596	990	86443
1	81213624	991	88245
1	81296991	992	85754
1	81380607	993	88934
1	81464434	994	91425
1	81548481	995	89146
1	81632534	996	89305
1	81716566	997	89093
1	81800141	998	90789
1	81883463	999	84376
2	41769588	519	26
2	41853185	520	31
2	41936585	521	68
2	42019813	522	38
2	42102807	523	14
2	42185939	524	20
2	42269481	525	32
2	42353012	526	34
2	42436354	527	44
2	42519465	528	12
2	42602661	529	29
2	42686359	530	44
2	42770231	531	45
2	42854301	532	37
2	42938189	533	20
2	43022076	534	55
2	43105758	535	25
2	43189725	536	43
2	43273416	537	45
2	43357488	538	55
2	43441639	539	46
2	43525150	540	26
2	43608442	541	20
2	43692102	542	77
2	43775429	543	37
2	43858832	544	17
2	43942688	545	24
2	44026421	546	28
2	44110690	547	81
2	44194512	548	31
2	44278313	549	48
2	44362083	550	52
2	44446256	551	23
2	44530364	552	26
2	44614258	553	36
2	44697861	554	42
2	44781357	555	50
2	44864720	556	33
2	44948452	557	24
2	45032344	558	46
2	45116220	559	50
2	45200129	560	57
2	45283561	561	44
2	45366947	562	58
2	45450074	563	30
2	45533342	564	45
2	45616372	565	53
2	45699577	566	47
2	45782558	567	38
2	45865917	568	35
2	45949422	569	24
2	46033033	570	35
2	46116823	571	20
2	46200674	572	64
2	46284095	573	12
2	46367652	574	78
2	46450885	575	20
2	46534004	576	22
2	46617238	577	48
2	46700468	578	26
2	46784149	579	20
2	46867669	580	23
2	46951418	581	34
2	47035333	582	26
2	47119466	583	24
2	47204114	584	63
2	47288273	585	16
2	47372208	586	18
2	47456223	587	42
2	47540222	588	64
2	47623936	589	19
2	47707752	590	23
2	47791425	591	43
2	47874961	592	36
2	47958731	593	27
2	48042305	594	29
2	48125922	595	45
2	48209541	596	59
2	48292873	597	34
2	48376435	598	32
2	48459888	599	33
2	48543454	600	27
2	48627093	601	32
2	48710729	602	45
2	48794333	603	54
2	48877896	604	61
2	48961045	605	25
2	49044018	606	30
2	49127146	607	24
2	49210848	608	31
2	49294996	609	76
2	49378772	610	38
2	49462637	611	23
2	49546888	612	37
2	49630643	613	31
2	49714891	614	36
2	49798578	615	35
2	49881828	616	59
2	49964989	617	32
2	50048074	618	20
2	50131154	619	17
2	50214598	620	36
2	50298303	621	46
2	50381603	622	26
2	50465183	623	27
2	50548507	624	27
2	50631867	625	23
2	50715361	626	45
2	50798854	627	23
2	50882253	628	22
2	50965870	629	39
2	51049397	630	34
2	51132828	631	17
2	51216457	632	48
2	51299979	633	23
2	51383237	634	40
2	51466517	635	59
2	51549776	636	24
2	51633343	637	24
2	51717005	638	16
2	51800772	639	28
2	51884749	640	50
2	51968278	641	14
2	52052100	642	28
2	52135622	643	54
2	52219503	644	31
2	52303417	645	36
2	52387049	646	20
2	52470939	647	42
2	52554397	648	61
2	52637750	649	51
2	52721160	650	56
2	52804471	651	45
2	52887718	652	40
2	52970710	653	29
2	53053846	654	42
2	53137044	655	46
2	53220342	656	33
2	53303694	657	47
2	53387227	658	19
2	53470509	659	24
2	53554000	660	34
2	53637659	661	27
2	53721441	662	32
2	53805635	663	34
2	53889820	664	64
2	53973599	665	30
2	54057136	666	47
2	54140182	667	63
2	54223437	668	40
2	54306845	669	11
2	54390217	670	11
2	54473935	671	17
2	54558098	672	33
2	54641948	673	38
2	54725732	674	9
2	54809378	675	14
2	54892912	676	38
2	54976945	677	45
2	55060941	678	11
2	55144974	679	21
2	55229282	680	44
2	55313146	681	77
2	55396578	682	37
2	55479978	683	45
2	55563097	684	21
2	55646722	685	56
2	55730153	686	46
2	55813562	687	24
2	55897162	688	46
2	55980675	689	39
2	56064389	690	24
2	56148110	691	58
2	56231717	692	38
2	56315161	693	18
2	56398566	694	32
2	56481873	695	33
2	56565406	696	12
2	56648665	697	48
2	56732088	698	34
2	56815862	699	24
2	56899302	700	31
2	56982882	701	29
2	57066701	702	58
2	57150390	703	29
2	57234075	704	9
2	57317783	705	40
2	57401786	706	39
2	57485536	707	22
2	57569332	708	21
2	57652724	709	15
2	57736315	710	38
2	57819986	711	36
2	57903777	712	46
2	57987047	713	33
2	58070402	714	43
2	58154055	715	43
2	58237881	716	42
2	58321619	717	31
2	58405244	718	34
2	58488540	719	24
2	58571803	720	36
2	58655261	721	14
2	58738934	722	67
2	58822705	723	54
2	58906418	724	54
2	58989641	725	30
2	59073051	726	12
2	59156872	727	102
2	59240089	728	19
2	59323057	729	45
2	59405861	730	37
2	59488999	731	82
2	59572159	732	54
2	59655295	733	15
2	59738694	734	44
2	59822390	735	55
2	59905854	736	52
2	59989229	737	23
2	60072714	738	44
2	60156467	739	50
2	60239974	740	38
2	60323537	741	27
2	60407416	742	6
2	60491064	743	46
2	60574575	744	34
2	60658546	745	28
2	60742357	746	68
2	60826062	747	35
2	60909712	748	33
2	60993329	749	36
2	61077114	750	59
2	61160799	751	25
2	61244133	752	40
2	61327647	753	34
2	61411735	754	101
2	61495416	755	13
2	61579152	756	85
2	61662585	757	13
2	61745935	758	20
2	61829238	759	51
2	61912816	760	57
2	61996640	761	27
2	62080114	762	34
2	62163604	763	60
2	62247185	764	38
2	62330545	765	25
2	62414134	766	36
2	62498133	767	47
2	62581770	768	19
2	62665847	769	31
2	62749871	770	55
2	62833293	771	26
2	62917020	772	72
2	63000049	773	29
2	63083002	774	58
2	63166097	775	32
2	63249126	776	42
2	63332497	777	27
2	63416044	778	27
2	63499906	779	24
2	63584072	780	47
2	63668084	781	36
2	63751880	782	59
2	63835415	783	30
2	63918728	784	30
2	64002500	785	31
2	64085947	786	13
2	64169527	787	35
2	64253486	788	53
2	64336769	789	26
2	64419993	790	41
2	64503325	791	27
2	64586513	792	27
2	64669601	793	17
2	64753026	794	54
2	64836529	795	53
2	64919669	796	31
2	65002809	797	31
2	65085947	798	36
2	65169501	799	32
2	65252873	800	35
2	65336084	801	49
2	65419543	802	31
2	65502962	803	80
2	65586031	804	85
2	65668703	805	27
2	65751620	806	36
2	65835012	807	32
2	65918763	808	69
2	66002676	809	24
2	66086812	810	78
2	66170302	811	53
2	66253800	812	20
2	66337458	813	11
2	66421185	814	30
2	66505009	815	55
2	66588804	816	36
2	66672605	817	30
2	66756115	818	37
2	66839699	819	45
2	66923223	820	24
2	67007051	821	52
2	67090590	822	25
2	67174087	823	31
2	67257535	824	23
2	67340772	825	39
2	67424184	826	75
2	67507274	827	28
2	67590657	828	38
2	67674163	829	16
2	67757760	830	47
2	67841773	831	85
2	67925413	832	28
2	68009175	833	18
2	68093175	834	45
2	68177081	835	39
2	68260855	836	19
2	68344796	837	47
2	68428618	838	39
2	68512420	839	18
2	68596625	840	32
2	68680747	841	67
2	68764627	842	29
2	68847852	843	30
2	68931022	844	15
2	69014581	845	52
2	69097905	846	7
2	69181396	847	23
2	69264882	848	24
2	69348423	849	66
2	69431742	850	48
2	69515021	851	45
2	69597928	852	18
2	69681113	853	8
2	69764707	854	47
2	69848265	855	47
2	69931963	856	14
2	70015633	857	41
2	70099085	858	40
2	70182329	859	21
2	70265862	860	53
2	70348895	861	34
2	70432153	862	16
2	70515642	863	39
2	70599339	864	19
2	70683009	865	36
2	70766592	866	29
2	70850232	867	50
2	70933848	868	28
2	71017149	869	18
2	71100906	870	71
2	71184500	871	37
2	71268302	872	55
2	71352004	873	23
2	71435387	874	27
2	71519164	875	35
2	71602558	876	37
2	71685425	877	24
2	71768708	878	32
2	71851888	879	28
2	71935272	880	19
2	72018937	881	47
2	72102358	882	21
2	72185946	883	36
2	72269545	884	36
2	72352752	885	26
2	72436264	886	22
2	72519653	887	26
2	72602972	888	57
2	72686531	889	53
2	72769758	890	53
2	72852930	891	26
2	72936365	892	12
2	73020131	893	36
2	73103690	894	22
2	73187111	895	19
2	73270775	896	51
2	73354271	897	44
2	73438395	898	20
2	73522330	899	80
2	73605849	900	9
2	73689640	901	10
2	73773667	902	29
2	73857730	903	66
2	73941785	904	13
2	74025809	905	58
2	74109567	906	25
2	74193606	907	55
2	74277413	908	44
2	74360715	909	25
2	74444060	910	26
2	74527836	911	44
2	74611794	912	26
2	74695722	913	75
2	74779207	914	49
2	74862835	915	45
2	74946193	916	36
2	75029453	917	27
2	75113582	918	44
2	75197515	919	47
2	75281372	920	37
2	75365123	921	22
2	75448798	922	42
2	75532379	923	49
2	75615890	924	37
2	75699672	925	43
2	75783338	926	30
2	75867427	927	51
2	75951362	928	24
2	76034800	929	21
2	76118276	930	35
2	76201803	931	54
2	76284961	932	24
2	76368237	933	26
2	76451357	934	74
2	76534241	935	18
2	76617589	936	30
2	76700830	937	17
2	76784308	938	25
2	76868109	939	33
2	76951793	940	32
2	77035644	941	47
2	77119396	942	67
2	77203160	943	36
2	77286738	944	23
2	77370284	945	25
2	77453852	946	22
2	77537562	947	40
2	77621120	948	16
2	77704448	949	15
2	77787927	950	61
2	77871498	951	66
2	77954391	952	19
2	78037443	953	28
2	78121114	954	47
2	78205049	955	47
2	78288604	956	29
2	78371863	957	46
2	78455349	958	79
2	78538262	959	28
2	78621630	960	46
2	78705150	961	24
2	78788417	962	20
2	78871700	963	22
2	78955445	964	79
2	79038996	965	21
2	79122387	966	48
2	79205714	967	23
2	79289521	968	41
2	79373312	969	15
2	79456947	970	14
2	79541122	971	31
2	79625019	972	39
2	79708713	973	36
2	79792260	974	15
2	79875671	975	62
2	79959050	976	48
2	80042823	977	45
2	80126415	978	27
2	80210070	979	60
2	80293868	980	42
2	80377732	981	20
2	80461732	982	22
2	80545735	983	21
2	80630022	984	32
2	80713965	985	19
2	80797430	986	17
2	80880766	987	48
2	80964295	988	69
2	81047412	989	27
2	81130596	990	40
2	81213624	991	26
2	81296991	992	45
2	81380607	993	12
2	81464434	994	48
2	81548481	995	11
2	81632534	996	37
2	81716566	997	43
2	81800141	998	17
2	81883463	999	26
3	41769588	519	4
3	41853185	520	4
3	41936585	521	5
3	42019813	522	1
3	42102807	523	2
3	42185939	524	7
3	42269481	525	0
3	42353012	526	7
3	42436354	527	3
3	42519465	528	3
3	42602661	529	5
3	42686359	530	2
3	42770231	531	3
3	42854301	532	2
3	42938189	533	4
3	43022076	534	3
3	43105758	535	3
3	43189725	536	3
3	43273416	537	5
3	43357488	538	4
3	43441639	539	7
3	43525150	540	5
3	43608442	541	3
3	43692102	542	7
3	43775429	543	4
3	43858832	544	4
3	43942688	545	1
3	44026421	546	4
3	44110690	547	4
3	44194512	548	4
3	44278313	549	5
3	44362083	550	2
3	44446256	551	1
3	44530364	552	2
3	44614258	553	3
3	44697861	554	4
3	44781357	555	3
3	44864720	556	3
3	44948452	557	2
3	45032344	558	2
3	45116220	559	2
3	45200129	560	1
3	45283561	561	3
3	45366947	562	0
3	45450074	563	2
3	45533342	564	1
3	45616372	565	4
3	45699577	566	1
3	45782558	567	3
3	45865917	568	3
3	45949422	569	3
3	46033033	570	2
3	46116823	571	7
3	46200674	572	5
3	46284095	573	5
3	46367652	574	2
3	46450885	575	2
3	46534004	576	3
3	46617238	577	3
3	46700468	578	3
3	46784149	579	3
3	46867669	580	4
3	46951418	581	1
3	47035333	582	5
3	47119466	583	3
3	47204114	584	4
3	47288273	585	2
3	47372208	586	6
3	47456223	587	3
3	47540222	588	3
3	47623936	589	3
3	47707752	590	2
3	47791425	591	2
3	47874961	592	3
3	47958731	593	1
3	48042305	594	1
3	48125922	595	3
3	48209541	596	5
3	48292873	597	1
3	48376435	598	3
3	48459888	599	5
3	48543454	600	5
3	48627093	601	4
3	48710729	602	2
3	48794333	603	2
3	48877896	604	1
3	48961045	605	3
3	49044018	606	1
3	49127146	607	2
3	49210848	608	2
3	49294996	609	2
3	49378772	610	2
3	49462637	611	4
3	49546888	612	4
3	49630643	613	4
3	49714891	614	4
3	49798578	615	3
3	49881828	616	4
3	49964989	617	2
3	50048074	618	8
3	50131154	619	5
3	50214598	620	3
3	50298303	621	3
3	50381603	622	2
3	50465183	623	3
3	50548507	624	4
3	50631867	625	2
3	50715361	626	2
3	50798854	627	2
3	50882253	628	1
3	50965870	629	6
3	51049397	630	2
3	51132828	631	6
3	51216457	632	2
3	51299979	633	3
3	51383237	634	6
3	51466517	635	5
3	51549776	636	3
3	51633343	637	3
3	51717005	638	1
3	51800772	639	3
3	51884749	640	3
3	51968278	641	1
3	52052100	642	0
3	52135622	643	3
3	52219503	644	6
3	52303417	645	4
3	52387049	646	5
3	52470939	647	0
3	52554397	648	1
3	52637750	649	7
3	52721160	650	2
3	52804471	651	6
3	52887718	652	3
3	52970710	653	6
3	53053846	654	3
3	53137044	655	2
3	53220342	656	1
3	53303694	657	2
3	53387227	658	6
3	53470509	659	2
3	53554000	660	4
3	53637659	661	1
3	53721441	662	2
3	53805635	663	2
3	53889820	664	1
3	53973599	665	6
3	54057136	666	5
3	54140182	667	4
3	54223437	668	3
3	54306845	669	2
3	54390217	670	1
3	54473935	671	0
3	54558098	672	4
3	54641948	673	5
3	54725732	674	2
3	54809378	675	7
3	54892912	676	8
3	54976945	677	3
3	55060941	678	5
3	55144974	679	3
3	55229282	680	3
3	55313146	681	2
3	55396578	682	3
3	55479978	683	4
3	55563097	684	2
3	55646722	685	3
3	55730153	686	0
3	55813562	687	4
3	55897162	688	2
3	55980675	689	3
3	56064389	690	4
3	56148110	691	4
3	56231717	692	4
3	56315161	693	5
3	56398566	694	5
3	56481873	695	1
3	56565406	696	5
3	56648665	697	4
3	56732088	698	3
3	56815862	699	3
3	56899302	700	10
3	56982882	701	2
3	57066701	702	4
3	57150390	703	5
3	57234075	704	2
3	57317783	705	1
3	57401786	706	5
3	57485536	707	1
3	57569332	708	5
3	57652724	709	4
3	57736315	710	2
3	57819986	711	2
3	57903777	712	3
3	57987047	713	0
3	58070402	714	3
3	58154055	715	3
3	58237881	716	6
3	58321619	717	2
3	58405244	718	3
3	58488540	719	6
3	58571803	720	5
3	58655261	721	7
3	58738934	722	2
3	58822705	723	2
3	58906418	724	3
3	58989641	725	3
3	59073051	726	4
3	59156872	727	3
3	59240089	728	2
3	59323057	729	5
3	59405861	730	5
3	59488999	731	3
3	59572159	732	4
3	59655295	733	3
3	59738694	734	2
3	59822390	735	3
3	59905854	736	1
3	59989229	737	4
3	60072714	738	1
3	60156467	739	7
3	60239974	740	1
3	60323537	741	2
3	60407416	742	3
3	60491064	743	2
3	60574575	744	2
3	60658546	745	3
3	60742357	746	7
3	60826062	747	8
3	60909712	748	4
3	60993329	749	5
3	61077114	750	3
3	61160799	751	4
3	61244133	752	8
3	61327647	753	1
3	61411735	754	5
3	61495416	755	3
3	61579152	756	3
3	61662585	757	5
3	61745935	758	4
3	61829238	759	1
3	61912816	760	3
3	61996640	761	6
3	62080114	762	4
3	62163604	763	2
3	62247185	764	5
3	62330545	765	5
3	62414134	766	2
3	62498133	767	3
3	62581770	768	1
3	62665847	769	3
3	62749871	770	3
3	62833293	771	3
3	62917020	772	7
3	63000049	773	3
3	63083002	774	5
3	63166097	775	6
3	63249126	776	5
3	63332497	777	3
3	63416044	778	1
3	63499906	779	2
3	63584072	780	6
3	63668084	781	1
3	63751880	782	1
3	63835415	783	1
3	63918728	784	2
3	64002500	785	3
3	64085947	786	2
3	64169527	787	6
3	64253486	788	1
3	64336769	789	3
3	64419993	790	3
3	64503325	791	7
3	64586513	792	3
3	64669601	793	3
3	64753026	794	3
3	64836529	795	7
3	64919669	796	2
3	65002809	797	2
3	65085947	798	3
3	65169501	799	4
3	65252873	800	3
3	65336084	801	1
3	65419543	802	7
3	65502962	803	7
3	65586031	804	2
3	65668703	805	2
3	65751620	806	3
3	65835012	807	0
3	65918763	808	3
3	66002676	809	2
3	66086812	810	6
3	66170302	811	3
3	66253800	812	4
3	66337458	813	7
3	66421185	814	3
3	66505009	815	1
3	66588804	816	6
3	66672605	817	2
3	66756115	818	3
3	66839699	819	2
3	66923223	820	3
3	67007051	821	3
3	67090590	822	5
3	67174087	823	5
3	67257535	824	5
3	67340772	825	4
3	67424184	826	3
3	67507274	827	3
3	67590657	828	1
3	67674163	829	3
3	67757760	830	7
3	67841773	831	3
3	67925413	832	3
3	68009175	833	2
3	68093175	834	5
3	68177081	835	2
3	68260855	836	5
3	68344796	837	3
3	68428618	838	3
3	68512420	839	6
3	68596625	840	2
3	68680747	841	2
3	68764627	842	8
3	68847852	843	3
3	68931022	844	7
3	69014581	845	5
3	69097905	846	3
3	69181396	847	1
3	69264882	848	1
3	69348423	849	6
3	69431742	850	4
3	69515021	851	4
3	69597928	852	4
3	69681113	853	4
3	69764707	854	3
3	69848265	855	5
3	69931963	856	2
3	70015633	857	5
3	70099085	858	4
3	70182329	859	0
3	70265862	860	4
3	70348895	861	4
3	70432153	862	2
3	70515642	863	5
3	70599339	864	3
3	70683009	865	2
3	70766592	866	6
3	70850232	867	3
3	70933848	868	3
3	71017149	869	5
3	71100906	870	5
3	71184500	871	5
3	71268302	872	2
3	71352004	873	5
3	71435387	874	3
3	71519164	875	3
3	71602558	876	2
3	71685425	877	1
3	71768708	878	2
3	71851888	879	3
3	71935272	880	2
3	72018937	881	3
3	72102358	882	2
3	72185946	883	7
3	72269545	884	2
3	72352752	885	2
3	72436264	886	5
3	72519653	887	1
3	72602972	888	4
3	72686531	889	4
3	72769758	890	2
3	72852930	891	3
3	72936365	892	5
3	73020131	893	2
3	73103690	894	4
3	73187111	895	1
3	73270775	896	0
3	73354271	897	3
3	73438395	898	5
3	73522330	899	3
3	73605849	900	2
3	73689640	901	3
3	73773667	902	5
3	73857730	903	5
3	73941785	904	6
3	74025809	905	4
3	74109567	906	3
3	74193606	907	3
3	74277413	908	5
3	74360715	909	7
3	74444060	910	2
3	74527836	911	4
3	74611794	912	1
3	74695722	913	2
3	74779207	914	5
3	74862835	915	2
3	74946193	916	3
3	75029453	917	2
3	75113582	918	2
3	75197515	919	2
3	75281372	920	1
3	75365123	921	3
3	75448798	922	4
3	75532379	923	1
3	75615890	924	5
3	75699672	925	4
3	75783338	926	1
3	75867427	927	2
3	75951362	928	3
3	76034800	929	3
3	76118276	930	2
3	76201803	931	6
3	76284961	932	3
3	76368237	933	3
3	76451357	934	2
3	76534241	935	3
3	76617589	936	6
3	76700830	937	4
3	76784308	938	1
3	76868109	939	2
3	76951793	940	4
3	77035644	941	1
3	77119396	942	5
3	77203160	943	2
3	77286738	944	1
3	77370284	945	2
3	77453852	946	3
3	77537562	947	4
3	77621120	948	0
3	77704448	949	1
3	77787927	950	4
3	77871498	951	4
3	77954391	952	0
3	78037443	953	2
3	78121114	954	5
3	78205049	955	2
3	78288604	956	4
3	78371863	957	2
3	78455349	958	6
3	78538262	959	4
3	78621630	960	3
3	78705150	961	3
3	78788417	962	6
3	78871700	963	2
3	78955445	964	2
3	79038996	965	3
3	79122387	966	0
3	79205714	967	5
3	79289521	968	5
3	79373312	969	3
3	79456947	970	2
3	79541122	971	2
3	79625019	972	3
3	79708713	973	3
3	79792260	974	1
3	79875671	975	1
3	79959050	976	2
3	80042823	977	5
3	80126415	978	3
3	80210070	979	1
3	80293868	980	5
3	80377732	981	3
3	80461732	982	9
3	80545735	983	6
3	80630022	984	3
3	80713965	985	1
3	80797430	986	6
3	80880766	987	1
3	80964295	988	2
3	81047412	989	0
3	81130596	990	4
3	81213624	991	0
3	81296991	992	3
3	81380607	993	6
3	81464434	994	2
3	81548481	995	5
3	81632534	996	3
3	81716566	997	1
3	81800141	998	5
3	81883463	999	6
4	41769588	519	0.10893413483607
4	41853185	520	0.10870958309983
4	41936585	521	0.10849439721417
4	42019813	522	0.10826902543195
4	42102807	523	0.10804864374619
4	42185939	524	0.10783814911542
4	42269481	525	0.10763055018461
4	42353012	526	0.10741948143565
4	42436354	527	0.10719764727648
4	42519465	528	0.10697736871951
4	42602661	529	0.10677408971412
4	42686359	530	0.1065626727907
4	42770231	531	0.10635057036305
4	42854301	532	0.10613981560451
4	42938189	533	0.10592913998089
4	43022076	534	0.10571616776967
4	43105758	535	0.10550592141357
4	43189725	536	0.10529887055453
4	43273416	537	0.10509003157494
4	43357488	538	0.10488941654961
4	43441639	539	0.10467765321971
4	43525150	540	0.10447212488277
4	43608442	541	0.10426581818479
4	43692102	542	0.10406250911105
4	43775429	543	0.10386784963484
4	43858832	544	0.10366608810415
4	43942688	545	0.10345731143861
4	44026421	546	0.10327136118068
4	44110690	547	0.10307059846811
4	44194512	548	0.10287334257949
4	44278313	549	0.10266561735597
4	44362083	550	0.10248073411354
4	44446256	551	0.10227728605455
4	44530364	552	0.10208083320273
4	44614258	553	0.10188431926212
4	44697861	554	0.10168346177996
4	44781357	555	0.10149055112289
4	44864720	556	0.10130124607197
4	44948452	557	0.10111058357479
4	45032344	558	0.10092075157577
4	45116220	559	0.10072924309985
4	45200129	560	0.1005386866232
4	45283561	561	0.1003474955579
4	45366947	562	0.10015792965115
4	45450074	563	0.099981176006579
4	45533342	564	0.099792767090564
4	45616372	565	0.099612739302886
4	45699577	566	0.099418293072886
4	45782558	567	0.09923928154368
4	45865917	568	0.099062233210511
4	45949422	569	0.098879240800333
4	46033033	570	0.098696377375854
4	46116823	571	0.098516690680048
4	46200674	572	0.098337765444521
4	46284095	573	0.098153334403992
4	46367652	574	0.097984009557809
4	46450885	575	0.097795328059481
4	46534004	576	0.097618477177574
4	46617238	577	0.097440349440349
4	46700468	578	0.097270716533656
4	46784149	579	0.097094065826928
4	46867669	580	0.096916160803212
4	46951418	581	0.096744675199358
4	47035333	582	0.096565434442187
4	47119466	583	0.096395811479864
4	47204114	584	0.096216718640149
4	47288273	585	0.096045526124026
4	47372208	586	0.095867010321462
4	47456223	587	0.09569829046996
4	47540222	588	0.095521470947796
4	47623936	589	0.095356409689205
4	47707752	590	0.095181560819301
4	47791425	591	0.095005025425245
4	47874961	592	0.09484517015711
4	47958731	593	0.094674499709815
4	48042305	594	0.094506344129297
4	48125922	595	0.094340979134839
4	48209541	596	0.094171222323068
4	48292873	597	0.094007621242977
4	48376435	598	0.093843403270758
4	48459888	599	0.093681233307017
4	48543454	600	0.093519720879828
4	48627093	601	0.09336003423407
4	48710729	602	0.093192228880808
4	48794333	603	0.093037149798246
4	48877896	604	0.092865089549334
4	48961045	605	0.092707050872463
4	49044018	606	0.092546285588642
4	49127146	607	0.092389903179614
4	49210848	608	0.092236336553937
4	49294996	609	0.092075963108115
4	49378772	610	0.091919081622982
4	49462637	611	0.091766225512226
4	49546888	612	0.091599111838357
4	49630643	613	0.091444786844724
4	49714891	614	0.091288832870568
4	49798578	615	0.091125313006785
4	49881828	616	0.090974897816239
4	49964989	617	0.090817398313744
4	50048074	618	0.090665049081319
4	50131154	619	0.090515689176482
4	50214598	620	0.090371854288539
4	50298303	621	0.090210140868992
4	50381603	622	0.090061911192664
4	50465183	623	0.089907826114994
4	50548507	624	0.089759323377399
4	50631867	625	0.089611580381882
4	50715361	626	0.089466565466874
4	50798854	627	0.089312721139843
4	50882253	628	0.089165106985937
4	50965870	629	0.089015671091629
4	51049397	630	0.088867443289503
4	51132828	631	0.088721649013016
4	51216457	632	0.088575453071815
4	51299979	633	0.088429299966504
4	51383237	634	0.088282580240477
4	51466517	635	0.088141221932032
4	51549776	636	0.087995369028107
4	51633343	637	0.087852852305878
4	51717005	638	0.087708641116147
4	51800772	639	0.087566793097188
4	51884749	640	0.087421291837668
4	51968278	641	0.087280285616472
4	52052100	642	0.08713326660645
4	52135622	643	0.086992593574729
4	52219503	644	0.086854402971491
4	52303417	645	0.08670788719064
4	52387049	646	0.086573034688979
4	52470939	647	0.086429056419923
4	52554397	648	0.086292899362505
4	52637750	649	0.086150016944031
4	52721160	650	0.086011171784256
4	52804471	651	0.085876492451846
4	52887718	652	0.085742810964348
4	52970710	653	0.085604863583468
4	53053846	654	0.085466868191126
4	53137044	655	0.085335845339479
4	53220342	656	0.085202782833211
4	53303694	657	0.085069891335229
4	53387227	658	0.084929006123805
4	53470509	659	0.084799061832392
4	53554000	660	0.084666140375514
4	53637659	661	0.084529150530871
4	53721441	662	0.084397951317787
4	53805635	663	0.084266920009179
4	53889820	664	0.084133121753585
4	53973599	665	0.08399848252789
4	54057136	666	0.083867426474666
4	54140182	667	0.083732849878432
4	54223437	668	0.083604109044846
4	54306845	669	0.083476153946901
4	54390217	670	0.083348044943736
4	54473935	671	0.083221570401321
4	54558098	672	0.083087277443961
4	54641948	673	0.082958970029862
4	54725732	674	0.082828059674892
4	54809378	675	0.082697945039801
4	54892912	676	0.08257404559243
4	54976945	677	0.082445641277242
4	55060941	678	0.082317939445377
4	55144974	679	0.082192979547322
4	55229282	680	0.082061681220197
4	55313146	681	0.081936594660361
4	55396578	682	0.081808438560928
4	55479978	683	0.081682776322788
4	55563097	684	0.081561301456259
4	55646722	685	0.081439667053036
4	55730153	686	0.081314986102884
4	55813562	687	0.081195784017813
4	55897162	688	0.081068386318375
4	55980675	689	0.080948804061275
4	56064389	690	0.080824668684166
4	56148110	691	0.080703978988078
4	56231717	692	0.080581393248686
4	56315161	693	0.080459324448612
4	56398566	694	0.080340373579001
4	56481873	695	0.080221413294327
4	56565406	696	0.080099569030908
4	56648665	697	0.079981391963587
4	56732088	698	0.079865850504045
4	56815862	699	0.079744441723669
4	56899302	700	0.079625462015252
4	56982882	701	0.079510308244903
4	57066701	702	0.079390047839908
4	57150390	703	0.079274164889837
4	57234075	704	0.079154195932604
4	57317783	705	0.079038649936136
4	57401786	706	0.078921276842264
4	57485536	707	0.078805991767105
4	57569332	708	0.07868722640997
4	57652724	709	0.078570202124709
4	57736315	710	0.078458768062548
4	57819986	711	0.078348681530184
4	57903777	712	0.078226625860347
4	57987047	713	0.078109667440197
4	58070402	714	0.078000898621822
4	58154055	715	0.07789154838597
4	58237881	716	0.07777457219235
4	58321619	717	0.077661461442992
4	58405244	718	0.07755016195574
4	58488540	719	0.07743474570829
4	58571803	720	0.077323491589226
4	58655261	721	0.077212957578778
4	58738934	722	0.077105537399612
4	58822705	723	0.076994429334696
4	58906418	724	0.07688171996688
4	58989641	725	0.076771255539677
4	59073051	726	0.076661108089834
4	59156872	727	0.076553180829232
4	59240089	728	0.076446277451557
4	59323057	729	0.07633386001367
4	59405861	730	0.076227046929126
4	59488999	731	0.076121896039283
4	59572159	732	0.076016192979975
4	59655295	733	0.075911235128226
4	59738694	734	0.075808498816541
4	59822390	735	0.07569602148613
4	59905854	736	0.075589640023516
4	59989229	737	0.075484706545177
4	60072714	738	0.075378535731543
4	60156467	739	0.075274631645192
4	60239974	740	0.075167530821038
4	60323537	741	0.075063891501379
4	60407416	742	0.074955248278602
4	60491064	743	0.074851941951179
4	60574575	744	0.074749233081296
4	60658546	745	0.074639562623589
4	60742357	746	0.074540424131346
4	60826062	747	0.074437263762564
4	60909712	748	0.074330549405146
4	60993329	749	0.074227166023089
4	61077114	750	0.074129919889409
4	61160799	751	0.074021259616517
4	61244133	752	0.073919407789824
4	61327647	753	0.073821988662499
4	61411735	754	0.073721414992469
4	61495416	755	0.073616498887061
4	61579152	756	0.073514061270643
4	61662585	757	0.073414203510481
4	61745935	758	0.073314375717381
4	61829238	759	0.073211214818315
4	61912816	760	0.073115412569352
4	61996640	761	0.07301400530886
4	62080114	762	0.07291597718817
4	62163604	763	0.07281684520453
4	62247185	764	0.072721301161262
4	62330545	765	0.072618560291936
4	62414134	766	0.072523771323887
4	62498133	767	0.07242282182059
4	62581770	768	0.072328835967042
4	62665847	769	0.072231059088278
4	62749871	770	0.072127482259328
4	62833293	771	0.072032748983658
4	62917020	772	0.071932928918358
4	63000049	773	0.071836854960898
4	63083002	774	0.071743286855761
4	63166097	775	0.071645647473321
4	63249126	776	0.071554527338848
4	63332497	777	0.07146037649418
4	63416044	778	0.071368984633005
4	63499906	779	0.071269855976281
4	63584072	780	0.071177417476441
4	63668084	781	0.071081254610312
4	63751880	782	0.070986593604516
4	63835415	783	0.070886665226123
4	63918728	784	0.07079572294849
4	64002500	785	0.070706358350357
4	64085947	786	0.070611463254437
4	64169527	787	0.070520333543293
4	64253486	788	0.070424158143595
4	64336769	789	0.07033279025646
4	64419993	790	0.07024022154193
4	64503325	791	0.070147399866357
4	64586513	792	0.0700559782054
4	64669601	793	0.069967153522195
4	64753026	794	0.069875708302923
4	64836529	795	0.069785320455168
4	64919669	796	0.06969505727537
4	65002809	797	0.06960437575177
4	65085947	798	0.069515067142093
4	65169501	799	0.069427283846491
4	65252873	800	0.069337997776049
4	65336084	801	0.069248349908619
4	65419543	802	0.069156896740137
4	65502962	803	0.06907145870505
4	65586031	804	0.068982498293431
4	65668703	805	0.068895894474569
4	65751620	806	0.068809136406049
4	65835012	807	0.068720532445308
4	65918763	808	0.068636749286757
4	66002676	809	0.068548957065772
4	66086812	810	0.06845634700527
4	66170302	811	0.068369224922498
4	66253800	812	0.068284675722212
4	66337458	813	0.068197833407469
4	66421185	814	0.068109184141569
4	66505009	815	0.068024550465905
4	66588804	816	0.067936712898847
4	66672605	817	0.067847554192655
4	66756115	818	0.067762539878298
4	66839699	819	0.067678867637455
4	66923223	820	0.067592943990825
4	67007051	821	0.067506267882568
4	67090590	822	0.067423074104102
4	67174087	823	0.067337798320913
4	67257535	824	0.067252028353614
4	67340772	825	0.067170015845713
4	67424184	826	0.067085429024667
4	67507274	827	0.067003117716318
4	67590657	828	0.066919351947749
4	67674163	829	0.066836295978931
4	67757760	830	0.066755043977937
4	67841773	831	0.066669705111461
4	67925413	832	0.066586969159005
4	68009175	833	0.066505132233647
4	68093175	834	0.066422705100042
4	68177081	835	0.066339988818309
4	68260855	836	0.066255313619573
4	68344796	837	0.066175810761403
4	68428618	838	0.066093316228123
4	68512420	839	0.066015715455702
4	68596625	840	0.065926945517602
4	68680747	841	0.065852407537924
4	68764627	842	0.065764802995239
4	68847852	843	0.065682410737552
4	68931022	844	0.065602250287094
4	69014581	845	0.065523391875132
4	69097905	846	0.065445250816865
4	69181396	847	0.065363896210065
4	69264882	848	0.065285800515813
4	69348423	849	0.065205461033177
4	69431742	850	0.065127267896843
4	69515021	851	0.065046464363714
4	69597928	852	0.064968226139024
4	69681113	853	0.064892771405902
4	69764707	854	0.064815655532949
4	69848265	855	0.064738206068767
4	69931963	856	0.064657005783053
4	70015633	857	0.064581570683205
4	70099085	858	0.064502627641195
4	70182329	859	0.064426993907555
4	70265862	860	0.06434601514202
4	70348895	861	0.064269405570481
4	70432153	862	0.064194548380622
4	70515642	863	0.064117423461267
4	70599339	864	0.064042597934267
4	70683009	865	0.063965057964324
4	70766592	866	0.063888894855509
4	70850232	867	0.063811680774971
4	70933848	868	0.063736337519518
4	71017149	869	0.063661262808983
4	71100906	870	0.063586953810721
4	71184500	871	0.063509518135917
4	71268302	872	0.063435968637119
4	71352004	873	0.063358900039905
4	71435387	874	0.063287673758996
4	71519164	875	0.063214278629945
4	71602558	876	0.063133592949607
4	71685425	877	0.063062381799113
4	71768708	878	0.062988752084189
4	71851888	879	0.062914806142357
4	71935272	880	0.062842007259533
4	72018937	881	0.062771319533599
4	72102358	882	0.062695768381676
4	72185946	883	0.062620750444053
4	72269545	884	0.062548279328246
4	72352752	885	0.062477156848604
4	72436264	886	0.062405715832327
4	72519653	887	0.06232899533603
4	72602972	888	0.062261063722155
4	72686531	889	0.062186301744096
4	72769758	890	0.06211500509904
4	72852930	891	0.06204650341311
4	72936365	892	0.061972040317837
4	73020131	893	0.061901577386857
4	73103690	894	0.061830546151
4	73187111	895	0.061758993816556
4	73270775	896	0.061685304088619
4	73354271	897	0.061617235783586
4	73438395	898	0.061545539257172
4	73522330	899	0.061474687015159
4	73605849	900	0.061405518933787
4	73689640	901	0.06133764472408
4	73773667	902	0.06126323189964
4	73857730	903	0.061194412669152
4	73941785	904	0.061122858788804
4	74025809	905	0.061051012567897
4	74109567	906	0.060983127484267
4	74193606	907	0.060912316055127
4	74277413	908	0.06084386764374
4	74360715	909	0.060772468466505
4	74444060	910	0.060704499008112
4	74527836	911	0.060635774910131
4	74611794	912	0.060568151813053
4	74695722	913	0.060497110774982
4	74779207	914	0.060429346269209
4	74862835	915	0.060360345124991
4	74946193	916	0.060292805013105
4	75029453	917	0.060227448370543
4	75113582	918	0.060158907268137
4	75197515	919	0.060092100230049
4	75281372	920	0.060025037620336
4	75365123	921	0.059954498787889
4	75448798	922	0.059888064334483
4	75532379	923	0.059820252981258
4	75615890	924	0.059755195958416
4	75699672	925	0.059686327549383
4	75783338	926	0.059621641016664
4	75867427	927	0.059555345537938
4	75951362	928	0.059490426835529
4	76034800	929	0.059421296465861
4	76118276	930	0.059358288414321
4	76201803	931	0.059289228258645
4	76284961	932	0.05922457364161
4	76368237	933	0.059158255676424
4	76451357	934	0.059094316730862
4	76534241	935	0.059031453098207
4	76617589	936	0.058964748422977
4	76700830	937	0.058901887836167
4	76784308	938	0.058838695553551
4	76868109	939	0.058772696525382
4	76951793	940	0.058709008438791
4	77035644	941	0.058644340486947
4	77119396	942	0.058580084045033
4	77203160	943	0.058515968260214
4	77286738	944	0.05845107373085
4	77370284	945	0.058387087064686
4	77453852	946	0.058323850285276
4	77537562	947	0.058260978574982
4	77621120	948	0.058197027634637
4	77704448	949	0.058133444174147
4	77787927	950	0.058070755327865
4	77871498	951	0.058010501974077
4	77954391	952	0.057945594223039
4	78037443	953	0.057885712840001
4	78121114	954	0.057822545161409
4	78205049	955	0.057761422042698
4	78288604	956	0.057697890943608
4	78371863	957	0.057634648350555
4	78455349	958	0.057572212863177
4	78538262	959	0.057513026170937
4	78621630	960	0.057451926481931
4	78705150	961	0.057391325600631
4	78788417	962	0.05732960006579
4	78871700	963	0.057267896899687
4	78955445	964	0.057207243305968
4	79038996	965	0.05714642526634
4	79122387	966	0.057085845965267
4	79205714	967	0.057024374563439
4	79289521	968	0.056963726329485
4	79373312	969	0.056904150455362
4	79456947	970	0.056845024985284
4	79541122	971	0.056782264125249
4	79625019	972	0.056722273747538
4	79708713	973	0.056662445976649
4	79792260	974	0.056600266918362
4	79875671	975	0.056540767762175
4	79959050	976	0.056482823666437
4	80042823	977	0.056425497740919
4	80126415	978	0.056362626874496
4	80210070	979	0.056304691857838
4	80293868	980	0.056246060361564
4	80377732	981	0.056187338564749
4	80461732	982	0.056129021706585
4	80545735	983	0.056068359527179
4	80630022	984	0.056010429887629
4	80713965	985	0.055949216763635
4	80797430	986	0.055891007805737
4	80880766	987	0.055831452596356
4	80964295	988	0.055773383711954
4	81047412	989	0.055716026904239
4	81130596	990	0.055658753227959
4	81213624	991	0.055603052369599
4	81296991	992	0.055544143498115
4	81380607	993	0.055486739421074
4	81464434	994	0.055431416582026
4	81548481	995	0.055373832790647
4	81632534	996	0.055315065453051
4	81716566	997	0.055257449268434
4	81800141	998	0.055199679804616
4	81883463	999	0.055142167310695
5	41769589	519	491642
5	41853186	520	487714
5	41936586	521	478142
5	42019814	522	479642
5	42102808	523	486571
5	42185940	524	491071
5	42269482	525	485142
5	42353013	526	474571
5	42436355	527	477857
5	42519466	528	484571
5	42602662	529	491642
5	42686360	530	488214
5	42770232	531	496142
5	42854302	532	487714
5	42938190	533	489857
5	43022077	534	485928
5	43105759	535	492214
5	43189726	536	492642
5	43273417	537	495285
5	43357489	538	490071
5	43441640	539	491785
5	43525151	540	480928
5	43608443	541	485285
5	43692103	542	490000
5	43775430	543	483500
5	43858833	544	489928
5	43942689	545	496928
5	44026422	546	492857
5	44110691	547	488357
5	44194513	548	490428
5	44278314	549	491928
5	44362084	550	499357
5	44446257	551	496071
5	44530365	552	487428
5	44614259	553	478571
5	44697862	554	483285
5	44781358	555	487714
5	44864721	556	491071
5	44948453	557	493928
5	45032345	558	490500
5	45116221	559	492071
5	45200130	560	483214
5	45283562	561	485428
5	45366948	562	491000
5	45450075	563	490857
5	45533343	564	475928
5	45616373	565	478714
5	45699578	566	487428
5	45782559	567	489714
5	45865918	568	485928
5	45949423	569	485500
5	46033034	570	489285
5	46116824	571	492285
5	46200675	572	486000
5	46284096	573	486928
5	46367653	574	478857
5	46450886	575	480357
5	46534005	576	485071
5	46617239	577	484500
5	46700469	578	486571
5	46784150	579	487000
5	46867670	580	486857
5	46951419	581	487357
5	47035334	582	491142
5	47119467	583	501285
5	47204115	584	496857
5	47288274	585	488071
5	47372209	586	485357
5	47456224	587	491000
5	47540223	588	496142
5	47623937	589	482214
5	47707753	590	485071
5	47791426	591	488142
5	47874962	592	490642
5	47958732	593	486857
5	48042306	594	484714
5	48125923	595	486000
5	48209542	596	485428
5	48292874	597	486357
5	48376436	598	489857
5	48459889	599	487714
5	48543455	600	487500
5	48627094	601	486714
5	48710730	602	484857
5	48794334	603	486071
5	48877897	604	486642
5	48961046	605	483857
5	49044019	606	481500
5	49127147	607	485285
5	49210849	608	499857
5	49294997	609	490500
5	49378773	610	492714
5	49462638	611	492428
5	49546889	612	491214
5	49630644	613	490571
5	49714892	614	491642
5	49798579	615	480071
5	49881829	616	474357
5	49964990	617	485928
5	50048075	618	487785
5	50131155	619	482928
5	50214599	620	482357
5	50298304	621	482285
5	50381604	622	486357
5	50465184	623	487928
5	50548508	624	482857
5	50631868	625	483428
5	50715362	626	482785
5	50798855	627	483785
5	50882254	628	484000
5	50965871	629	487214
5	51049398	630	485857
5	51132829	631	487357
5	51216458	632	480428
5	51299980	633	480285
5	51383238	634	483857
5	51466518	635	487071
5	51549777	636	491142
5	51633344	637	486857
5	51717006	638	486642
5	51800773	639	485928
5	51884750	640	485357
5	51968279	641	487071
5	52052101	642	486571
5	52135623	643	485214
5	52219504	644	494714
5	52303418	645	490285
5	52387050	646	489571
5	52470940	647	483357
5	52554398	648	480428
5	52637751	649	489571
5	52721161	650	492142
5	52804472	651	490071
5	52887719	652	476500
5	52970711	653	478928
5	53053847	654	487428
5	53137045	655	489214
5	53220343	656	480071
5	53303695	657	485500
5	53387228	658	490642
5	53470510	659	481642
5	53554001	660	482928
5	53637660	661	489071
5	53721442	662	496500
5	53805636	663	495500
5	53889821	664	488000
5	53973600	665	485571
5	54057137	666	483357
5	54140183	667	481214
5	54223438	668	491071
5	54306846	669	491071
5	54390218	670	483071
5	54473936	671	487428
5	54558099	672	487142
5	54641949	673	484928
5	54725733	674	487142
5	54809379	675	482642
5	54892913	676	485285
5	54976946	677	494071
5	55060942	678	492642
5	55144975	679	490000
5	55229283	680	492642
5	55313147	681	483214
5	55396579	682	488928
5	55479979	683	482500
5	55563098	684	490357
5	55646723	685	486714
5	55730154	686	485857
5	55813563	687	485142
5	55897163	688	487928
5	55980676	689	490142
5	56064390	690	487928
5	56148111	691	487642
5	56231718	692	487785
5	56315162	693	488714
5	56398567	694	476500
5	56481874	695	481428
5	56565407	696	487214
5	56648666	697	484214
5	56732089	698	482642
5	56815863	699	489500
5	56899303	700	486714
5	56982883	701	487214
5	57066702	702	489000
5	57150391	703	489000
5	57234076	704	487857
5	57317784	705	490000
5	57401787	706	487357
5	57485537	707	485357
5	57569333	708	488000
5	57652725	709	486500
5	57736316	710	481500
5	57819987	711	485642
5	57903778	712	483928
5	57987048	713	487000
5	58070403	714	487500
5	58154056	715	491928
5	58237882	716	492928
5	58321620	717	485857
5	58405245	718	479000
5	58488541	719	480500
5	58571804	720	484928
5	58655262	721	494571
5	58738935	722	485928
5	58822706	723	489785
5	58906419	724	482928
5	58989642	725	487928
5	59073052	726	495357
5	59156873	727	484571
5	59240090	728	480714
5	59323058	729	472857
5	59405862	730	487785
5	59489000	731	490428
5	59572160	732	492357
5	59655296	733	481214
5	59738695	734	486928
5	59822391	735	487357
5	59905855	736	491357
5	59989230	737	484500
5	60072715	738	490071
5	60156468	739	490000
5	60239975	740	485928
5	60323538	741	488642
5	60407417	742	491500
5	60491065	743	480714
5	60574576	744	483357
5	60658547	745	497714
5	60742358	746	491928
5	60826063	747	488285
5	60909713	748	486285
5	60993330	749	489785
5	61077115	750	488285
5	61160800	751	487142
5	61244134	752	486785
5	61327648	753	497357
5	61411736	754	489071
5	61495417	755	494642
5	61579153	756	482857
5	61662586	757	486928
5	61745936	758	485071
5	61829239	759	485357
5	61912817	760	491857
5	61996641	761	493857
5	62080115	762	482071
5	62163605	763	485000
5	62247186	764	488142
5	62330546	765	488571
5	62414135	766	496357
5	62498134	767	489928
5	62581771	768	486285
5	62665848	769	489214
5	62749872	770	486428
5	62833294	771	486071
5	62917021	772	486000
5	63000050	773	479500
5	63083003	774	478928
5	63166098	775	489571
5	63249127	776	490785
5	63332498	777	484071
5	63416045	778	486500
5	63499907	779	493571
5	63584073	780	497142
5	63668085	781	486357
5	63751881	782	482500
5	63835416	783	486285
5	63918729	784	495285
5	64002501	785	491000
5	64085948	786	475928
5	64169528	787	481500
5	64253487	788	491000
5	64336770	789	485142
5	64419994	790	475857
5	64503326	791	482928
5	64586514	792	484428
5	64669602	793	481357
5	64753027	794	484285
5	64836530	795	484642
5	64919670	796	481285
5	65002810	797	482928
5	65085948	798	489500
5	65169502	799	487357
5	65252874	800	478642
5	65336085	801	481571
5	65419544	802	492642
5	65502963	803	487642
5	65586032	804	478214
5	65668704	805	483214
5	65751621	806	492857
5	65835013	807	496642
5	65918764	808	483642
5	66002677	809	494714
5	66086813	810	492428
5	66170303	811	494785
5	66253801	812	482857
5	66337459	813	487785
5	66421186	814	490214
5	66505010	815	487357
5	66588805	816	484714
5	66672606	817	489500
5	66756116	818	488785
5	66839700	819	487071
5	66923224	820	486857
5	67007052	821	489000
5	67090591	822	486285
5	67174088	823	483928
5	67257536	824	480571
5	67340773	825	484142
5	67424185	826	483714
5	67507275	827	488857
5	67590658	828	487642
5	67674164	829	488000
5	67757761	830	488142
5	67841774	831	490214
5	67925414	832	499857
5	68009176	833	490214
5	68093176	834	485642
5	68177082	835	487500
5	68260856	836	494642
5	68344797	837	491928
5	68428619	838	489928
5	68512421	839	491642
5	68596626	840	492928
5	68680748	841	489285
5	68764628	842	480071
5	68847853	843	478785
5	68931023	844	489142
5	69014582	845	488500
5	69097906	846	480714
5	69181397	847	478071
5	69264883	848	485714
5	69348424	849	483857
5	69431743	850	482142
5	69515022	851	484571
5	69597929	852	485428
5	69681114	853	486642
5	69764708	854	484000
5	69848266	855	485357
5	69931964	856	490500
5	70015634	857	487357
5	70099086	858	481214
5	70182330	859	479428
5	70265863	860	481785
5	70348896	861	485285
5	70432154	862	486357
5	70515643	863	488785
5	70599340	864	487357
5	70683010	865	483142
5	70766593	866	482928
5	70850233	867	490857
5	70933849	868	489285
5	71017150	869	483142
5	71100907	870	485214
5	71184501	871	492428
5	71268303	872	496071
5	71352005	873	492571
5	71435388	874	478428
5	71519165	875	481571
5	71602559	876	477714
5	71685426	877	481285
5	71768709	878	486571
5	71851889	879	484785
5	71935273	880	485428
5	72018938	881	481285
5	72102359	882	482357
5	72185947	883	489214
5	72269546	884	487642
5	72352753	885	481071
5	72436265	886	480785
5	72519654	887	484500
5	72602973	888	484000
5	72686532	889	490285
5	72769759	890	483214
5	72852931	891	485214
5	72936366	892	486500
5	73020132	893	487857
5	73103691	894	480857
5	73187112	895	482357
5	73270776	896	486000
5	73354272	897	493285
5	73438396	898	499500
5	73522331	899	489071
5	73605850	900	488428
5	73689641	901	486142
5	73773668	902	490571
5	73857731	903	492214
5	73941786	904	490785
5	74025810	905	490428
5	74109568	906	495857
5	74193607	907	486857
5	74277414	908	482071
5	74360716	909	484214
5	74444061	910	491357
5	74527837	911	490642
5	74611795	912	489928
5	74695723	913	486642
5	74779208	914	490071
5	74862836	915	493642
5	74946194	916	481642
5	75029454	917	490714
5	75113583	918	501142
5	75197516	919	488071
5	75281373	920	486785
5	75365124	921	485428
5	75448799	922	487000
5	75532380	923	485285
5	75615891	924	492428
5	75699673	925	492500
5	75783339	926	495142
5	75867428	927	490714
5	75951363	928	483928
5	76034801	929	480642
5	76118277	930	483928
5	76201804	931	482071
5	76284962	932	483214
5	76368238	933	483642
5	76451358	934	479357
5	76534242	935	483357
5	76617590	936	487357
5	76700831	937	484071
5	76784309	938	484571
5	76868110	939	487000
5	76951794	940	490285
5	77035645	941	489357
5	77119397	942	492571
5	77203161	943	487071
5	77286739	944	486928
5	77370285	945	486642
5	77453853	946	485714
5	77537563	947	483928
5	77621121	948	482571
5	77704449	949	481857
5	77787928	950	487142
5	77871499	951	485714
5	77954392	952	479142
5	78037444	953	487428
5	78121115	954	497500
5	78205050	955	489285
5	78288605	956	474785
5	78371864	957	484214
5	78455350	958	489428
5	78538263	959	493285
5	78621631	960	481928
5	78705151	961	484928
5	78788418	962	481071
5	78871701	963	484000
5	78955446	964	489642
5	79038997	965	490500
5	79122388	966	481928
5	79205715	967	485785
5	79289522	968	493500
5	79373313	969	489285
5	79456948	970	486000
5	79541123	971	491714
5	79625020	972	486642
5	79708714	973	480285
5	79792261	974	485642
5	79875672	975	486071
5	79959051	976	491571
5	80042824	977	489428
5	80126416	978	492000
5	80210071	979	489928
5	80293869	980	496500
5	80377733	981	488071
5	80461733	982	487214
5	80545736	983	493142
5	80630023	984	492428
5	80713966	985	479214
5	80797431	986	471928
5	80880767	987	487357
5	80964296	988	488000
5	81047413	989	487285
5	81130597	990	476785
5	81213625	991	481714
5	81296992	992	490500
5	81380608	993	494285
5	81464435	994	489857
5	81548482	995	486571
5	81632535	996	490857
5	81716567	997	488357
5	81800142	998	478142
5	81883464	999	481857
6	44362082	550	20
6	48543453	600	20
6	52721159	650	20
6	56899301	700	20
6	61077113	750	20
6	65252872	800	20
6	69431741	850	20
6	73605848	900	20
6	77787926	950	20
6	81967078	1000	20
7	44362082	550	0
7	48543453	600	0
7	52721159	650	0
7	56899301	700	0
7	61077113	750	0
7	65252872	800	0
7	69431741	850	0
7	73605848	900	0
7	77787926	950	0
7	81967078	1000	0
