version 2
run BasicCC-3-20100909-00:34:45-2348
attr configname BasicCC
attr datetime 20100909-00:34:45
attr experiment BasicCC
attr inifile D:/Developement/Oversim2/multic/simulations/omnetpp.ini
attr iterationvars $nhops=5
attr iterationvars2 "$nhops=5, $repetition=0"
attr measurement $nhops=5
attr network oversim.underlay.simpleunderlay.SimpleUnderlayNetwork
attr nhops 5
attr processid 2348
attr repetition 0
attr replication #0
attr resultdir results
attr runnumber 3
attr seedset 3

vector 1  SimpleUnderlayNetwork.globalObserver.globalStatistics  incoming_bytes  ETV
vector 2  SimpleUnderlayNetwork.globalObserver.globalStatistics  drops  ETV
vector 3  SimpleUnderlayNetwork.globalObserver.globalStatistics  delayed_acks  ETV
vector 4  SimpleUnderlayNetwork.globalObserver.globalStatistics  "GlobalNodeList: Number of nodes"  ETV
vector 5  SimpleUnderlayNetwork.globalObserver.globalStatistics  "GlobalNodeList: Number of bootstrapped malicious nodes"  ETV
1	50183	20	0
1	160284	21	106
1	271557	22	106
1	383042	23	106
1	494278	24	318
1	605894	25	530
1	717261	26	106
1	828681	27	106
1	940041	28	53
1	1051569	29	159
1	1162971	30	159
1	1274338	31	53
1	1385853	32	212
1	1497322	33	106
1	1608529	34	53
1	1720065	35	53
1	1831459	36	159
1	1942861	37	159
1	2054209	38	159
1	2165750	39	53
1	2277150	40	159
1	2388592	41	0
1	2499994	42	159
1	2611295	43	106
1	2722849	44	212
1	2834215	45	106
1	2945652	46	53
1	3057048	47	159
1	3168514	48	159
1	3279845	49	106
1	3391275	50	53
1	3502803	51	106
1	3614148	52	106
1	3725581	53	106
1	3837019	54	53
1	3948458	55	265
1	4059865	56	159
1	4171296	57	371
1	4282714	58	159
1	4394134	59	159
1	4505586	60	106
1	4616891	61	53
1	4728377	62	0
1	4839678	63	212
1	4951161	64	212
1	5062785	65	212
1	5174126	66	212
1	5285456	67	159
1	5396759	68	159
1	5508372	69	106
1	5619756	70	53
1	5731261	71	318
1	5842646	72	53
1	5953918	73	159
1	6065465	74	106
1	6176860	75	53
1	6288249	76	106
1	6399657	77	212
1	6511084	78	106
1	6622498	79	159
1	6733881	80	106
1	6845330	81	159
1	6956747	82	159
1	7068092	83	265
1	7179508	84	159
1	7291139	85	53
1	7402464	86	212
1	7513890	87	265
1	7625263	88	106
1	7736675	89	53
1	7848259	90	212
1	7959659	91	0
1	8070928	92	0
1	8182379	93	0
1	8293774	94	265
1	8405209	95	53
1	8516735	96	53
1	8627984	97	53
1	8739412	98	106
1	8850939	99	159
1	8962303	100	106
1	9073813	101	106
1	9185117	102	106
1	9296573	103	212
1	9408126	104	0
1	9519370	105	212
1	9630782	106	212
1	9742260	107	106
1	9853725	108	53
1	9965098	109	106
1	10076372	110	318
1	10187948	111	318
1	10299305	112	106
1	10410831	113	53
1	10522236	114	53
1	10633588	115	212
1	10744964	116	212
1	10856563	117	318
1	10967804	118	159
1	11079468	119	159
1	11190670	120	265
1	11302091	121	212
1	11413604	122	318
1	11524969	123	159
1	11636336	124	212
1	11747818	125	106
1	11859185	126	159
1	11970699	127	106
1	12082104	128	159
1	12193425	129	106
1	12304894	130	212
1	12416288	131	53
1	12527637	132	53
1	12639215	133	0
1	12750620	134	0
1	12861993	135	265
1	12973476	136	212
1	13084781	137	265
1	13196284	138	106
1	13307623	139	159
1	13419073	140	159
1	13530579	141	159
1	13641996	142	106
1	13753390	143	0
1	13864675	144	0
1	13976322	145	0
1	14087650	146	53
1	14199021	147	265
1	14310500	148	212
1	14421934	149	106
1	14533260	150	0
1	14644715	151	159
1	14756060	152	212
1	14867526	153	212
1	14978981	154	159
1	15090343	155	106
1	15201665	156	0
1	15313190	157	212
1	15424606	158	53
1	15536119	159	106
1	15647452	160	212
1	15758836	161	159
1	15870289	162	53
1	15981676	163	212
1	16093196	164	159
1	16204670	165	53
1	16316019	166	159
1	16427455	167	106
1	16538704	168	212
1	16650270	169	53
1	16761671	170	212
1	16873150	171	53
1	16984393	172	0
1	17095959	173	53
1	17207313	174	159
1	17318724	175	106
1	17430236	176	53
1	17541597	177	106
1	17652880	178	159
1	17764388	179	159
1	17875940	180	53
1	17987201	181	0
1	18098683	182	159
1	18210180	183	159
1	18321470	184	318
1	18432979	185	159
1	18544377	186	212
1	18655790	187	106
1	18767186	188	212
1	18878617	189	106
1	18989979	190	265
1	19101510	191	53
1	19212925	192	212
1	19324363	193	265
1	19435618	194	159
1	19547227	195	0
1	19658518	196	53
1	19770009	197	53
1	19881414	198	53
1	19992790	199	106
1	20104275	200	53
1	20215567	201	0
1	20327084	202	159
1	20438448	203	106
1	20549875	204	106
1	20661231	205	106
1	20772798	206	318
1	20884120	207	0
1	20995594	208	159
1	21106948	209	0
1	21218379	210	106
1	21329882	211	53
1	21441263	212	53
1	21552711	213	53
1	21664086	214	0
1	21775562	215	53
1	21887107	216	212
1	21998336	217	212
1	22109911	218	212
1	22221229	219	106
1	22332680	220	106
1	22444078	221	159
1	22555507	222	53
1	22666881	223	0
1	22778413	224	159
1	22889747	225	106
1	23001148	226	106
1	23112525	227	53
1	23223919	228	265
1	23335308	229	106
1	23446910	230	265
1	23558119	231	265
1	23669528	232	106
1	23781037	233	106
1	23892507	234	0
1	24003948	235	159
1	24115258	236	0
1	24226854	237	0
1	24338162	238	212
1	24449657	239	53
1	24560885	240	106
1	24672401	241	53
1	24783825	242	53
1	24895409	243	53
1	25006750	244	53
1	25118038	245	318
1	25229436	246	0
1	25340913	247	53
1	25452265	248	159
1	25563790	249	53
1	25675258	250	212
1	25786639	251	212
1	25897975	252	159
1	26009386	253	212
1	26120892	254	53
1	26232329	255	0
1	26343767	256	212
1	26455217	257	159
1	26566488	258	0
1	26677983	259	159
1	26789412	260	159
1	26900819	261	106
1	27012251	262	212
1	27123768	263	212
1	27235086	264	106
1	27346435	265	53
1	27457917	266	106
1	27569365	267	318
1	27680719	268	53
1	27792202	269	265
1	27903569	270	0
1	28014892	271	53
1	28126554	272	106
1	28237851	273	53
1	28349194	274	0
1	28460758	275	265
1	28571977	276	53
1	28683471	277	53
1	28794896	278	159
1	28906385	279	212
1	29017776	280	53
1	29129230	281	53
1	29240502	282	159
1	29351860	283	159
1	29463453	284	212
1	29574869	285	106
1	29686305	286	212
1	29797743	287	212
1	29909116	288	159
1	30020513	289	0
1	30131976	290	53
1	30243428	291	212
1	30354784	292	106
1	30466236	293	0
1	30577576	294	53
1	30689070	295	53
1	30800521	296	212
1	30911913	297	106
1	31023286	298	159
1	31134743	299	159
1	31246222	300	0
1	31357596	301	159
1	31468984	302	159
1	31580411	303	371
1	31691783	304	106
1	31803245	305	0
1	31914636	306	106
1	32026003	307	53
1	32137534	308	106
1	32248908	309	159
1	32360314	310	53
1	32471782	311	53
1	32583164	312	212
1	32694703	313	0
1	32805877	314	53
1	32917505	315	53
1	33028806	316	212
1	33140251	317	212
1	33251664	318	53
1	33363071	319	53
1	33474509	320	212
1	33585980	321	106
1	33697389	322	0
1	33808850	323	265
1	33920234	324	106
1	34031661	325	106
1	34143056	326	53
1	34254462	327	265
1	34365838	328	106
1	34477296	329	318
1	34588832	330	53
1	34700101	331	106
1	34811546	332	265
1	34922952	333	106
1	35034360	334	159
1	35145778	335	265
1	35257276	336	0
1	35368595	337	265
1	35480067	338	212
1	35591589	339	53
1	35702893	340	53
1	35814374	341	53
1	35925900	342	106
1	36037117	343	0
1	36148537	344	53
1	36260053	345	53
1	36371424	346	371
1	36482898	347	159
1	36594279	348	212
1	36705654	349	318
1	36817051	350	106
1	36928640	351	106
1	37039876	352	212
1	37151394	353	159
1	37262800	354	106
1	37374251	355	265
1	37485636	356	212
1	37597030	357	212
1	37708577	358	106
1	37819927	359	53
1	37931301	360	212
1	38042710	361	159
1	38154170	362	265
1	38265590	363	212
1	38377032	364	159
1	38488348	365	106
1	38599975	366	0
1	38711193	367	53
1	38822567	368	0
1	38934017	369	159
1	39045477	370	159
1	39156956	371	53
1	39268484	372	212
1	39379828	373	53
1	39491198	374	318
1	39602591	375	159
1	39713924	376	106
1	39825490	377	53
1	39936930	378	53
1	40048243	379	106
1	40159724	380	106
1	40271194	381	106
1	40382574	382	53
1	40493996	383	159
1	40605412	384	106
1	40716756	385	212
1	40828272	386	265
1	40939708	387	159
1	41051019	388	159
1	41162535	389	318
1	41273938	390	53
1	41385328	391	265
1	41496705	392	265
1	41608135	393	53
1	41719614	394	159
1	41831077	395	53
1	41942384	396	212
1	42053726	397	159
1	42165226	398	159
1	42276757	399	159
1	42388016	400	53
1	42499564	401	159
1	42610954	402	53
1	42722384	403	106
1	42833774	404	106
1	42945201	405	106
1	43056608	406	159
1	43168105	407	0
1	43279586	408	53
1	43390797	409	106
1	43502350	410	159
1	43613680	411	53
1	43725057	412	212
1	43836465	413	106
1	43947974	414	159
1	44059468	415	53
1	44170862	416	106
1	44282215	417	159
1	44393658	418	53
1	44505130	419	106
1	44616396	420	212
1	44727864	421	159
1	44839343	422	212
1	44950775	423	106
1	45062091	424	53
1	45173503	425	53
1	45285075	426	159
1	45396359	427	106
1	45507859	428	159
1	45619288	429	159
1	45730617	430	159
1	45842037	431	212
1	45953398	432	106
1	46064923	433	106
1	46176319	434	106
1	46287716	435	106
1	46399256	436	53
1	46510644	437	265
1	46621921	438	106
1	46733440	439	106
1	46844871	440	53
1	46956385	441	159
1	47067690	442	53
1	47179207	443	106
1	47290513	444	318
1	47401845	445	0
1	47513419	446	106
1	47624845	447	159
1	47736145	448	212
1	47847651	449	212
1	47958966	450	106
1	48070489	451	53
1	48181923	452	106
1	48293404	453	0
1	48404727	454	106
1	48516116	455	212
1	48627523	456	53
1	48739041	457	159
1	48850444	458	106
1	48961836	459	106
1	49073168	460	212
1	49184682	461	159
1	49296044	462	212
1	49407501	463	212
1	49518966	464	53
1	49630307	465	106
1	49741855	466	53
1	49853229	467	265
1	49964743	468	159
1	50075968	469	159
1	50187392	470	159
1	50298898	471	159
1	50410187	472	265
1	50521794	473	265
1	50632996	474	106
1	50744490	475	106
1	50855904	476	159
1	50967375	477	212
1	51078653	478	53
1	51190240	479	159
1	51301709	480	212
1	51413085	481	212
1	51524531	482	53
1	51635947	483	106
1	51747356	484	106
1	51858635	485	212
1	51970150	486	106
1	52081446	487	106
1	52193081	488	53
1	52304441	489	212
1	52415829	490	265
1	52527267	491	106
1	52638650	492	212
1	52750077	493	106
1	52861513	494	106
1	52973022	495	106
1	53084358	496	53
1	53195769	497	53
1	53307242	498	159
1	53418585	499	106
1	53530024	500	159
1	53641536	501	0
1	53752803	502	159
1	53864344	503	106
1	53975783	504	265
1	54087210	505	159
1	54198501	506	265
1	54309970	507	106
1	54421344	508	212
1	54532810	509	106
1	54644170	510	159
1	54755639	511	318
1	54867106	512	106
1	54978602	513	212
1	55089941	514	0
1	55201366	515	106
1	55312685	516	53
1	55424215	517	53
1	55535593	518	53
1	55646916	519	53
1	55758432	520	53
1	55869917	521	159
1	55981210	522	106
1	56092580	523	53
1	56204042	524	106
1	56315452	525	212
1	56426921	526	53
1	56538216	527	106
1	56649720	528	159
1	56761238	529	0
1	56872597	530	106
1	56984117	531	106
1	57095510	532	318
1	57206938	533	106
1	57318367	534	159
1	57429711	535	53
1	57541153	536	106
1	57652602	537	106
1	57763925	538	106
1	57875511	539	106
1	57986748	540	106
1	58098322	541	159
1	58209710	542	0
1	58321050	543	159
1	58432388	544	0
1	58543889	545	0
1	58655288	546	159
1	58766657	547	159
1	58878283	548	53
1	58989568	549	53
1	59101050	550	53
1	59212511	551	106
1	59323866	552	53
1	59435252	553	106
1	59546724	554	106
1	59658043	555	53
1	59769444	556	159
1	59880924	557	159
1	59992354	558	106
1	60103749	559	106
1	60215252	560	53
1	60326608	561	212
1	60438041	562	53
1	60549431	563	106
1	60660863	564	106
1	60772324	565	53
1	60883680	566	0
1	60995161	567	265
1	61106543	568	106
1	61217904	569	106
1	61329282	570	106
1	61440807	571	159
1	61552165	572	53
1	61663549	573	159
1	61775091	574	159
1	61886509	575	53
1	61997998	576	265
1	62109261	577	106
1	62220849	578	265
1	62332138	579	53
1	62443553	580	106
1	62555069	581	0
1	62666472	582	212
1	62777792	583	159
1	62889342	584	265
1	63000694	585	53
1	63111907	586	106
1	63223479	587	53
1	63334906	588	212
1	63446328	589	53
1	63557767	590	106
1	63669144	591	0
1	63780603	592	159
1	63892131	593	212
1	64003464	594	265
1	64114941	595	318
1	64226236	596	159
1	64337710	597	159
1	64449125	598	106
1	64560564	599	106
1	64671989	600	159
1	64783327	601	159
1	64894751	602	212
1	65006142	603	106
1	65117577	604	159
1	65229156	605	159
1	65340519	606	53
1	65451930	607	371
1	65563309	608	159
1	65674754	609	106
1	65786144	610	106
1	65897682	611	106
1	66009030	612	265
1	66120355	613	159
1	66231789	614	0
1	66343295	615	159
1	66454501	616	106
1	66566111	617	212
1	66677534	618	106
1	66788885	619	159
1	66900376	620	265
1	67011711	621	53
1	67123119	622	106
1	67234632	623	318
1	67346089	624	318
1	67457528	625	106
1	67568949	626	159
1	67680401	627	159
1	67791595	628	212
1	67903161	629	159
1	68014543	630	106
1	68125929	631	159
1	68237396	632	106
1	68348814	633	53
1	68460164	634	212
1	68571715	635	159
1	68683107	636	53
1	68794472	637	106
1	68905886	638	106
1	69017311	639	212
1	69128710	640	106
1	69240108	641	212
1	69351577	642	106
1	69462986	643	106
1	69574344	644	159
1	69685811	645	106
1	69797301	646	106
1	69908691	647	265
1	70020152	648	106
1	70131609	649	212
1	70242926	650	106
1	70354360	651	106
1	70465674	652	0
1	70577163	653	0
1	70688583	654	106
1	70800041	655	106
1	70911402	656	53
1	71022851	657	53
1	71134293	658	212
1	71245542	659	371
1	71357031	660	106
1	71468505	661	159
1	71579945	662	53
1	71691439	663	53
1	71802689	664	0
1	71914202	665	53
1	72025686	666	106
1	72137075	667	159
1	72248388	668	106
1	72360032	669	106
1	72471297	670	53
1	72582871	671	106
1	72694065	672	106
1	72805493	673	53
1	72917097	674	159
1	73028345	675	159
1	73139854	676	159
1	73251276	677	212
1	73362720	678	106
1	73474059	679	53
1	73585445	680	212
1	73696901	681	106
1	73808349	682	106
1	73919850	683	212
1	74031157	684	106
1	74142621	685	0
1	74254101	686	53
1	74365487	687	159
1	74476810	688	265
1	74588340	689	212
1	74699772	690	53
1	74811082	691	106
1	74922563	692	53
1	75033982	693	159
1	75145289	694	53
1	75256893	695	159
1	75368139	696	318
1	75479633	697	53
1	75591091	698	212
1	75702537	699	159
1	75813833	700	53
1	75925179	701	53
1	76036759	702	212
1	76148068	703	0
1	76259576	704	106
1	76370922	705	212
1	76482408	706	0
1	76593845	707	265
1	76705277	708	212
1	76816522	709	0
1	76928062	710	318
1	77039423	711	159
1	77150932	712	53
1	77262422	713	318
1	77373898	714	53
1	77485099	715	106
1	77596667	716	106
1	77707997	717	212
1	77819397	718	106
1	77930876	719	106
1	78042211	720	106
1	78153692	721	159
1	78265227	722	53
1	78376644	723	159
1	78488045	724	159
1	78599313	725	106
1	78710753	726	0
1	78822215	727	0
1	78933665	728	159
1	79045005	729	159
1	79156520	730	0
1	79267844	731	159
1	79379309	732	53
1	79490792	733	106
1	79602077	734	159
1	79713554	735	106
1	79825018	736	0
1	79936252	737	53
1	80047741	738	106
1	80159245	739	159
1	80270656	740	106
1	80382014	741	0
1	80493496	742	212
1	80604860	743	0
1	80716375	744	53
1	80827720	745	159
1	80939199	746	0
1	81050647	747	106
1	81161931	748	106
1	81273519	749	159
1	81384825	750	212
1	81496172	751	106
1	81607638	752	159
1	81719116	753	106
1	81830529	754	106
1	81941883	755	106
1	82053384	756	212
1	82164687	757	53
1	82276190	758	106
1	82387664	759	106
1	82499052	760	53
1	82610532	761	212
1	82721850	762	53
1	82833302	763	53
1	82944611	764	106
1	83056307	765	212
1	83167615	766	212
1	83278957	767	106
1	83390385	768	106
1	83501878	769	0
1	83613229	770	53
1	83724608	771	159
1	83836031	772	212
1	83947501	773	53
1	84058830	774	106
1	84170330	775	212
1	84281772	776	0
1	84393239	777	318
1	84504567	778	106
1	84616000	779	318
1	84727514	780	212
1	84838839	781	265
1	84950338	782	159
1	85061639	783	53
1	85173125	784	53
1	85284661	785	53
1	85395995	786	212
1	85507266	787	159
1	85618778	788	212
1	85730170	789	159
1	85841658	790	53
1	85952982	791	212
1	86064382	792	53
1	86175802	793	53
1	86287367	794	159
1	86398614	795	106
1	86510130	796	53
1	86621541	797	159
1	86733027	798	159
1	86844341	799	159
1	86955902	800	159
1	87067286	801	53
1	87178702	802	106
1	87290052	803	53
1	87401540	804	318
1	87512859	805	53
1	87624367	806	106
1	87735820	807	106
1	87847133	808	0
1	87958522	809	0
1	88069995	810	106
1	88181425	811	106
1	88292894	812	212
1	88404269	813	212
1	88515758	814	53
1	88627097	815	53
1	88738553	816	53
1	88850014	817	212
1	88961480	818	106
1	89072767	819	265
1	89184169	820	212
1	89295585	821	265
1	89407063	822	106
1	89518457	823	159
1	89629758	824	159
1	89741369	825	53
1	89852681	826	106
1	89964178	827	265
1	90075441	828	106
1	90186976	829	106
1	90298358	830	53
1	90409839	831	106
1	90521360	832	0
1	90632511	833	159
1	90744051	834	0
1	90855396	835	106
1	90966954	836	53
1	91078310	837	159
1	91189702	838	53
1	91301195	839	0
1	91412696	840	53
1	91524041	841	106
1	91635537	842	0
1	91746809	843	106
1	91858280	844	265
1	91969589	845	53
1	92081028	846	159
1	92192598	847	106
1	92304004	848	53
1	92415332	849	0
1	92526775	850	53
1	92638182	851	159
1	92749571	852	212
1	92861005	853	159
1	92972395	854	106
1	93083792	855	0
1	93195185	856	53
1	93306696	857	53
1	93418056	858	159
1	93529571	859	106
1	93641008	860	53
1	93752286	861	53
1	93863732	862	159
1	93975260	863	53
1	94086653	864	106
1	94198054	865	53
1	94309474	866	106
1	94420755	867	53
1	94532377	868	53
1	94643723	869	106
1	94755128	870	106
1	94866523	871	159
1	94977991	872	53
1	95089424	873	53
1	95200875	874	318
1	95312351	875	106
1	95423671	876	318
1	95535009	877	265
1	95646536	878	106
1	95757868	879	212
1	95869307	880	53
1	95980846	881	53
1	96092186	882	106
1	96203563	883	0
1	96315050	884	53
1	96426407	885	159
1	96537854	886	159
1	96649282	887	159
1	96760599	888	106
1	96872114	889	159
1	96983621	890	159
1	97095036	891	106
1	97206418	892	0
1	97317797	893	106
1	97429243	894	53
1	97540593	895	265
1	97652142	896	106
1	97763410	897	53
1	97874755	898	53
1	97986370	899	212
1	98097760	900	159
1	98209085	901	265
1	98320566	902	265
1	98432100	903	0
1	98543512	904	53
1	98654837	905	53
1	98766228	906	106
1	98877523	907	159
1	98989023	908	53
1	99100478	909	106
1	99211732	910	159
1	99323383	911	0
1	99434662	912	265
1	99546124	913	159
1	99657575	914	106
1	99769035	915	106
1	99880317	916	318
1	99991876	917	0
1	100103326	918	106
1	100214737	919	0
1	100326172	920	265
1	100437462	921	212
1	100548806	922	212
1	100660337	923	159
1	100771756	924	0
1	100883199	925	53
1	100994637	926	0
1	101106062	927	159
1	101217445	928	212
1	101328924	929	212
1	101440302	930	265
1	101551763	931	159
1	101662943	932	106
1	101774552	933	106
1	101885881	934	53
1	101997472	935	159
1	102108835	936	318
1	102220279	937	265
1	102331568	938	159
1	102443106	939	53
1	102554420	940	106
1	102665844	941	159
1	102777218	942	159
1	102888808	943	106
1	103000205	944	53
1	103111611	945	318
1	103223025	946	106
1	103334457	947	53
1	103445809	948	159
1	103557224	949	159
1	103668601	950	53
1	103780081	951	106
1	103891536	952	159
1	104002941	953	53
1	104114397	954	53
1	104225712	955	53
1	104337215	956	159
1	104448583	957	159
1	104559984	958	53
1	104671456	959	106
1	104783024	960	159
1	104894179	961	0
1	105005697	962	0
1	105117227	963	53
1	105228457	964	159
1	105339943	965	265
1	105451432	966	318
1	105562725	967	0
1	105674157	968	106
1	105785589	969	53
1	105897123	970	159
1	106008277	971	106
1	106119849	972	106
1	106231173	973	212
1	106342716	974	212
1	106454220	975	371
1	106565620	976	106
1	106677031	977	0
1	106788395	978	159
1	106899785	979	106
1	107011315	980	53
1	107122738	981	0
1	107234143	982	0
1	107345432	983	106
1	107456940	984	106
1	107568434	985	265
1	107679803	986	159
1	107791168	987	53
1	107902634	988	106
1	108014065	989	106
1	108125389	990	0
1	108236911	991	106
1	108348209	992	265
1	108459766	993	212
1	108571114	994	159
1	108682491	995	106
1	108793911	996	159
1	108905374	997	159
1	109016759	998	106
1	109128242	999	159
2	50183	20	174
2	160284	21	10033
2	271557	22	10890
2	383042	23	11001
2	494278	24	11049
2	605894	25	11036
2	717261	26	11101
2	828681	27	10991
2	940041	28	11022
2	1051569	29	11060
2	1162971	30	11045
2	1274338	31	11027
2	1385853	32	11028
2	1497322	33	11092
2	1608529	34	11025
2	1720065	35	10986
2	1831459	36	11071
2	1942861	37	11013
2	2054209	38	11081
2	2165750	39	11038
2	2277150	40	11108
2	2388592	41	10987
2	2499994	42	10979
2	2611295	43	11099
2	2722849	44	11064
2	2834215	45	10952
2	2945652	46	11077
2	3057048	47	11084
2	3168514	48	11017
2	3279845	49	11000
2	3391275	50	10991
2	3502803	51	11114
2	3614148	52	11034
2	3725581	53	11029
2	3837019	54	11081
2	3948458	55	11024
2	4059865	56	11022
2	4171296	57	11022
2	4282714	58	11057
2	4394134	59	11075
2	4505586	60	10992
2	4616891	61	11059
2	4728377	62	11030
2	4839678	63	11017
2	4951161	64	11061
2	5062785	65	11075
2	5174126	66	10980
2	5285456	67	11010
2	5396759	68	11090
2	5508372	69	11062
2	5619756	70	10959
2	5731261	71	11119
2	5842646	72	11092
2	5953918	73	10906
2	6065465	74	11065
2	6176860	75	11133
2	6288249	76	10951
2	6399657	77	11075
2	6511084	78	10957
2	6622498	79	11139
2	6733881	80	10992
2	6845330	81	11025
2	6956747	82	11061
2	7068092	83	11021
2	7179508	84	11073
2	7291139	85	11087
2	7402464	86	10978
2	7513890	87	11078
2	7625263	88	11012
2	7736675	89	11023
2	7848259	90	11019
2	7959659	91	11090
2	8070928	92	11004
2	8182379	93	11002
2	8293774	94	11044
2	8405209	95	11018
2	8516735	96	11104
2	8627984	97	11037
2	8739412	98	11037
2	8850939	99	11100
2	8962303	100	10965
2	9073813	101	11066
2	9185117	102	10999
2	9296573	103	11046
2	9408126	104	11053
2	9519370	105	11020
2	9630782	106	11045
2	9742260	107	11056
2	9853725	108	11039
2	9965098	109	10979
2	10076372	110	11098
2	10187948	111	11015
2	10299305	112	11031
2	10410831	113	11101
2	10522236	114	10988
2	10633588	115	11060
2	10744964	116	11008
2	10856563	117	11073
2	10967804	118	10997
2	11079468	119	11086
2	11190670	120	10990
2	11302091	121	11006
2	11413604	122	11114
2	11524969	123	11022
2	11636336	124	11018
2	11747818	125	11076
2	11859185	126	11002
2	11970699	127	11084
2	12082104	128	11024
2	12193425	129	10997
2	12304894	130	11045
2	12416288	131	11005
2	12527637	132	11062
2	12639215	133	11083
2	12750620	134	11030
2	12861993	135	11038
2	12973476	136	11064
2	13084781	137	11004
2	13196284	138	11079
2	13307623	139	11016
2	13419073	140	10991
2	13530579	141	11028
2	13641996	142	11067
2	13753390	143	11062
2	13864675	144	10976
2	13976322	145	11158
2	14087650	146	10996
2	14199021	147	10977
2	14310500	148	11089
2	14421934	149	11034
2	14533260	150	11047
2	14644715	151	11047
2	14756060	152	10952
2	14867526	153	11089
2	14978981	154	11023
2	15090343	155	11079
2	15201665	156	10981
2	15313190	157	11094
2	15424606	158	11010
2	15536119	159	11063
2	15647452	160	11028
2	15758836	161	11039
2	15870289	162	11054
2	15981676	163	11067
2	16093196	164	11005
2	16204670	165	11069
2	16316019	166	11054
2	16427455	167	10960
2	16538704	168	11057
2	16650270	169	11053
2	16761671	170	11055
2	16873150	171	11049
2	16984393	172	11007
2	17095959	173	11055
2	17207313	174	11030
2	17318724	175	11076
2	17430236	176	10971
2	17541597	177	11083
2	17652880	178	10991
2	17764388	179	11077
2	17875940	180	11027
2	17987201	181	11079
2	18098683	182	11022
2	18210180	183	11079
2	18321470	184	10960
2	18432979	185	11058
2	18544377	186	11061
2	18655790	187	10999
2	18767186	188	11045
2	18878617	189	11037
2	18989979	190	11032
2	19101510	191	11084
2	19212925	192	11032
2	19324363	193	11046
2	19435618	194	10964
2	19547227	195	11105
2	19658518	196	10947
2	19770009	197	11106
2	19881414	198	11108
2	19992790	199	11003
2	20104275	200	11023
2	20215567	201	10996
2	20327084	202	11051
2	20438448	203	11083
2	20549875	204	11008
2	20661231	205	11077
2	20772798	206	11024
2	20884120	207	10975
2	20995594	208	11169
2	21106948	209	10946
2	21218379	210	11052
2	21329882	211	11062
2	21441263	212	11021
2	21552711	213	11080
2	21664086	214	10983
2	21775562	215	11088
2	21887107	216	11025
2	21998336	217	11027
2	22109911	218	10995
2	22221229	219	11078
2	22332680	220	11027
2	22444078	221	11061
2	22555507	222	11069
2	22666881	223	11026
2	22778413	224	11011
2	22889747	225	11029
2	23001148	226	11077
2	23112525	227	10995
2	23223919	228	11044
2	23335308	229	11026
2	23446910	230	11058
2	23558119	231	11001
2	23669528	232	11087
2	23781037	233	11064
2	23892507	234	10992
2	24003948	235	11085
2	24115258	236	11026
2	24226854	237	11088
2	24338162	238	10978
2	24449657	239	11072
2	24560885	240	11015
2	24672401	241	10986
2	24783825	242	11164
2	24895409	243	11025
2	25006750	244	11005
2	25118038	245	11021
2	25229436	246	10977
2	25340913	247	11148
2	25452265	248	11008
2	25563790	249	10982
2	25675258	250	11047
2	25786639	251	11096
2	25897975	252	10970
2	26009386	253	11082
2	26120892	254	11046
2	26232329	255	11037
2	26343767	256	10974
2	26455217	257	11096
2	26566488	258	11017
2	26677983	259	11085
2	26789412	260	11012
2	26900819	261	11007
2	27012251	262	11139
2	27123768	263	10915
2	27235086	264	11087
2	27346435	265	11045
2	27457917	266	11058
2	27569365	267	10945
2	27680719	268	11100
2	27792202	269	11072
2	27903569	270	10975
2	28014892	271	11023
2	28126554	272	11148
2	28237851	273	11009
2	28349194	274	11012
2	28460758	275	11036
2	28571977	276	11000
2	28683471	277	11077
2	28794896	278	11052
2	28906385	279	11033
2	29017776	280	10997
2	29129230	281	11083
2	29240502	282	11064
2	29351860	283	10979
2	29463453	284	11058
2	29574869	285	11094
2	29686305	286	10985
2	29797743	287	11051
2	29909116	288	11041
2	30020513	289	11021
2	30131976	290	11044
2	30243428	291	11022
2	30354784	292	11101
2	30466236	293	11031
2	30577576	294	11041
2	30689070	295	11035
2	30800521	296	10993
2	30911913	297	11070
2	31023286	298	10979
2	31134743	299	11074
2	31246222	300	11065
2	31357596	301	11011
2	31468984	302	11023
2	31580411	303	11077
2	31691783	304	11031
2	31803245	305	11057
2	31914636	306	10966
2	32026003	307	11123
2	32137534	308	11006
2	32248908	309	11055
2	32360314	310	11030
2	32471782	311	11021
2	32583164	312	11023
2	32694703	313	11092
2	32805877	314	11033
2	32917505	315	11035
2	33028806	316	11036
2	33140251	317	11020
2	33251664	318	11058
2	33363071	319	11005
2	33474509	320	11021
2	33585980	321	11150
2	33697389	322	10997
2	33808850	323	11046
2	33920234	324	11033
2	34031661	325	11006
2	34143056	326	11004
2	34254462	327	11077
2	34365838	328	11024
2	34477296	329	11055
2	34588832	330	11034
2	34700101	331	11020
2	34811546	332	11089
2	34922952	333	10990
2	35034360	334	11085
2	35145778	335	11002
2	35257276	336	11075
2	35368595	337	10994
2	35480067	338	11113
2	35591589	339	11018
2	35702893	340	11015
2	35814374	341	11029
2	35925900	342	11062
2	36037117	343	11015
2	36148537	344	11060
2	36260053	345	11036
2	36371424	346	11014
2	36482898	347	11069
2	36594279	348	11024
2	36705654	349	11010
2	36817051	350	11063
2	36928640	351	11095
2	37039876	352	10942
2	37151394	353	11112
2	37262800	354	10978
2	37374251	355	11042
2	37485636	356	11029
2	37597030	357	11059
2	37708577	358	11036
2	37819927	359	11091
2	37931301	360	10947
2	38042710	361	11090
2	38154170	362	11002
2	38265590	363	10997
2	38377032	364	11096
2	38488348	365	11020
2	38599975	366	11069
2	38711193	367	11053
2	38822567	368	11016
2	38934017	369	11048
2	39045477	370	11042
2	39156956	371	11019
2	39268484	372	11063
2	39379828	373	11038
2	39491198	374	11041
2	39602591	375	10970
2	39713924	376	11139
2	39825490	377	10935
2	39936930	378	11127
2	40048243	379	11015
2	40159724	380	11053
2	40271194	381	11028
2	40382574	382	11050
2	40493996	383	11031
2	40605412	384	11040
2	40716756	385	11089
2	40828272	386	10940
2	40939708	387	11089
2	41051019	388	11071
2	41162535	389	11030
2	41273938	390	11065
2	41385328	391	11004
2	41496705	392	10965
2	41608135	393	11086
2	41719614	394	11071
2	41831077	395	10999
2	41942384	396	11059
2	42053726	397	10986
2	42165226	398	11112
2	42276757	399	10952
2	42388016	400	11085
2	42499564	401	11079
2	42610954	402	11021
2	42722384	403	11018
2	42833774	404	11054
2	42945201	405	11050
2	43056608	406	10969
2	43168105	407	11082
2	43279586	408	11086
2	43390797	409	10979
2	43502350	410	11053
2	43613680	411	11015
2	43725057	412	11029
2	43836465	413	11009
2	43947974	414	11124
2	44059468	415	10945
2	44170862	416	11119
2	44282215	417	11052
2	44393658	418	11008
2	44505130	419	11104
2	44616396	420	11001
2	44727864	421	11034
2	44839343	422	11040
2	44950775	423	11036
2	45062091	424	11039
2	45173503	425	10972
2	45285075	426	11142
2	45396359	427	11032
2	45507859	428	11019
2	45619288	429	10988
2	45730617	430	11065
2	45842037	431	11027
2	45953398	432	11020
2	46064923	433	11094
2	46176319	434	11030
2	46287716	435	10999
2	46399256	436	11085
2	46510644	437	11041
2	46621921	438	11056
2	46733440	439	10962
2	46844871	440	11112
2	46956385	441	11077
2	47067690	442	10984
2	47179207	443	10999
2	47290513	444	11060
2	47401845	445	11020
2	47513419	446	11152
2	47624845	447	10949
2	47736145	448	11043
2	47847651	449	11094
2	47958966	450	10956
2	48070489	451	11036
2	48181923	452	11100
2	48293404	453	11005
2	48404727	454	11005
2	48516116	455	11052
2	48627523	456	11079
2	48739041	457	11080
2	48850444	458	10981
2	48961836	459	11046
2	49073168	460	10972
2	49184682	461	11083
2	49296044	462	11079
2	49407501	463	11024
2	49518966	464	11051
2	49630307	465	11082
2	49741855	466	11008
2	49853229	467	11013
2	49964743	468	11089
2	50075968	469	10941
2	50187392	470	11056
2	50298898	471	11079
2	50410187	472	11033
2	50521794	473	11035
2	50632996	474	10984
2	50744490	475	11083
2	50855904	476	11048
2	50967375	477	11006
2	51078653	478	10972
2	51190240	479	11184
2	51301709	480	11002
2	51413085	481	11033
2	51524531	482	11103
2	51635947	483	10980
2	51747356	484	11012
2	51858635	485	11021
2	51970150	486	11019
2	52081446	487	11068
2	52193081	488	11067
2	52304441	489	11051
2	52415829	490	11000
2	52527267	491	11018
2	52638650	492	11088
2	52750077	493	11051
2	52861513	494	10990
2	52973022	495	11043
2	53084358	496	11055
2	53195769	497	11084
2	53307242	498	10947
2	53418585	499	11054
2	53530024	500	11036
2	53641536	501	11064
2	53752803	502	11067
2	53864344	503	11014
2	53975783	504	11086
2	54087210	505	10943
2	54198501	506	11075
2	54309970	507	11026
2	54421344	508	11059
2	54532810	509	11041
2	54644170	510	11009
2	54755639	511	11084
2	54867106	512	10965
2	54978602	513	11137
2	55089941	514	10932
2	55201366	515	11151
2	55312685	516	11008
2	55424215	517	11056
2	55535593	518	10967
2	55646916	519	11094
2	55758432	520	11049
2	55869917	521	11022
2	55981210	522	11070
2	56092580	523	10991
2	56204042	524	11084
2	56315452	525	10971
2	56426921	526	11117
2	56538216	527	10981
2	56649720	528	11018
2	56761238	529	11134
2	56872597	530	11010
2	56984117	531	11011
2	57095510	532	11076
2	57206938	533	10995
2	57318367	534	11108
2	57429711	535	11014
2	57541153	536	10963
2	57652602	537	11031
2	57763925	538	11131
2	57875511	539	11062
2	57986748	540	10967
2	58098322	541	11036
2	58209710	542	11038
2	58321050	543	11020
2	58432388	544	11029
2	58543889	545	11027
2	58655288	546	11069
2	58766657	547	11013
2	58878283	548	11043
2	58989568	549	11054
2	59101050	550	11147
2	59212511	551	11022
2	59323866	552	10966
2	59435252	553	11119
2	59546724	554	11032
2	59658043	555	10948
2	59769444	556	11059
2	59880924	557	11054
2	59992354	558	11038
2	60103749	559	11011
2	60215252	560	11094
2	60326608	561	11001
2	60438041	562	11057
2	60549431	563	11030
2	60660863	564	11084
2	60772324	565	10984
2	60883680	566	11022
2	60995161	567	11056
2	61106543	568	11033
2	61217904	569	11023
2	61329282	570	11081
2	61440807	571	11070
2	61552165	572	10975
2	61663549	573	11057
2	61775091	574	11065
2	61886509	575	11038
2	61997998	576	11114
2	62109261	577	10954
2	62220849	578	11090
2	62332138	579	10975
2	62443553	580	11057
2	62555069	581	11069
2	62666472	582	11029
2	62777792	583	10984
2	62889342	584	11044
2	63000694	585	11131
2	63111907	586	10926
2	63223479	587	11007
2	63334906	588	11113
2	63446328	589	11089
2	63557767	590	11014
2	63669144	591	11007
2	63780603	592	11043
2	63892131	593	11072
2	64003464	594	11033
2	64114941	595	10989
2	64226236	596	10960
2	64337710	597	11093
2	64449125	598	11138
2	64560564	599	10954
2	64671989	600	11035
2	64783327	601	11068
2	64894751	602	10984
2	65006142	603	11095
2	65117577	604	11013
2	65229156	605	11066
2	65340519	606	11048
2	65451930	607	11028
2	65563309	608	10993
2	65674754	609	11086
2	65786144	610	11043
2	65897682	611	11065
2	66009030	612	11006
2	66120355	613	11039
2	66231789	614	10986
2	66343295	615	11085
2	66454501	616	11002
2	66566111	617	11035
2	66677534	618	11057
2	66788885	619	11067
2	66900376	620	10995
2	67011711	621	11073
2	67123119	622	11046
2	67234632	623	11006
2	67346089	624	11092
2	67457528	625	11030
2	67568949	626	10996
2	67680401	627	11094
2	67791595	628	10987
2	67903161	629	11091
2	68014543	630	11032
2	68125929	631	10960
2	68237396	632	11064
2	68348814	633	11059
2	68460164	634	10981
2	68571715	635	11097
2	68683107	636	11061
2	68794472	637	11014
2	68905886	638	10994
2	69017311	639	11043
2	69128710	640	11049
2	69240108	641	11058
2	69351577	642	11032
2	69462986	643	11039
2	69574344	644	11044
2	69685811	645	11049
2	69797301	646	11099
2	69908691	647	10964
2	70020152	648	11091
2	70131609	649	11060
2	70242926	650	10969
2	70354360	651	11052
2	70465674	652	11032
2	70577163	653	11054
2	70688583	654	11060
2	70800041	655	10978
2	70911402	656	11146
2	71022851	657	10965
2	71134293	658	11069
2	71245542	659	10988
2	71357031	660	11039
2	71468505	661	11067
2	71579945	662	11031
2	71691439	663	11016
2	71802689	664	11087
2	71914202	665	11009
2	72025686	666	11086
2	72137075	667	11002
2	72248388	668	11044
2	72360032	669	11046
2	72471297	670	11018
2	72582871	671	11110
2	72694065	672	10944
2	72805493	673	11026
2	72917097	674	11062
2	73028345	675	11106
2	73139854	676	10996
2	73251276	677	11076
2	73362720	678	10991
2	73474059	679	11058
2	73585445	680	10986
2	73696901	681	11090
2	73808349	682	11003
2	73919850	683	11075
2	74031157	684	11068
2	74142621	685	10984
2	74254101	686	11078
2	74365487	687	11028
2	74476810	688	11092
2	74588340	689	10965
2	74699772	690	11075
2	74811082	691	11033
2	74922563	692	10996
2	75033982	693	11031
2	75145289	694	11048
2	75256893	695	11056
2	75368139	696	11009
2	75479633	697	11101
2	75591091	698	11004
2	75702537	699	11085
2	75813833	700	10961
2	75925179	701	11074
2	76036759	702	11047
2	76148068	703	11043
2	76259576	704	11059
2	76370922	705	10966
2	76482408	706	11073
2	76593845	707	11010
2	76705277	708	11087
2	76816522	709	11032
2	76928062	710	11066
2	77039423	711	11032
2	77150932	712	11056
2	77262422	713	11008
2	77373898	714	11037
2	77485099	715	10989
2	77596667	716	11143
2	77707997	717	11015
2	77819397	718	10976
2	77930876	719	11085
2	78042211	720	10986
2	78153692	721	11078
2	78265227	722	11119
2	78376644	723	10967
2	78488045	724	11077
2	78599313	725	10960
2	78710753	726	11073
2	78822215	727	10992
2	78933665	728	11078
2	79045005	729	11038
2	79156520	730	11059
2	79267844	731	10952
2	79379309	732	11126
2	79490792	733	10986
2	79602077	734	11093
2	79713554	735	10979
2	79825018	736	11071
2	79936252	737	11051
2	80047741	738	11051
2	80159245	739	10989
2	80270656	740	11114
2	80382014	741	10951
2	80493496	742	11122
2	80604860	743	10978
2	80716375	744	11085
2	80827720	745	10995
2	80939199	746	11076
2	81050647	747	10993
2	81161931	748	11056
2	81273519	749	11090
2	81384825	750	10989
2	81496172	751	11059
2	81607638	752	11017
2	81719116	753	11020
2	81830529	754	11089
2	81941883	755	10997
2	82053384	756	11132
2	82164687	757	10953
2	82276190	758	11061
2	82387664	759	11039
2	82499052	760	11087
2	82610532	761	10991
2	82721850	762	11114
2	82833302	763	10987
2	82944611	764	10967
2	83056307	765	11105
2	83167615	766	11032
2	83278957	767	11066
2	83390385	768	11016
2	83501878	769	11054
2	83613229	770	10988
2	83724608	771	11017
2	83836031	772	11088
2	83947501	773	11076
2	84058830	774	10959
2	84170330	775	11083
2	84281772	776	10969
2	84393239	777	11142
2	84504567	778	11021
2	84616000	779	11035
2	84727514	780	11107
2	84838839	781	11000
2	84950338	782	10999
2	85061639	783	10987
2	85173125	784	11118
2	85284661	785	11031
2	85395995	786	11080
2	85507266	787	10937
2	85618778	788	11079
2	85730170	789	11028
2	85841658	790	11083
2	85952982	791	10961
2	86064382	792	11065
2	86175802	793	11031
2	86287367	794	11080
2	86398614	795	11026
2	86510130	796	11043
2	86621541	797	11012
2	86733027	798	11060
2	86844341	799	11008
2	86955902	800	11037
2	87067286	801	11048
2	87178702	802	11038
2	87290052	803	10980
2	87401540	804	11079
2	87512859	805	11108
2	87624367	806	10981
2	87735820	807	11099
2	87847133	808	10997
2	87958522	809	11028
2	88069995	810	11007
2	88181425	811	11117
2	88292894	812	11014
2	88404269	813	11018
2	88515758	814	11154
2	88627097	815	10928
2	88738553	816	11078
2	88850014	817	10999
2	88961480	818	11113
2	89072767	819	10971
2	89184169	820	11025
2	89295585	821	11007
2	89407063	822	11068
2	89518457	823	11105
2	89629758	824	10945
2	89741369	825	11079
2	89852681	826	11016
2	89964178	827	11058
2	90075441	828	11061
2	90186976	829	11021
2	90298358	830	11014
2	90409839	831	11113
2	90521360	832	11065
2	90632511	833	10933
2	90744051	834	11084
2	90855396	835	11055
2	90966954	836	11051
2	91078310	837	10953
2	91189702	838	11077
2	91301195	839	11128
2	91412696	840	11015
2	91524041	841	11013
2	91635537	842	11107
2	91746809	843	10941
2	91858280	844	11085
2	91969589	845	10988
2	92081028	846	11071
2	92192598	847	11088
2	92304004	848	11050
2	92415332	849	10963
2	92526775	850	11045
2	92638182	851	11079
2	92749571	852	10959
2	92861005	853	11080
2	92972395	854	11018
2	93083792	855	11041
2	93195185	856	11055
2	93306696	857	10987
2	93418056	858	11111
2	93529571	859	10999
2	93641008	860	11043
2	93752286	861	11055
2	93863732	862	11011
2	93975260	863	11105
2	94086653	864	11009
2	94198054	865	11029
2	94309474	866	11084
2	94420755	867	10953
2	94532377	868	11213
2	94643723	869	10963
2	94755128	870	10976
2	94866523	871	11095
2	94977991	872	11024
2	95089424	873	11047
2	95200875	874	10988
2	95312351	875	11067
2	95423671	876	11028
2	95535009	877	11041
2	95646536	878	11064
2	95757868	879	10974
2	95869307	880	11057
2	95980846	881	11073
2	96092186	882	11071
2	96203563	883	11014
2	96315050	884	10996
2	96426407	885	11036
2	96537854	886	11076
2	96649282	887	10962
2	96760599	888	11079
2	96872114	889	11083
2	96983621	890	11075
2	97095036	891	10963
2	97206418	892	11060
2	97317797	893	11041
2	97429243	894	11073
2	97540593	895	11023
2	97652142	896	11051
2	97763410	897	10963
2	97874755	898	11055
2	97986370	899	11069
2	98097760	900	11100
2	98209085	901	10955
2	98320566	902	11065
2	98432100	903	11057
2	98543512	904	11066
2	98654837	905	10966
2	98766228	906	11035
2	98877523	907	10985
2	98989023	908	11178
2	99100478	909	10965
2	99211732	910	10990
2	99323383	911	11138
2	99434662	912	11009
2	99546124	913	11082
2	99657575	914	11050
2	99769035	915	11005
2	99880317	916	11043
2	99991876	917	11053
2	100103326	918	10991
2	100214737	919	11067
2	100326172	920	11033
2	100437462	921	11028
2	100548806	922	11032
2	100660337	923	11087
2	100771756	924	10956
2	100883199	925	11092
2	100994637	926	11027
2	101106062	927	11028
2	101217445	928	11044
2	101328924	929	11019
2	101440302	930	11048
2	101551763	931	11038
2	101662943	932	11042
2	101774552	933	11051
2	101885881	934	10990
2	101997472	935	11120
2	102108835	936	11006
2	102220279	937	11037
2	102331568	938	11020
2	102443106	939	11077
2	102554420	940	11014
2	102665844	941	11008
2	102777218	942	11007
2	102888808	943	11134
2	103000205	944	10972
2	103111611	945	11080
2	103223025	946	11076
2	103334457	947	10997
2	103445809	948	11038
2	103557224	949	11036
2	103668601	950	11008
2	103780081	951	11051
2	103891536	952	11026
2	104002941	953	11084
2	104114397	954	11027
2	104225712	955	11007
2	104337215	956	11061
2	104448583	957	11034
2	104559984	958	11059
2	104671456	959	11023
2	104783024	960	11104
2	104894179	961	10957
2	105005697	962	11058
2	105117227	963	11079
2	105228457	964	10993
2	105339943	965	11006
2	105451432	966	11105
2	105562725	967	11017
2	105674157	968	11009
2	105785589	969	11081
2	105897123	970	11037
2	106008277	971	10957
2	106119849	972	11055
2	106231173	973	11112
2	106342716	974	11018
2	106454220	975	11024
2	106565620	976	11126
2	106677031	977	10991
2	106788395	978	10993
2	106899785	979	11061
2	107011315	980	11049
2	107122738	981	11081
2	107234143	982	11016
2	107345432	983	11029
2	107456940	984	11020
2	107568434	985	11044
2	107679803	986	11096
2	107791168	987	11022
2	107902634	988	10988
2	108014065	989	11040
2	108125389	990	11042
2	108236911	991	11067
2	108348209	992	10996
2	108459766	993	11064
2	108571114	994	11106
2	108682491	995	10929
2	108793911	996	11039
2	108905374	997	11060
2	109016759	998	11002
2	109128242	999	11114
3	50183	20	0
3	160284	21	0
3	271557	22	0
3	383042	23	0
3	494278	24	0
3	605894	25	0
3	717261	26	0
3	828681	27	0
3	940041	28	0
3	1051569	29	0
3	1162971	30	0
3	1274338	31	0
3	1385853	32	0
3	1497322	33	0
3	1608529	34	0
3	1720065	35	0
3	1831459	36	0
3	1942861	37	0
3	2054209	38	0
3	2165750	39	0
3	2277150	40	0
3	2388592	41	0
3	2499994	42	0
3	2611295	43	0
3	2722849	44	0
3	2834215	45	0
3	2945652	46	0
3	3057048	47	0
3	3168514	48	0
3	3279845	49	0
3	3391275	50	0
3	3502803	51	0
3	3614148	52	0
3	3725581	53	0
3	3837019	54	0
3	3948458	55	0
3	4059865	56	0
3	4171296	57	0
3	4282714	58	0
3	4394134	59	0
3	4505586	60	0
3	4616891	61	0
3	4728377	62	0
3	4839678	63	0
3	4951161	64	0
3	5062785	65	0
3	5174126	66	0
3	5285456	67	0
3	5396759	68	0
3	5508372	69	0
3	5619756	70	0
3	5731261	71	0
3	5842646	72	0
3	5953918	73	0
3	6065465	74	0
3	6176860	75	0
3	6288249	76	0
3	6399657	77	0
3	6511084	78	0
3	6622498	79	0
3	6733881	80	0
3	6845330	81	0
3	6956747	82	0
3	7068092	83	0
3	7179508	84	0
3	7291139	85	0
3	7402464	86	0
3	7513890	87	0
3	7625263	88	0
3	7736675	89	0
3	7848259	90	0
3	7959659	91	0
3	8070928	92	0
3	8182379	93	0
3	8293774	94	0
3	8405209	95	0
3	8516735	96	0
3	8627984	97	0
3	8739412	98	0
3	8850939	99	0
3	8962303	100	0
3	9073813	101	0
3	9185117	102	0
3	9296573	103	0
3	9408126	104	0
3	9519370	105	0
3	9630782	106	0
3	9742260	107	0
3	9853725	108	0
3	9965098	109	0
3	10076372	110	0
3	10187948	111	0
3	10299305	112	0
3	10410831	113	0
3	10522236	114	0
3	10633588	115	0
3	10744964	116	0
3	10856563	117	0
3	10967804	118	0
3	11079468	119	0
3	11190670	120	0
3	11302091	121	0
3	11413604	122	0
3	11524969	123	0
3	11636336	124	0
3	11747818	125	0
3	11859185	126	0
3	11970699	127	0
3	12082104	128	0
3	12193425	129	0
3	12304894	130	0
3	12416288	131	0
3	12527637	132	0
3	12639215	133	0
3	12750620	134	0
3	12861993	135	0
3	12973476	136	0
3	13084781	137	0
3	13196284	138	0
3	13307623	139	0
3	13419073	140	0
3	13530579	141	0
3	13641996	142	0
3	13753390	143	0
3	13864675	144	0
3	13976322	145	0
3	14087650	146	0
3	14199021	147	0
3	14310500	148	0
3	14421934	149	0
3	14533260	150	0
3	14644715	151	0
3	14756060	152	0
3	14867526	153	0
3	14978981	154	0
3	15090343	155	0
3	15201665	156	0
3	15313190	157	0
3	15424606	158	0
3	15536119	159	0
3	15647452	160	0
3	15758836	161	0
3	15870289	162	0
3	15981676	163	0
3	16093196	164	0
3	16204670	165	0
3	16316019	166	0
3	16427455	167	0
3	16538704	168	0
3	16650270	169	0
3	16761671	170	0
3	16873150	171	0
3	16984393	172	0
3	17095959	173	0
3	17207313	174	0
3	17318724	175	0
3	17430236	176	0
3	17541597	177	0
3	17652880	178	0
3	17764388	179	0
3	17875940	180	0
3	17987201	181	0
3	18098683	182	0
3	18210180	183	0
3	18321470	184	0
3	18432979	185	0
3	18544377	186	0
3	18655790	187	0
3	18767186	188	0
3	18878617	189	0
3	18989979	190	0
3	19101510	191	0
3	19212925	192	0
3	19324363	193	0
3	19435618	194	0
3	19547227	195	0
3	19658518	196	0
3	19770009	197	0
3	19881414	198	0
3	19992790	199	0
3	20104275	200	0
3	20215567	201	0
3	20327084	202	0
3	20438448	203	0
3	20549875	204	0
3	20661231	205	0
3	20772798	206	0
3	20884120	207	0
3	20995594	208	0
3	21106948	209	0
3	21218379	210	0
3	21329882	211	0
3	21441263	212	0
3	21552711	213	0
3	21664086	214	0
3	21775562	215	0
3	21887107	216	0
3	21998336	217	0
3	22109911	218	0
3	22221229	219	0
3	22332680	220	0
3	22444078	221	0
3	22555507	222	0
3	22666881	223	0
3	22778413	224	0
3	22889747	225	0
3	23001148	226	0
3	23112525	227	0
3	23223919	228	0
3	23335308	229	0
3	23446910	230	0
3	23558119	231	0
3	23669528	232	0
3	23781037	233	0
3	23892507	234	0
3	24003948	235	0
3	24115258	236	0
3	24226854	237	0
3	24338162	238	0
3	24449657	239	0
3	24560885	240	0
3	24672401	241	0
3	24783825	242	0
3	24895409	243	0
3	25006750	244	0
3	25118038	245	0
3	25229436	246	0
3	25340913	247	0
3	25452265	248	0
3	25563790	249	0
3	25675258	250	0
3	25786639	251	0
3	25897975	252	0
3	26009386	253	0
3	26120892	254	0
3	26232329	255	0
3	26343767	256	0
3	26455217	257	0
3	26566488	258	0
3	26677983	259	0
3	26789412	260	0
3	26900819	261	0
3	27012251	262	0
3	27123768	263	0
3	27235086	264	0
3	27346435	265	0
3	27457917	266	0
3	27569365	267	0
3	27680719	268	0
3	27792202	269	0
3	27903569	270	0
3	28014892	271	0
3	28126554	272	0
3	28237851	273	0
3	28349194	274	0
3	28460758	275	0
3	28571977	276	0
3	28683471	277	0
3	28794896	278	0
3	28906385	279	0
3	29017776	280	0
3	29129230	281	0
3	29240502	282	0
3	29351860	283	0
3	29463453	284	0
3	29574869	285	0
3	29686305	286	0
3	29797743	287	0
3	29909116	288	0
3	30020513	289	0
3	30131976	290	0
3	30243428	291	0
3	30354784	292	0
3	30466236	293	0
3	30577576	294	0
3	30689070	295	0
3	30800521	296	0
3	30911913	297	0
3	31023286	298	0
3	31134743	299	0
3	31246222	300	0
3	31357596	301	0
3	31468984	302	0
3	31580411	303	0
3	31691783	304	0
3	31803245	305	0
3	31914636	306	0
3	32026003	307	0
3	32137534	308	0
3	32248908	309	0
3	32360314	310	0
3	32471782	311	0
3	32583164	312	0
3	32694703	313	0
3	32805877	314	0
3	32917505	315	0
3	33028806	316	0
3	33140251	317	0
3	33251664	318	0
3	33363071	319	0
3	33474509	320	0
3	33585980	321	0
3	33697389	322	0
3	33808850	323	0
3	33920234	324	0
3	34031661	325	0
3	34143056	326	0
3	34254462	327	0
3	34365838	328	0
3	34477296	329	0
3	34588832	330	0
3	34700101	331	0
3	34811546	332	0
3	34922952	333	0
3	35034360	334	0
3	35145778	335	0
3	35257276	336	0
3	35368595	337	0
3	35480067	338	0
3	35591589	339	0
3	35702893	340	0
3	35814374	341	0
3	35925900	342	0
3	36037117	343	0
3	36148537	344	0
3	36260053	345	0
3	36371424	346	0
3	36482898	347	0
3	36594279	348	0
3	36705654	349	0
3	36817051	350	0
3	36928640	351	0
3	37039876	352	0
3	37151394	353	0
3	37262800	354	0
3	37374251	355	0
3	37485636	356	0
3	37597030	357	0
3	37708577	358	0
3	37819927	359	0
3	37931301	360	0
3	38042710	361	0
3	38154170	362	0
3	38265590	363	0
3	38377032	364	0
3	38488348	365	0
3	38599975	366	0
3	38711193	367	0
3	38822567	368	0
3	38934017	369	0
3	39045477	370	0
3	39156956	371	0
3	39268484	372	0
3	39379828	373	0
3	39491198	374	0
3	39602591	375	0
3	39713924	376	0
3	39825490	377	0
3	39936930	378	0
3	40048243	379	0
3	40159724	380	0
3	40271194	381	0
3	40382574	382	0
3	40493996	383	0
3	40605412	384	0
3	40716756	385	0
3	40828272	386	0
3	40939708	387	0
3	41051019	388	0
3	41162535	389	0
3	41273938	390	0
3	41385328	391	0
3	41496705	392	0
3	41608135	393	0
3	41719614	394	0
3	41831077	395	0
3	41942384	396	0
3	42053726	397	0
3	42165226	398	0
3	42276757	399	0
3	42388016	400	0
3	42499564	401	0
3	42610954	402	0
3	42722384	403	0
3	42833774	404	0
3	42945201	405	0
3	43056608	406	0
3	43168105	407	0
3	43279586	408	0
3	43390797	409	0
3	43502350	410	0
3	43613680	411	0
3	43725057	412	0
3	43836465	413	0
3	43947974	414	0
3	44059468	415	0
3	44170862	416	0
3	44282215	417	0
3	44393658	418	0
3	44505130	419	0
3	44616396	420	0
3	44727864	421	0
3	44839343	422	0
3	44950775	423	0
3	45062091	424	0
3	45173503	425	0
3	45285075	426	0
3	45396359	427	0
3	45507859	428	0
3	45619288	429	0
3	45730617	430	0
3	45842037	431	0
3	45953398	432	0
3	46064923	433	0
3	46176319	434	0
3	46287716	435	0
3	46399256	436	0
3	46510644	437	0
3	46621921	438	0
3	46733440	439	0
3	46844871	440	0
3	46956385	441	0
3	47067690	442	0
3	47179207	443	0
3	47290513	444	0
3	47401845	445	0
3	47513419	446	0
3	47624845	447	0
3	47736145	448	0
3	47847651	449	0
3	47958966	450	0
3	48070489	451	0
3	48181923	452	0
3	48293404	453	0
3	48404727	454	0
3	48516116	455	0
3	48627523	456	0
3	48739041	457	0
3	48850444	458	0
3	48961836	459	0
3	49073168	460	0
3	49184682	461	0
3	49296044	462	0
3	49407501	463	0
3	49518966	464	0
3	49630307	465	0
3	49741855	466	0
3	49853229	467	0
3	49964743	468	0
3	50075968	469	0
3	50187392	470	0
3	50298898	471	0
3	50410187	472	0
3	50521794	473	0
3	50632996	474	0
3	50744490	475	0
3	50855904	476	0
3	50967375	477	0
3	51078653	478	0
3	51190240	479	0
3	51301709	480	0
3	51413085	481	0
3	51524531	482	0
3	51635947	483	0
3	51747356	484	0
3	51858635	485	0
3	51970150	486	0
3	52081446	487	0
3	52193081	488	0
3	52304441	489	0
3	52415829	490	0
3	52527267	491	0
3	52638650	492	0
3	52750077	493	0
3	52861513	494	0
3	52973022	495	0
3	53084358	496	0
3	53195769	497	0
3	53307242	498	0
3	53418585	499	0
3	53530024	500	0
3	53641536	501	0
3	53752803	502	0
3	53864344	503	0
3	53975783	504	0
3	54087210	505	0
3	54198501	506	0
3	54309970	507	0
3	54421344	508	0
3	54532810	509	0
3	54644170	510	0
3	54755639	511	0
3	54867106	512	0
3	54978602	513	0
3	55089941	514	0
3	55201366	515	0
3	55312685	516	0
3	55424215	517	0
3	55535593	518	0
3	55646916	519	0
3	55758432	520	0
3	55869917	521	0
3	55981210	522	0
3	56092580	523	0
3	56204042	524	0
3	56315452	525	0
3	56426921	526	0
3	56538216	527	0
3	56649720	528	0
3	56761238	529	0
3	56872597	530	0
3	56984117	531	0
3	57095510	532	0
3	57206938	533	0
3	57318367	534	0
3	57429711	535	0
3	57541153	536	0
3	57652602	537	0
3	57763925	538	0
3	57875511	539	0
3	57986748	540	0
3	58098322	541	0
3	58209710	542	0
3	58321050	543	0
3	58432388	544	0
3	58543889	545	0
3	58655288	546	0
3	58766657	547	0
3	58878283	548	0
3	58989568	549	0
3	59101050	550	0
3	59212511	551	0
3	59323866	552	0
3	59435252	553	0
3	59546724	554	0
3	59658043	555	0
3	59769444	556	0
3	59880924	557	0
3	59992354	558	0
3	60103749	559	0
3	60215252	560	0
3	60326608	561	0
3	60438041	562	0
3	60549431	563	0
3	60660863	564	0
3	60772324	565	0
3	60883680	566	0
3	60995161	567	0
3	61106543	568	0
3	61217904	569	0
3	61329282	570	0
3	61440807	571	0
3	61552165	572	0
3	61663549	573	0
3	61775091	574	0
3	61886509	575	0
3	61997998	576	0
3	62109261	577	0
3	62220849	578	0
3	62332138	579	0
3	62443553	580	0
3	62555069	581	0
3	62666472	582	0
3	62777792	583	0
3	62889342	584	0
3	63000694	585	0
3	63111907	586	0
3	63223479	587	0
3	63334906	588	0
3	63446328	589	0
3	63557767	590	0
3	63669144	591	0
3	63780603	592	0
3	63892131	593	0
3	64003464	594	0
3	64114941	595	0
3	64226236	596	0
3	64337710	597	0
3	64449125	598	0
3	64560564	599	0
3	64671989	600	0
3	64783327	601	0
3	64894751	602	0
3	65006142	603	0
3	65117577	604	0
3	65229156	605	0
3	65340519	606	0
3	65451930	607	0
3	65563309	608	0
3	65674754	609	0
3	65786144	610	0
3	65897682	611	0
3	66009030	612	0
3	66120355	613	0
3	66231789	614	0
3	66343295	615	0
3	66454501	616	0
3	66566111	617	0
3	66677534	618	0
3	66788885	619	0
3	66900376	620	0
3	67011711	621	0
3	67123119	622	0
3	67234632	623	0
3	67346089	624	0
3	67457528	625	0
3	67568949	626	0
3	67680401	627	0
3	67791595	628	0
3	67903161	629	0
3	68014543	630	0
3	68125929	631	0
3	68237396	632	0
3	68348814	633	0
3	68460164	634	0
3	68571715	635	0
3	68683107	636	0
3	68794472	637	0
3	68905886	638	0
3	69017311	639	0
3	69128710	640	0
3	69240108	641	0
3	69351577	642	0
3	69462986	643	0
3	69574344	644	0
3	69685811	645	0
3	69797301	646	0
3	69908691	647	0
3	70020152	648	0
3	70131609	649	0
3	70242926	650	0
3	70354360	651	0
3	70465674	652	0
3	70577163	653	0
3	70688583	654	0
3	70800041	655	0
3	70911402	656	0
3	71022851	657	0
3	71134293	658	0
3	71245542	659	0
3	71357031	660	0
3	71468505	661	0
3	71579945	662	0
3	71691439	663	0
3	71802689	664	0
3	71914202	665	0
3	72025686	666	0
3	72137075	667	0
3	72248388	668	0
3	72360032	669	0
3	72471297	670	0
3	72582871	671	0
3	72694065	672	0
3	72805493	673	0
3	72917097	674	0
3	73028345	675	0
3	73139854	676	0
3	73251276	677	0
3	73362720	678	0
3	73474059	679	0
3	73585445	680	0
3	73696901	681	0
3	73808349	682	0
3	73919850	683	0
3	74031157	684	0
3	74142621	685	0
3	74254101	686	0
3	74365487	687	0
3	74476810	688	0
3	74588340	689	0
3	74699772	690	0
3	74811082	691	0
3	74922563	692	0
3	75033982	693	0
3	75145289	694	0
3	75256893	695	0
3	75368139	696	0
3	75479633	697	0
3	75591091	698	0
3	75702537	699	0
3	75813833	700	0
3	75925179	701	0
3	76036759	702	0
3	76148068	703	0
3	76259576	704	0
3	76370922	705	0
3	76482408	706	0
3	76593845	707	0
3	76705277	708	0
3	76816522	709	0
3	76928062	710	0
3	77039423	711	0
3	77150932	712	0
3	77262422	713	0
3	77373898	714	0
3	77485099	715	0
3	77596667	716	0
3	77707997	717	0
3	77819397	718	0
3	77930876	719	0
3	78042211	720	0
3	78153692	721	0
3	78265227	722	0
3	78376644	723	0
3	78488045	724	0
3	78599313	725	0
3	78710753	726	0
3	78822215	727	0
3	78933665	728	0
3	79045005	729	0
3	79156520	730	0
3	79267844	731	0
3	79379309	732	0
3	79490792	733	0
3	79602077	734	0
3	79713554	735	0
3	79825018	736	0
3	79936252	737	0
3	80047741	738	0
3	80159245	739	0
3	80270656	740	0
3	80382014	741	0
3	80493496	742	0
3	80604860	743	0
3	80716375	744	0
3	80827720	745	0
3	80939199	746	0
3	81050647	747	0
3	81161931	748	0
3	81273519	749	0
3	81384825	750	0
3	81496172	751	0
3	81607638	752	0
3	81719116	753	0
3	81830529	754	0
3	81941883	755	0
3	82053384	756	0
3	82164687	757	0
3	82276190	758	0
3	82387664	759	0
3	82499052	760	0
3	82610532	761	0
3	82721850	762	0
3	82833302	763	0
3	82944611	764	0
3	83056307	765	0
3	83167615	766	0
3	83278957	767	0
3	83390385	768	0
3	83501878	769	0
3	83613229	770	0
3	83724608	771	0
3	83836031	772	0
3	83947501	773	0
3	84058830	774	0
3	84170330	775	0
3	84281772	776	0
3	84393239	777	0
3	84504567	778	0
3	84616000	779	0
3	84727514	780	0
3	84838839	781	0
3	84950338	782	0
3	85061639	783	0
3	85173125	784	0
3	85284661	785	0
3	85395995	786	0
3	85507266	787	0
3	85618778	788	0
3	85730170	789	0
3	85841658	790	0
3	85952982	791	0
3	86064382	792	0
3	86175802	793	0
3	86287367	794	0
3	86398614	795	0
3	86510130	796	0
3	86621541	797	0
3	86733027	798	0
3	86844341	799	0
3	86955902	800	0
3	87067286	801	0
3	87178702	802	0
3	87290052	803	0
3	87401540	804	0
3	87512859	805	0
3	87624367	806	0
3	87735820	807	0
3	87847133	808	0
3	87958522	809	0
3	88069995	810	0
3	88181425	811	0
3	88292894	812	0
3	88404269	813	0
3	88515758	814	0
3	88627097	815	0
3	88738553	816	0
3	88850014	817	0
3	88961480	818	0
3	89072767	819	0
3	89184169	820	0
3	89295585	821	0
3	89407063	822	0
3	89518457	823	0
3	89629758	824	0
3	89741369	825	0
3	89852681	826	0
3	89964178	827	0
3	90075441	828	0
3	90186976	829	0
3	90298358	830	0
3	90409839	831	0
3	90521360	832	0
3	90632511	833	0
3	90744051	834	0
3	90855396	835	0
3	90966954	836	0
3	91078310	837	0
3	91189702	838	0
3	91301195	839	0
3	91412696	840	0
3	91524041	841	0
3	91635537	842	0
3	91746809	843	0
3	91858280	844	0
3	91969589	845	0
3	92081028	846	0
3	92192598	847	0
3	92304004	848	0
3	92415332	849	0
3	92526775	850	0
3	92638182	851	0
3	92749571	852	0
3	92861005	853	0
3	92972395	854	0
3	93083792	855	0
3	93195185	856	0
3	93306696	857	0
3	93418056	858	0
3	93529571	859	0
3	93641008	860	0
3	93752286	861	0
3	93863732	862	0
3	93975260	863	0
3	94086653	864	0
3	94198054	865	0
3	94309474	866	0
3	94420755	867	0
3	94532377	868	0
3	94643723	869	0
3	94755128	870	0
3	94866523	871	0
3	94977991	872	0
3	95089424	873	0
3	95200875	874	0
3	95312351	875	0
3	95423671	876	0
3	95535009	877	0
3	95646536	878	0
3	95757868	879	0
3	95869307	880	0
3	95980846	881	0
3	96092186	882	0
3	96203563	883	0
3	96315050	884	0
3	96426407	885	0
3	96537854	886	0
3	96649282	887	0
3	96760599	888	0
3	96872114	889	0
3	96983621	890	0
3	97095036	891	0
3	97206418	892	0
3	97317797	893	0
3	97429243	894	0
3	97540593	895	0
3	97652142	896	0
3	97763410	897	0
3	97874755	898	0
3	97986370	899	0
3	98097760	900	0
3	98209085	901	0
3	98320566	902	0
3	98432100	903	0
3	98543512	904	0
3	98654837	905	0
3	98766228	906	0
3	98877523	907	0
3	98989023	908	0
3	99100478	909	0
3	99211732	910	0
3	99323383	911	0
3	99434662	912	0
3	99546124	913	0
3	99657575	914	0
3	99769035	915	0
3	99880317	916	0
3	99991876	917	0
3	100103326	918	0
3	100214737	919	0
3	100326172	920	0
3	100437462	921	0
3	100548806	922	0
3	100660337	923	0
3	100771756	924	0
3	100883199	925	0
3	100994637	926	0
3	101106062	927	0
3	101217445	928	0
3	101328924	929	0
3	101440302	930	0
3	101551763	931	0
3	101662943	932	0
3	101774552	933	0
3	101885881	934	0
3	101997472	935	0
3	102108835	936	0
3	102220279	937	0
3	102331568	938	0
3	102443106	939	0
3	102554420	940	0
3	102665844	941	0
3	102777218	942	0
3	102888808	943	0
3	103000205	944	0
3	103111611	945	0
3	103223025	946	0
3	103334457	947	0
3	103445809	948	0
3	103557224	949	0
3	103668601	950	0
3	103780081	951	0
3	103891536	952	0
3	104002941	953	0
3	104114397	954	0
3	104225712	955	0
3	104337215	956	0
3	104448583	957	0
3	104559984	958	0
3	104671456	959	0
3	104783024	960	0
3	104894179	961	0
3	105005697	962	0
3	105117227	963	0
3	105228457	964	0
3	105339943	965	0
3	105451432	966	0
3	105562725	967	0
3	105674157	968	0
3	105785589	969	0
3	105897123	970	0
3	106008277	971	0
3	106119849	972	0
3	106231173	973	0
3	106342716	974	0
3	106454220	975	0
3	106565620	976	0
3	106677031	977	0
3	106788395	978	0
3	106899785	979	0
3	107011315	980	0
3	107122738	981	0
3	107234143	982	0
3	107345432	983	0
3	107456940	984	0
3	107568434	985	0
3	107679803	986	0
3	107791168	987	0
3	107902634	988	0
3	108014065	989	0
3	108125389	990	0
3	108236911	991	0
3	108348209	992	0
3	108459766	993	0
3	108571114	994	0
3	108682491	995	0
3	108793911	996	0
3	108905374	997	0
3	109016759	998	0
3	109128242	999	0
4	3391273	50	20
4	8962301	100	20
4	14533258	150	20
4	20104273	200	20
4	25675256	250	20
4	31246220	300	20
4	36817049	350	20
4	42388014	400	20
4	47958964	450	20
4	53530022	500	20
4	59101048	550	20
4	64671987	600	20
4	70242924	650	20
4	75813831	700	20
4	81384823	750	20
4	86955900	800	20
4	92526773	850	20
4	98097758	900	20
4	103668599	950	20
4	109239606	1000	20
5	3391273	50	0
5	8962301	100	0
5	14533258	150	0
5	20104273	200	0
5	25675256	250	0
5	31246220	300	0
5	36817049	350	0
5	42388014	400	0
5	47958964	450	0
5	53530022	500	0
5	59101048	550	0
5	64671987	600	0
5	70242924	650	0
5	75813831	700	0
5	81384823	750	0
5	86955900	800	0
5	92526773	850	0
5	98097758	900	0
5	103668599	950	0
5	109239606	1000	0
