version 2
run BasicCC-2-20100909-00:12:31-3416
attr configname BasicCC
attr datetime 20100909-00:12:31
attr experiment BasicCC
attr inifile D:/Developement/Oversim2/multic/simulations/omnetpp.ini
attr iterationvars $nhops=4
attr iterationvars2 "$nhops=4, $repetition=0"
attr measurement $nhops=4
attr network oversim.underlay.simpleunderlay.SimpleUnderlayNetwork
attr nhops 4
attr processid 3416
attr repetition 0
attr replication #0
attr resultdir results
attr runnumber 2
attr seedset 2

vector 1  SimpleUnderlayNetwork.globalObserver.globalStatistics  incoming_bytes  ETV
vector 2  SimpleUnderlayNetwork.globalObserver.globalStatistics  drops  ETV
vector 3  SimpleUnderlayNetwork.globalObserver.globalStatistics  delayed_acks  ETV
vector 4  SimpleUnderlayNetwork.globalObserver.globalStatistics  "GlobalNodeList: Number of nodes"  ETV
vector 5  SimpleUnderlayNetwork.globalObserver.globalStatistics  "GlobalNodeList: Number of bootstrapped malicious nodes"  ETV
1	96871	19	53
1	207485	20	742
1	318878	21	1484
1	430299	22	1484
1	541695	23	689
1	653065	24	689
1	764499	25	689
1	875980	26	742
1	987429	27	477
1	1098915	28	371
1	1210301	29	954
1	1321732	30	1272
1	1433150	31	901
1	1544518	32	848
1	1656005	33	424
1	1767444	34	901
1	1878865	35	477
1	1990327	36	530
1	2101899	37	1166
1	2213183	38	954
1	2324624	39	742
1	2436005	40	477
1	2547470	41	689
1	2658929	42	795
1	2770366	43	848
1	2881760	44	689
1	2993140	45	795
1	3104550	46	689
1	3216019	47	742
1	3327453	48	1113
1	3438845	49	530
1	3550294	50	477
1	3661707	51	901
1	3773203	52	795
1	3884665	53	265
1	3995970	54	742
1	4107514	55	583
1	4218963	56	530
1	4330269	57	848
1	4441726	58	1007
1	4553165	59	848
1	4664597	60	795
1	4776047	61	477
1	4887431	62	636
1	4998966	63	371
1	5110475	64	689
1	5221805	65	742
1	5333182	66	742
1	5444753	67	424
1	5556041	68	636
1	5667394	69	742
1	5778920	70	530
1	5890266	71	477
1	6001766	72	848
1	6113302	73	1060
1	6224639	74	742
1	6336066	75	742
1	6447576	76	530
1	6558991	77	1219
1	6670448	78	1484
1	6781702	79	742
1	6893279	80	318
1	7004553	81	1113
1	7116176	82	742
1	7227565	83	742
1	7338989	84	424
1	7450492	85	477
1	7561762	86	954
1	7673258	87	689
1	7784659	88	689
1	7896057	89	1007
1	8007565	90	583
1	8119029	91	636
1	8230498	92	1007
1	8341853	93	689
1	8453347	94	1060
1	8564713	95	689
1	8676077	96	795
1	8787512	97	795
1	8899020	98	848
1	9010360	99	742
1	9121956	100	583
1	9233230	101	1060
1	9344799	102	795
1	9456013	103	848
1	9567659	104	689
1	9679040	105	583
1	9790486	106	583
1	9901929	107	477
1	10013388	108	795
1	10124789	109	689
1	10236085	110	901
1	10347576	111	583
1	10459046	112	795
1	10570466	113	742
1	10681926	114	636
1	10793364	115	371
1	10904782	116	1007
1	11016163	117	954
1	11127567	118	795
1	11239053	119	742
1	11350379	120	1113
1	11461901	121	424
1	11573405	122	689
1	11684801	123	1166
1	11796310	124	954
1	11907697	125	848
1	12019150	126	742
1	12130530	127	583
1	12242026	128	477
1	12353329	129	1060
1	12464836	130	636
1	12576252	131	689
1	12687603	132	636
1	12799286	133	583
1	12910522	134	742
1	13022007	135	636
1	13133353	136	848
1	13244827	137	477
1	13356200	138	689
1	13467775	139	954
1	13579084	140	636
1	13690632	141	636
1	13801821	142	1060
1	13913379	143	530
1	14024737	144	477
1	14136285	145	954
1	14247784	146	1007
1	14359072	147	1060
1	14470528	148	583
1	14581996	149	636
1	14693433	150	742
1	14804834	151	1060
1	14916133	152	583
1	15027586	153	1060
1	15139199	154	795
1	15250547	155	477
1	15362110	156	1166
1	15473531	157	1325
1	15584908	158	424
1	15696365	159	742
1	15807712	160	583
1	15919048	161	583
1	16030594	162	636
1	16141979	163	1272
1	16253464	164	424
1	16364888	165	636
1	16476304	166	689
1	16587784	167	1007
1	16699177	168	954
1	16810749	169	954
1	16921959	170	848
1	17033507	171	371
1	17144916	172	848
1	17256271	173	636
1	17367868	174	901
1	17479289	175	1113
1	17590574	176	795
1	17702035	177	1325
1	17813510	178	848
1	17925056	179	795
1	18036447	180	795
1	18147703	181	901
1	18259168	182	901
1	18370656	183	742
1	18482103	184	583
1	18593520	185	1113
1	18705006	186	1060
1	18816320	187	583
1	18927888	188	795
1	19039299	189	795
1	19150776	190	689
1	19262080	191	954
1	19373530	192	848
1	19485018	193	795
1	19596425	194	636
1	19707947	195	742
1	19819286	196	954
1	19930688	197	795
1	20042169	198	795
1	20153587	199	742
1	20264960	200	477
1	20376533	201	901
1	20487887	202	848
1	20599319	203	795
1	20710731	204	636
1	20822191	205	848
1	20933723	206	742
1	21045064	207	954
1	21156421	208	795
1	21268050	209	636
1	21379348	210	636
1	21490655	211	848
1	21602148	212	1007
1	21713598	213	848
1	21825027	214	742
1	21936626	215	1113
1	22048053	216	795
1	22159293	217	636
1	22270713	218	424
1	22382196	219	424
1	22493659	220	848
1	22605131	221	583
1	22716582	222	742
1	22827841	223	636
1	22939323	224	530
1	23050824	225	795
1	23162273	226	583
1	23273691	227	530
1	23385116	228	901
1	23496466	229	742
1	23607984	230	689
1	23719424	231	583
1	23830725	232	901
1	23942318	233	848
1	24053512	234	689
1	24165234	235	1007
1	24276605	236	1007
1	24387931	237	636
1	24499404	238	530
1	24610874	239	477
1	24722243	240	689
1	24833627	241	795
1	24945090	242	848
1	25056491	243	689
1	25168004	244	689
1	25279443	245	636
1	25390855	246	795
1	25502227	247	848
1	25613656	248	742
1	25725064	249	689
1	25836480	250	689
1	25947963	251	848
1	26059332	252	954
1	26170833	253	1166
1	26282345	254	636
1	26393681	255	1007
1	26505104	256	742
1	26616543	257	689
1	26727934	258	636
1	26839454	259	848
1	26950811	260	1007
1	27062323	261	795
1	27173844	262	636
1	27285250	263	848
1	27396477	264	689
1	27508005	265	1060
1	27619552	266	795
1	27730883	267	689
1	27842399	268	795
1	27953837	269	901
1	28065072	270	583
1	28176664	271	954
1	28288138	272	742
1	28399603	273	901
1	28510924	274	583
1	28622339	275	901
1	28733786	276	636
1	28845293	277	424
1	28956651	278	1113
1	29068024	279	424
1	29179443	280	848
1	29290953	281	1007
1	29402356	282	530
1	29513773	283	689
1	29625266	284	848
1	29736596	285	848
1	29848160	286	583
1	29959543	287	689
1	30071005	288	530
1	30182382	289	689
1	30293825	290	477
1	30405284	291	636
1	30516614	292	477
1	30628122	293	795
1	30739585	294	1007
1	30850838	295	1007
1	30962447	296	689
1	31073798	297	1007
1	31185306	298	742
1	31296690	299	371
1	31408194	300	954
1	31519631	301	530
1	31631082	302	742
1	31742329	303	477
1	31853719	304	795
1	31965239	305	742
1	32076643	306	1060
1	32188088	307	954
1	32299501	308	424
1	32410963	309	848
1	32522473	310	901
1	32633881	311	583
1	32745331	312	742
1	32856824	313	689
1	32968099	314	848
1	33079540	315	689
1	33191040	316	795
1	33302354	317	901
1	33413845	318	848
1	33525291	319	424
1	33636798	320	742
1	33748198	321	1272
1	33859639	322	689
1	33971150	323	636
1	34082529	324	477
1	34193932	325	795
1	34305500	326	477
1	34416687	327	795
1	34528151	328	636
1	34639535	329	636
1	34750924	330	636
1	34862586	331	742
1	34973884	332	689
1	35085384	333	583
1	35196859	334	901
1	35308040	335	424
1	35419640	336	1166
1	35531148	337	742
1	35642426	338	583
1	35753931	339	848
1	35865275	340	795
1	35976788	341	901
1	36088205	342	636
1	36199694	343	583
1	36311041	344	424
1	36422499	345	689
1	36534033	346	636
1	36645400	347	795
1	36756806	348	530
1	36868257	349	742
1	36979630	350	583
1	37091137	351	742
1	37202540	352	795
1	37313895	353	583
1	37425349	354	477
1	37536796	355	689
1	37648099	356	636
1	37759541	357	477
1	37871112	358	848
1	37982503	359	530
1	38093818	360	583
1	38205411	361	1219
1	38316847	362	1325
1	38428324	363	477
1	38539723	364	848
1	38651156	365	1007
1	38762594	366	636
1	38873912	367	424
1	38985352	368	371
1	39096835	369	583
1	39208294	370	636
1	39319569	371	1007
1	39430971	372	848
1	39542677	373	1007
1	39653969	374	742
1	39765568	375	1007
1	39876891	376	954
1	39988283	377	1007
1	40099674	378	1060
1	40211249	379	1060
1	40322565	380	742
1	40434118	381	742
1	40545498	382	1166
1	40656917	383	689
1	40768348	384	583
1	40879735	385	583
1	40991278	386	689
1	41102666	387	901
1	41214078	388	1272
1	41325391	389	583
1	41436780	390	742
1	41548361	391	477
1	41659774	392	371
1	41771273	393	636
1	41882680	394	530
1	41994091	395	689
1	42105472	396	583
1	42216931	397	689
1	42328378	398	1007
1	42439678	399	689
1	42551195	400	530
1	42662794	401	689
1	42773980	402	795
1	42885424	403	689
1	42996942	404	477
1	43108373	405	795
1	43219809	406	583
1	43331278	407	742
1	43442677	408	901
1	43554107	409	848
1	43665482	410	530
1	43776905	411	477
1	43888388	412	583
1	43999890	413	901
1	44111296	414	954
1	44222617	415	795
1	44334115	416	901
1	44445505	417	742
1	44556968	418	848
1	44668440	419	530
1	44779766	420	530
1	44891282	421	742
1	45002718	422	901
1	45114009	423	424
1	45225615	424	636
1	45336807	425	848
1	45448354	426	636
1	45559837	427	795
1	45671285	428	477
1	45782550	429	689
1	45894232	430	689
1	46005562	431	583
1	46116946	432	954
1	46228403	433	1166
1	46339958	434	583
1	46451282	435	477
1	46562679	436	848
1	46674146	437	742
1	46785475	438	636
1	46897002	439	424
1	47008389	440	742
1	47119747	441	477
1	47231239	442	795
1	47342661	443	742
1	47454108	444	318
1	47565556	445	795
1	47676909	446	583
1	47788348	447	1219
1	47899904	448	954
1	48011376	449	901
1	48122787	450	530
1	48234141	451	689
1	48345603	452	742
1	48457092	453	742
1	48568555	454	689
1	48679818	455	1272
1	48791369	456	901
1	48902869	457	636
1	49014126	458	795
1	49125527	459	583
1	49237069	460	689
1	49348406	461	901
1	49460001	462	530
1	49571294	463	1166
1	49682824	464	901
1	49794246	465	795
1	49905646	466	742
1	50017157	467	636
1	50128445	468	371
1	50239932	469	901
1	50351303	470	636
1	50462822	471	795
1	50574113	472	583
1	50685525	473	848
1	50797061	474	848
1	50908514	475	848
1	51019853	476	742
1	51131310	477	689
1	51242799	478	901
1	51354255	479	742
1	51465633	480	689
1	51577096	481	848
1	51688565	482	848
1	51800022	483	795
1	51911254	484	742
1	52022842	485	583
1	52134211	486	954
1	52245701	487	689
1	52357145	488	636
1	52468527	489	901
1	52580028	490	901
1	52691359	491	636
1	52802892	492	795
1	52914427	493	530
1	53025604	494	530
1	53137039	495	689
1	53248581	496	689
1	53360002	497	901
1	53471408	498	848
1	53582854	499	795
1	53694393	500	689
1	53805695	501	742
1	53917143	502	901
1	54028595	503	954
1	54140151	504	424
1	54251365	505	636
1	54362854	506	954
1	54474292	507	795
1	54585796	508	477
1	54697174	509	795
1	54808631	510	530
1	54920042	511	530
1	55031419	512	742
1	55142790	513	848
1	55254196	514	954
1	55365731	515	1113
1	55477209	516	901
1	55588635	517	689
1	55700054	518	636
1	55811459	519	583
1	55922912	520	636
1	56034395	521	795
1	56145851	522	742
1	56257089	523	636
1	56368620	524	424
1	56480084	525	689
1	56591612	526	954
1	56702725	527	318
1	56814273	528	742
1	56925786	529	901
1	57037099	530	848
1	57148624	531	583
1	57260134	532	848
1	57371413	533	742
1	57482884	534	1325
1	57594518	535	1113
1	57705848	536	689
1	57817168	537	1166
1	57928719	538	424
1	58040018	539	1060
1	58151448	540	1007
1	58263049	541	689
1	58374473	542	742
1	58485764	543	689
1	58597213	544	795
1	58708619	545	742
1	58820116	546	742
1	58931634	547	689
1	59042832	548	477
1	59154378	549	583
1	59265793	550	583
1	59377233	551	1113
1	59488637	552	848
1	59600081	553	530
1	59711537	554	583
1	59822917	555	795
1	59934436	556	954
1	60045898	557	795
1	60157110	558	689
1	60268672	559	689
1	60380166	560	689
1	60491621	561	530
1	60603107	562	848
1	60714336	563	424
1	60825870	564	795
1	60937372	565	689
1	61048618	566	636
1	61160043	567	742
1	61271595	568	636
1	61382896	569	1007
1	61494436	570	742
1	61605970	571	795
1	61717270	572	1060
1	61828796	573	477
1	61940138	574	795
1	62051542	575	371
1	62163104	576	742
1	62274534	577	795
1	62385899	578	424
1	62497331	579	795
1	62608802	580	848
1	62720180	581	954
1	62831616	582	1060
1	62943029	583	954
1	63054444	584	689
1	63165916	585	954
1	63277363	586	1007
1	63388808	587	795
1	63500169	588	901
1	63611719	589	901
1	63722997	590	795
1	63834498	591	477
1	63945870	592	848
1	64057433	593	795
1	64168919	594	689
1	64280230	595	1007
1	64391752	596	371
1	64503143	597	530
1	64614480	598	848
1	64725913	599	530
1	64837380	600	901
1	64948896	601	901
1	65060241	602	848
1	65171684	603	530
1	65283179	604	477
1	65394450	605	636
1	65506019	606	636
1	65617499	607	901
1	65728820	608	689
1	65840245	609	954
1	65951765	610	1007
1	66063155	611	848
1	66174576	612	795
1	66285992	613	530
1	66397453	614	795
1	66508961	615	636
1	66620222	616	477
1	66731709	617	848
1	66843064	618	636
1	66954477	619	901
1	67066007	620	583
1	67177426	621	848
1	67288754	622	795
1	67400169	623	424
1	67511689	624	530
1	67623194	625	1060
1	67734671	626	318
1	67845956	627	636
1	67957385	628	636
1	68068873	629	636
1	68180280	630	848
1	68291642	631	636
1	68403206	632	1007
1	68514648	633	742
1	68626020	634	795
1	68737535	635	742
1	68848919	636	742
1	68960296	637	742
1	69071856	638	954
1	69183110	639	689
1	69294638	640	901
1	69405978	641	583
1	69517433	642	795
1	69628811	643	689
1	69740376	644	848
1	69851771	645	742
1	69963363	646	424
1	70074686	647	848
1	70185946	648	636
1	70297404	649	848
1	70408966	650	689
1	70520348	651	689
1	70631645	652	318
1	70743098	653	848
1	70854675	654	636
1	70966117	655	689
1	71077516	656	636
1	71188826	657	689
1	71300413	658	1113
1	71411732	659	848
1	71523266	660	742
1	71634650	661	901
1	71746100	662	477
1	71857553	663	583
1	71969013	664	848
1	72080309	665	1325
1	72191847	666	901
1	72303290	667	689
1	72414672	668	901
1	72526204	669	1060
1	72637480	670	583
1	72748955	671	583
1	72860437	672	954
1	72971753	673	371
1	73083216	674	1219
1	73194744	675	530
1	73306057	676	1060
1	73417575	677	742
1	73529137	678	848
1	73640305	679	795
1	73751895	680	689
1	73863270	681	689
1	73974741	682	901
1	74086163	683	848
1	74197558	684	848
1	74309096	685	1113
1	74420487	686	954
1	74531837	687	795
1	74643401	688	848
1	74754765	689	477
1	74866153	690	795
1	74977554	691	742
1	75088979	692	424
1	75200423	693	583
1	75311917	694	742
1	75423284	695	1272
1	75534604	696	742
1	75646154	697	848
1	75757671	698	742
1	75869124	699	954
1	75980451	700	583
1	76091969	701	742
1	76203554	702	583
1	76314884	703	636
1	76426188	704	742
1	76537650	705	636
1	76648949	706	954
1	76760509	707	530
1	76871899	708	477
1	76983452	709	901
1	77094806	710	583
1	77206313	711	742
1	77317703	712	954
1	77429184	713	848
1	77540485	714	742
1	77651886	715	795
1	77763392	716	901
1	77874854	717	689
1	77986257	718	689
1	78097742	719	1007
1	78209122	720	689
1	78320465	721	795
1	78431888	722	689
1	78543514	723	795
1	78654861	724	742
1	78766243	725	530
1	78877691	726	424
1	78989079	727	583
1	79100416	728	901
1	79211953	729	795
1	79323431	730	424
1	79434696	731	1113
1	79546187	732	583
1	79657634	733	795
1	79769187	734	636
1	79880460	735	689
1	79991889	736	954
1	80103461	737	901
1	80214849	738	848
1	80326225	739	583
1	80437737	740	848
1	80549208	741	689
1	80660567	742	848
1	80772062	743	689
1	80883426	744	583
1	80995013	745	530
1	81106277	746	530
1	81217783	747	689
1	81329171	748	530
1	81440503	749	689
1	81551905	750	530
1	81663595	751	742
1	81774914	752	1007
1	81886251	753	636
1	81997869	754	530
1	82109346	755	954
1	82220603	756	689
1	82331978	757	583
1	82443597	758	795
1	82554865	759	477
1	82666202	760	583
1	82777684	761	848
1	82889119	762	583
1	83000610	763	477
1	83112116	764	1060
1	83223373	765	636
1	83334949	766	795
1	83446412	767	742
1	83557838	768	954
1	83669237	769	795
1	83780643	770	1166
1	83891974	771	742
1	84003549	772	742
1	84115037	773	795
1	84226390	774	795
1	84337869	775	848
1	84449228	776	689
1	84560585	777	848
1	84672055	778	583
1	84783528	779	1007
1	84894829	780	477
1	85006437	781	742
1	85117706	782	636
1	85229162	783	742
1	85340624	784	477
1	85452073	785	1007
1	85563485	786	848
1	85674966	787	795
1	85786320	788	742
1	85897848	789	530
1	86009172	790	689
1	86120593	791	742
1	86232115	792	1007
1	86343654	793	742
1	86454950	794	477
1	86566362	795	954
1	86677776	796	742
1	86789303	797	1007
1	86900769	798	689
1	87012214	799	848
1	87123586	800	583
1	87235005	801	901
1	87346478	802	530
1	87457810	803	477
1	87569190	804	636
1	87680659	805	371
1	87792038	806	954
1	87903707	807	848
1	88015062	808	477
1	88126381	809	689
1	88237761	810	1007
1	88349350	811	689
1	88460832	812	795
1	88572199	813	636
1	88683536	814	848
1	88794867	815	689
1	88906429	816	689
1	89017752	817	795
1	89129328	818	689
1	89240721	819	583
1	89352271	820	689
1	89463632	821	583
1	89575070	822	954
1	89686487	823	530
1	89797751	824	636
1	89909286	825	795
1	90020696	826	848
1	90132184	827	477
1	90243531	828	636
1	90355005	829	1060
1	90466613	830	901
1	90577830	831	636
1	90689301	832	530
1	90800635	833	795
1	90912213	834	954
1	91023708	835	742
1	91135082	836	689
1	91246521	837	795
1	91357978	838	477
1	91469262	839	795
1	91580836	840	1007
1	91692089	841	636
1	91803723	842	583
1	91915044	843	1272
1	92026608	844	848
1	92137957	845	742
1	92249358	846	742
1	92360939	847	583
1	92472217	848	848
1	92583731	849	689
1	92695200	850	477
1	92806580	851	954
1	92918041	852	636
1	93029374	853	742
1	93140770	854	689
1	93252218	855	795
1	93363727	856	689
1	93475051	857	954
1	93586609	858	636
1	93697912	859	636
1	93809516	860	1272
1	93920823	861	636
1	94032340	862	583
1	94143747	863	742
1	94255099	864	689
1	94366417	865	636
1	94478068	866	636
1	94589426	867	848
1	94700927	868	689
1	94812312	869	477
1	94923677	870	848
1	95035068	871	901
1	95146544	872	848
1	95257912	873	530
1	95369413	874	583
1	95480929	875	795
1	95592309	876	583
1	95703647	877	636
1	95815161	878	848
1	95926624	879	1113
1	96037947	880	742
1	96149353	881	636
1	96260745	882	477
1	96372329	883	742
1	96483707	884	583
1	96595174	885	636
1	96706608	886	530
1	96817982	887	901
1	96929454	888	795
1	97041040	889	742
1	97152343	890	954
1	97263845	891	1272
1	97375164	892	689
1	97486653	893	848
1	97598103	894	742
1	97709475	895	848
1	97820839	896	583
1	97932360	897	689
1	98043797	898	1007
1	98155279	899	848
1	98266539	900	583
1	98378071	901	795
1	98489516	902	1060
1	98600895	903	954
1	98712334	904	689
1	98823746	905	689
1	98935258	906	636
1	99046633	907	530
1	99158112	908	583
1	99269532	909	901
1	99380897	910	901
1	99492443	911	901
1	99603890	912	954
1	99715314	913	954
1	99826719	914	689
1	99938141	915	477
1	100049530	916	1113
1	100161067	917	424
1	100272490	918	636
1	100383758	919	795
1	100495241	920	689
1	100606699	921	954
1	100718199	922	954
1	100829478	923	689
1	100941018	924	1007
1	101052344	925	424
1	101163841	926	742
1	101275235	927	901
1	101386751	928	583
1	101498058	929	742
1	101609685	930	1060
1	101721013	931	477
1	101832458	932	795
1	101943805	933	1113
1	102055208	934	689
1	102166732	935	477
1	102278164	936	1113
1	102389500	937	1113
1	102500992	938	583
1	102612525	939	636
1	102723985	940	1007
1	102835296	941	742
1	102946712	942	1219
1	103058135	943	583
1	103169563	944	477
1	103281135	945	848
1	103392508	946	1007
1	103503986	947	1166
1	103615346	948	848
1	103726825	949	848
1	103838274	950	583
1	103949744	951	424
1	104061118	952	477
1	104172378	953	530
1	104283917	954	795
1	104395292	955	742
1	104506851	956	636
1	104618254	957	848
1	104729603	958	689
1	104841160	959	424
1	104952582	960	848
1	105063870	961	689
1	105175480	962	901
1	105286811	963	689
1	105398271	964	742
1	105509742	965	795
1	105621069	966	954
1	105732522	967	477
1	105843982	968	636
1	105955350	969	583
1	106066848	970	636
1	106178162	971	530
1	106289662	972	954
1	106401085	973	742
1	106512545	974	530
1	106623981	975	636
1	106735354	976	901
1	106846804	977	848
1	106958241	978	636
1	107069709	979	318
1	107181124	980	689
1	107292579	981	636
1	107403997	982	954
1	107515432	983	371
1	107626799	984	1166
1	107738310	985	954
1	107849835	986	742
1	107961088	987	1007
1	108072595	988	636
1	108184004	989	1007
1	108295427	990	689
1	108406943	991	583
1	108518393	992	689
1	108629713	993	1060
1	108741233	994	583
1	108852556	995	636
1	108964044	996	689
1	109075575	997	1166
1	109186824	998	530
1	109298323	999	689
2	96871	19	4396
2	207485	20	10375
2	318878	21	11129
2	430299	22	10895
2	541695	23	11033
2	653065	24	11041
2	764499	25	10984
2	875980	26	11101
2	987429	27	11043
2	1098915	28	11007
2	1210301	29	11022
2	1321732	30	11127
2	1433150	31	10985
2	1544518	32	10980
2	1656005	33	11017
2	1767444	34	11045
2	1878865	35	11056
2	1990327	36	10961
2	2101899	37	11098
2	2213183	38	10977
2	2324624	39	11027
2	2436005	40	11028
2	2547470	41	11081
2	2658929	42	10973
2	2770366	43	11053
2	2881760	44	10966
2	2993140	45	11022
2	3104550	46	11053
2	3216019	47	11059
2	3327453	48	11028
2	3438845	49	11047
2	3550294	50	11029
2	3661707	51	11040
2	3773203	52	10982
2	3884665	53	11075
2	3995970	54	10965
2	4107514	55	11075
2	4218963	56	11028
2	4330269	57	11015
2	4441726	58	11015
2	4553165	59	11017
2	4664597	60	11039
2	4776047	61	11061
2	4887431	62	10973
2	4998966	63	11035
2	5110475	64	11047
2	5221805	65	11054
2	5333182	66	11016
2	5444753	67	11006
2	5556041	68	11060
2	5667394	69	10980
2	5778920	70	11066
2	5890266	71	11008
2	6001766	72	11046
2	6113302	73	11029
2	6224639	74	10990
2	6336066	75	11083
2	6447576	76	11022
2	6558991	77	11005
2	6670448	78	10969
2	6781702	79	11032
2	6893279	80	11116
2	7004553	81	10975
2	7116176	82	11038
2	7227565	83	11022
2	7338989	84	11065
2	7450492	85	10993
2	7561762	86	11009
2	7673258	87	10996
2	7784659	88	11095
2	7896057	89	11046
2	8007565	90	10972
2	8119029	91	11080
2	8230498	92	10963
2	8341853	93	11092
2	8453347	94	10975
2	8564713	95	11003
2	8676077	96	11056
2	8787512	97	11031
2	8899020	98	11065
2	9010360	99	10990
2	9121956	100	10988
2	9233230	101	11008
2	9344799	102	11070
2	9456013	103	11054
2	9567659	104	11002
2	9679040	105	11018
2	9790486	106	11029
2	9901929	107	11118
2	10013388	108	10973
2	10124789	109	10981
2	10236085	110	11073
2	10347576	111	11001
2	10459046	112	11014
2	10570466	113	11030
2	10681926	114	11065
2	10793364	115	11025
2	10904782	116	11008
2	11016163	117	11081
2	11127567	118	10999
2	11239053	119	10946
2	11350379	120	11124
2	11461901	121	10971
2	11573405	122	11009
2	11684801	123	11069
2	11796310	124	11026
2	11907697	125	11033
2	12019150	126	10976
2	12130530	127	11074
2	12242026	128	11038
2	12353329	129	11027
2	12464836	130	11049
2	12576252	131	10971
2	12687603	132	11072
2	12799286	133	11050
2	12910522	134	10965
2	13022007	135	11058
2	13133353	136	11069
2	13244827	137	10931
2	13356200	138	11038
2	13467775	139	10999
2	13579084	140	11069
2	13690632	141	11025
2	13801821	142	11013
2	13913379	143	11030
2	14024737	144	11035
2	14136285	145	11071
2	14247784	146	11038
2	14359072	147	10976
2	14470528	148	11040
2	14581996	149	11090
2	14693433	150	10906
2	14804834	151	11089
2	14916133	152	11067
2	15027586	153	10991
2	15139199	154	10958
2	15250547	155	11006
2	15362110	156	11109
2	15473531	157	11045
2	15584908	158	11073
2	15696365	159	10990
2	15807712	160	10996
2	15919048	161	11024
2	16030594	162	11060
2	16141979	163	11042
2	16253464	164	10953
2	16364888	165	11065
2	16476304	166	10996
2	16587784	167	11096
2	16699177	168	11000
2	16810749	169	10993
2	16921959	170	11024
2	17033507	171	11061
2	17144916	172	11003
2	17256271	173	11104
2	17367868	174	10970
2	17479289	175	10991
2	17590574	176	10982
2	17702035	177	11085
2	17813510	178	11054
2	17925056	179	10973
2	18036447	180	11029
2	18147703	181	11060
2	18259168	182	10973
2	18370656	183	11082
2	18482103	184	10923
2	18593520	185	11090
2	18705006	186	10994
2	18816320	187	11110
2	18927888	188	10963
2	19039299	189	11042
2	19150776	190	10992
2	19262080	191	11023
2	19373530	192	11048
2	19485018	193	11050
2	19596425	194	11001
2	19707947	195	11003
2	19819286	196	11055
2	19930688	197	11039
2	20042169	198	11020
2	20153587	199	11015
2	20264960	200	11012
2	20376533	201	11042
2	20487887	202	11028
2	20599319	203	11057
2	20710731	204	11014
2	20822191	205	11006
2	20933723	206	11008
2	21045064	207	11103
2	21156421	208	10935
2	21268050	209	11112
2	21379348	210	11029
2	21490655	211	11018
2	21602148	212	10987
2	21713598	213	11045
2	21825027	214	11025
2	21936626	215	11079
2	22048053	216	10915
2	22159293	217	11103
2	22270713	218	10967
2	22382196	219	11096
2	22493659	220	11027
2	22605131	221	11059
2	22716582	222	10966
2	22827841	223	11072
2	22939323	224	10977
2	23050824	225	11039
2	23162273	226	11017
2	23273691	227	11068
2	23385116	228	10977
2	23496466	229	11053
2	23607984	230	11019
2	23719424	231	11010
2	23830725	232	11057
2	23942318	233	11079
2	24053512	234	10983
2	24165234	235	10996
2	24276605	236	11031
2	24387931	237	11070
2	24499404	238	10930
2	24610874	239	11106
2	24722243	240	11054
2	24833627	241	10938
2	24945090	242	11101
2	25056491	243	10998
2	25168004	244	11052
2	25279443	245	11011
2	25390855	246	11059
2	25502227	247	11049
2	25613656	248	10949
2	25725064	249	11003
2	25836480	250	11072
2	25947963	251	11048
2	26059332	252	11033
2	26170833	253	10947
2	26282345	254	11049
2	26393681	255	11051
2	26505104	256	11040
2	26616543	257	10945
2	26727934	258	11062
2	26839454	259	11105
2	26950811	260	11000
2	27062323	261	11052
2	27173844	262	10945
2	27285250	263	11143
2	27396477	264	10953
2	27508005	265	11013
2	27619552	266	11011
2	27730883	267	11068
2	27842399	268	11004
2	27953837	269	11036
2	28065072	270	11047
2	28176664	271	10937
2	28288138	272	11045
2	28399603	273	11081
2	28510924	274	11019
2	28622339	275	10981
2	28733786	276	11009
2	28845293	277	11091
2	28956651	278	11032
2	29068024	279	10987
2	29179443	280	11023
2	29290953	281	11078
2	29402356	282	11029
2	29513773	283	10995
2	29625266	284	10987
2	29736596	285	11102
2	29848160	286	10956
2	29959543	287	11058
2	30071005	288	11003
2	30182382	289	11110
2	30293825	290	10986
2	30405284	291	11078
2	30516614	292	10983
2	30628122	293	10990
2	30739585	294	11092
2	30850838	295	11015
2	30962447	296	10973
2	31073798	297	11069
2	31185306	298	11030
2	31296690	299	10979
2	31408194	300	11100
2	31519631	301	11026
2	31631082	302	10993
2	31742329	303	11044
2	31853719	304	11004
2	31965239	305	11086
2	32076643	306	10977
2	32188088	307	11066
2	32299501	308	11016
2	32410963	309	10976
2	32522473	310	11100
2	32633881	311	10949
2	32745331	312	11081
2	32856824	313	10976
2	32968099	314	11112
2	33079540	315	11000
2	33191040	316	10942
2	33302354	317	11079
2	33413845	318	11007
2	33525291	319	11002
2	33636798	320	11075
2	33748198	321	11050
2	33859639	322	11031
2	33971150	323	11020
2	34082529	324	11056
2	34193932	325	10994
2	34305500	326	11083
2	34416687	327	10927
2	34528151	328	11113
2	34639535	329	10979
2	34750924	330	11031
2	34862586	331	11053
2	34973884	332	10987
2	35085384	333	11085
2	35196859	334	11021
2	35308040	335	11053
2	35419640	336	10952
2	35531148	337	11024
2	35642426	338	11073
2	35753931	339	10939
2	35865275	340	11074
2	35976788	341	11057
2	36088205	342	11018
2	36199694	343	11028
2	36311041	344	11007
2	36422499	345	10995
2	36534033	346	11064
2	36645400	347	11053
2	36756806	348	11029
2	36868257	349	10988
2	36979630	350	11072
2	37091137	351	10994
2	37202540	352	11096
2	37313895	353	11050
2	37425349	354	10960
2	37536796	355	11022
2	37648099	356	11078
2	37759541	357	10981
2	37871112	358	11027
2	37982503	359	11044
2	38093818	360	11021
2	38205411	361	10999
2	38316847	362	11077
2	38428324	363	11009
2	38539723	364	11004
2	38651156	365	11011
2	38762594	366	11024
2	38873912	367	11070
2	38985352	368	11082
2	39096835	369	10928
2	39208294	370	11109
2	39319569	371	11037
2	39430971	372	10973
2	39542677	373	11018
2	39653969	374	11083
2	39765568	375	10965
2	39876891	376	11026
2	39988283	377	11040
2	40099674	378	10990
2	40211249	379	11050
2	40322565	380	11035
2	40434118	381	11026
2	40545498	382	11041
2	40656917	383	10986
2	40768348	384	10998
2	40879735	385	11124
2	40991278	386	10928
2	41102666	387	11101
2	41214078	388	11042
2	41325391	389	10969
2	41436780	390	11034
2	41548361	391	11023
2	41659774	392	11025
2	41771273	393	11053
2	41882680	394	11095
2	41994091	395	11015
2	42105472	396	10976
2	42216931	397	11031
2	42328378	398	10973
2	42439678	399	11093
2	42551195	400	10953
2	42662794	401	11106
2	42773980	402	10985
2	42885424	403	11085
2	42996942	404	11001
2	43108373	405	11052
2	43219809	406	10943
2	43331278	407	11155
2	43442677	408	10934
2	43554107	409	11051
2	43665482	410	11042
2	43776905	411	11021
2	43888388	412	11076
2	43999890	413	10945
2	44111296	414	11128
2	44222617	415	10938
2	44334115	416	11099
2	44445505	417	10943
2	44556968	418	11045
2	44668440	419	11050
2	44779766	420	11013
2	44891282	421	11034
2	45002718	422	10987
2	45114009	423	11072
2	45225615	424	11031
2	45336807	425	11060
2	45448354	426	11005
2	45559837	427	11046
2	45671285	428	11077
2	45782550	429	10942
2	45894232	430	11009
2	46005562	431	11114
2	46116946	432	11012
2	46228403	433	10919
2	46339958	434	11063
2	46451282	435	11090
2	46562679	436	10991
2	46674146	437	11034
2	46785475	438	11037
2	46897002	439	11059
2	47008389	440	10940
2	47119747	441	11050
2	47231239	442	11034
2	47342661	443	11085
2	47454108	444	10979
2	47565556	445	11057
2	47676909	446	10992
2	47788348	447	11065
2	47899904	448	10958
2	48011376	449	11098
2	48122787	450	10974
2	48234141	451	11097
2	48345603	452	10967
2	48457092	453	11051
2	48568555	454	10934
2	48679818	455	11097
2	48791369	456	11031
2	48902869	457	10981
2	49014126	458	11115
2	49125527	459	11016
2	49237069	460	10993
2	49348406	461	11053
2	49460001	462	10981
2	49571294	463	11092
2	49682824	464	10950
2	49794246	465	11004
2	49905646	466	11063
2	50017157	467	11059
2	50128445	468	10967
2	50239932	469	11099
2	50351303	470	11028
2	50462822	471	11024
2	50574113	472	11031
2	50685525	473	11005
2	50797061	474	11028
2	50908514	475	11013
2	51019853	476	11072
2	51131310	477	11005
2	51242799	478	10962
2	51354255	479	11135
2	51465633	480	11039
2	51577096	481	11036
2	51688565	482	10951
2	51800022	483	11026
2	51911254	484	10982
2	52022842	485	11117
2	52134211	486	10940
2	52245701	487	11015
2	52357145	488	11114
2	52468527	489	10918
2	52580028	490	11142
2	52691359	491	11014
2	52802892	492	11019
2	52914427	493	11039
2	53025604	494	11036
2	53137039	495	10994
2	53248581	496	10969
2	53360002	497	10981
2	53471408	498	11122
2	53582854	499	11017
2	53694393	500	11095
2	53805695	501	10983
2	53917143	502	10991
2	54028595	503	11067
2	54140151	504	11026
2	54251365	505	10997
2	54362854	506	10973
2	54474292	507	11039
2	54585796	508	11088
2	54697174	509	11051
2	54808631	510	10990
2	54920042	511	11064
2	55031419	512	11007
2	55142790	513	10986
2	55254196	514	11009
2	55365731	515	11104
2	55477209	516	11026
2	55588635	517	10974
2	55700054	518	11043
2	55811459	519	10973
2	55922912	520	11076
2	56034395	521	11075
2	56145851	522	10916
2	56257089	523	11120
2	56368620	524	11054
2	56480084	525	10998
2	56591612	526	11037
2	56702725	527	11031
2	56814273	528	11043
2	56925786	529	11010
2	57037099	530	10975
2	57148624	531	11075
2	57260134	532	11004
2	57371413	533	11087
2	57482884	534	11009
2	57594518	535	10991
2	57705848	536	11069
2	57817168	537	10941
2	57928719	538	11116
2	58040018	539	10989
2	58151448	540	11080
2	58263049	541	10988
2	58374473	542	10987
2	58485764	543	11042
2	58597213	544	11038
2	58708619	545	11062
2	58820116	546	10983
2	58931634	547	11032
2	59042832	548	11003
2	59154378	549	11054
2	59265793	550	11004
2	59377233	551	11031
2	59488637	552	11004
2	59600081	553	11115
2	59711537	554	10973
2	59822917	555	11013
2	59934436	556	11010
2	60045898	557	10964
2	60157110	558	11097
2	60268672	559	11057
2	60380166	560	11004
2	60491621	561	11022
2	60603107	562	11043
2	60714336	563	11047
2	60825870	564	10961
2	60937372	565	11105
2	61048618	566	10958
2	61160043	567	11046
2	61271595	568	11097
2	61382896	569	11050
2	61494436	570	10910
2	61605970	571	11133
2	61717270	572	10985
2	61828796	573	11026
2	61940138	574	10998
2	62051542	575	11025
2	62163104	576	11161
2	62274534	577	10910
2	62385899	578	11127
2	62497331	579	10937
2	62608802	580	11046
2	62720180	581	11075
2	62831616	582	10930
2	62943029	583	11044
2	63054444	584	11110
2	63165916	585	10912
2	63277363	586	11034
2	63388808	587	11080
2	63500169	588	11029
2	63611719	589	10931
2	63722997	590	11100
2	63834498	591	11054
2	63945870	592	10971
2	64057433	593	11082
2	64168919	594	11024
2	64280230	595	11035
2	64391752	596	11018
2	64503143	597	10987
2	64614480	598	11099
2	64725913	599	11005
2	64837380	600	11104
2	64948896	601	10992
2	65060241	602	10979
2	65171684	603	10986
2	65283179	604	11055
2	65394450	605	11056
2	65506019	606	10992
2	65617499	607	11052
2	65728820	608	11003
2	65840245	609	11061
2	65951765	610	11042
2	66063155	611	10982
2	66174576	612	11032
2	66285992	613	11068
2	66397453	614	10989
2	66508961	615	11014
2	66620222	616	11013
2	66731709	617	10990
2	66843064	618	11065
2	66954477	619	11125
2	67066007	620	10872
2	67177426	621	11058
2	67288754	622	11012
2	67400169	623	11038
2	67511689	624	11188
2	67623194	625	10922
2	67734671	626	11054
2	67845956	627	10994
2	67957385	628	11067
2	68068873	629	11016
2	68180280	630	10959
2	68291642	631	11089
2	68403206	632	11024
2	68514648	633	11065
2	68626020	634	11034
2	68737535	635	10893
2	68848919	636	11144
2	68960296	637	11008
2	69071856	638	11001
2	69183110	639	11025
2	69294638	640	11028
2	69405978	641	11071
2	69517433	642	11022
2	69628811	643	11058
2	69740376	644	10987
2	69851771	645	11037
2	69963363	646	11045
2	70074686	647	10998
2	70185946	648	11049
2	70297404	649	10975
2	70408966	650	11051
2	70520348	651	11005
2	70631645	652	11016
2	70743098	653	11111
2	70854675	654	10990
2	70966117	655	11012
2	71077516	656	10979
2	71188826	657	11068
2	71300413	658	11023
2	71411732	659	11152
2	71523266	660	10961
2	71634650	661	11004
2	71746100	662	11075
2	71857553	663	10958
2	71969013	664	11072
2	72080309	665	10986
2	72191847	666	10987
2	72303290	667	11005
2	72414672	668	11047
2	72526204	669	11044
2	72637480	670	10968
2	72748955	671	11062
2	72860437	672	11022
2	72971753	673	11069
2	73083216	674	11065
2	73194744	675	10982
2	73306057	676	11024
2	73417575	677	11058
2	73529137	678	10957
2	73640305	679	11076
2	73751895	680	10962
2	73863270	681	11063
2	73974741	682	11070
2	74086163	683	10986
2	74197558	684	11016
2	74309096	685	10982
2	74420487	686	11098
2	74531837	687	11010
2	74643401	688	11022
2	74754765	689	10999
2	74866153	690	11095
2	74977554	691	10987
2	75088979	692	11040
2	75200423	693	11033
2	75311917	694	10984
2	75423284	695	11065
2	75534604	696	11010
2	75646154	697	11027
2	75757671	698	10978
2	75869124	699	11132
2	75980451	700	11005
2	76091969	701	10977
2	76203554	702	11078
2	76314884	703	11004
2	76426188	704	11083
2	76537650	705	10988
2	76648949	706	11032
2	76760509	707	11019
2	76871899	708	11072
2	76983452	709	10946
2	77094806	710	11045
2	77206313	711	11015
2	77317703	712	11082
2	77429184	713	11011
2	77540485	714	11029
2	77651886	715	11002
2	77763392	716	11025
2	77874854	717	11018
2	77986257	718	10979
2	78097742	719	11022
2	78209122	720	11112
2	78320465	721	11030
2	78431888	722	10967
2	78543514	723	11082
2	78654861	724	10993
2	78766243	725	11071
2	78877691	726	10993
2	78989079	727	11009
2	79100416	728	11089
2	79211953	729	10988
2	79323431	730	11075
2	79434696	731	10972
2	79546187	732	11019
2	79657634	733	11049
2	79769187	734	11065
2	79880460	735	10982
2	79991889	736	10992
2	80103461	737	11100
2	80214849	738	10975
2	80326225	739	11024
2	80437737	740	11061
2	80549208	741	11012
2	80660567	742	11017
2	80772062	743	11024
2	80883426	744	11095
2	80995013	745	10951
2	81106277	746	10976
2	81217783	747	11127
2	81329171	748	11003
2	81440503	749	11070
2	81551905	750	10986
2	81663595	751	11073
2	81774914	752	11008
2	81886251	753	11029
2	81997869	754	10980
2	82109346	755	11081
2	82220603	756	10998
2	82331978	757	11007
2	82443597	758	11077
2	82554865	759	11059
2	82666202	760	11039
2	82777684	761	10914
2	82889119	762	11054
2	83000610	763	11059
2	83112116	764	11031
2	83223373	765	11031
2	83334949	766	10989
2	83446412	767	11032
2	83557838	768	11063
2	83669237	769	11040
2	83780643	770	11005
2	83891974	771	11002
2	84003549	772	11026
2	84115037	773	11022
2	84226390	774	11067
2	84337869	775	11035
2	84449228	776	10995
2	84560585	777	11009
2	84672055	778	11086
2	84783528	779	10977
2	84894829	780	11050
2	85006437	781	11047
2	85117706	782	10983
2	85229162	783	11048
2	85340624	784	11025
2	85452073	785	11046
2	85563485	786	11011
2	85674966	787	11003
2	85786320	788	11033
2	85897848	789	11114
2	86009172	790	10908
2	86120593	791	11089
2	86232115	792	10991
2	86343654	793	11077
2	86454950	794	11034
2	86566362	795	10996
2	86677776	796	10998
2	86789303	797	11046
2	86900769	798	11086
2	87012214	799	11009
2	87123586	800	10977
2	87235005	801	11097
2	87346478	802	10966
2	87457810	803	11070
2	87569190	804	10983
2	87680659	805	11111
2	87792038	806	10939
2	87903707	807	11123
2	88015062	808	10982
2	88126381	809	11038
2	88237761	810	11007
2	88349350	811	11003
2	88460832	812	11091
2	88572199	813	10987
2	88683536	814	11066
2	88794867	815	11020
2	88906429	816	11041
2	89017752	817	10957
2	89129328	818	11090
2	89240721	819	10967
2	89352271	820	11051
2	89463632	821	11038
2	89575070	822	10985
2	89686487	823	11025
2	89797751	824	11075
2	89909286	825	10981
2	90020696	826	11089
2	90132184	827	10911
2	90243531	828	11073
2	90355005	829	11016
2	90466613	830	11031
2	90577830	831	11017
2	90689301	832	11052
2	90800635	833	11047
2	90912213	834	11040
2	91023708	835	11016
2	91135082	836	11025
2	91246521	837	11017
2	91357978	838	11060
2	91469262	839	11034
2	91580836	840	10999
2	91692089	841	11036
2	91803723	842	11002
2	91915044	843	11000
2	92026608	844	11058
2	92137957	845	11083
2	92249358	846	11004
2	92360939	847	11062
2	92472217	848	10905
2	92583731	849	11146
2	92695200	850	10944
2	92806580	851	11031
2	92918041	852	11088
2	93029374	853	11019
2	93140770	854	11018
2	93252218	855	11008
2	93363727	856	11047
2	93475051	857	10994
2	93586609	858	11066
2	93697912	859	11010
2	93809516	860	11068
2	93920823	861	11017
2	94032340	862	10982
2	94143747	863	11049
2	94255099	864	10969
2	94366417	865	11106
2	94478068	866	11018
2	94589426	867	11026
2	94700927	868	11028
2	94812312	869	11056
2	94923677	870	10986
2	95035068	871	11087
2	95146544	872	10977
2	95257912	873	11022
2	95369413	874	11043
2	95480929	875	10973
2	95592309	876	11016
2	95703647	877	11059
2	95815161	878	11035
2	95926624	879	10978
2	96037947	880	11083
2	96149353	881	10978
2	96260745	882	11073
2	96372329	883	11017
2	96483707	884	11081
2	96595174	885	10971
2	96706608	886	11053
2	96817982	887	11007
2	96929454	888	11071
2	97041040	889	11051
2	97152343	890	10997
2	97263845	891	11032
2	97375164	892	10970
2	97486653	893	11033
2	97598103	894	11087
2	97709475	895	10938
2	97820839	896	11074
2	97932360	897	11031
2	98043797	898	10993
2	98155279	899	11025
2	98266539	900	11041
2	98378071	901	11057
2	98489516	902	11023
2	98600895	903	10948
2	98712334	904	11072
2	98823746	905	11032
2	98935258	906	11073
2	99046633	907	10968
2	99158112	908	11052
2	99269532	909	11045
2	99380897	910	10963
2	99492443	911	11036
2	99603890	912	11072
2	99715314	913	10997
2	99826719	914	11015
2	99938141	915	11073
2	100049530	916	11011
2	100161067	917	11000
2	100272490	918	11045
2	100383758	919	11018
2	100495241	920	11108
2	100606699	921	10953
2	100718199	922	11053
2	100829478	923	11036
2	100941018	924	10997
2	101052344	925	11020
2	101163841	926	11022
2	101275235	927	11029
2	101386751	928	11049
2	101498058	929	11008
2	101609685	930	11057
2	101721013	931	10958
2	101832458	932	11101
2	101943805	933	11037
2	102055208	934	10979
2	102166732	935	11061
2	102278164	936	10982
2	102389500	937	11025
2	102500992	938	10949
2	102612525	939	11121
2	102723985	940	10949
2	102835296	941	11100
2	102946712	942	11040
2	103058135	943	10974
2	103169563	944	11109
2	103281135	945	10986
2	103392508	946	10991
2	103503986	947	11080
2	103615346	948	11027
2	103726825	949	10975
2	103838274	950	11029
2	103949744	951	11103
2	104061118	952	10924
2	104172378	953	11037
2	104283917	954	11130
2	104395292	955	10986
2	104506851	956	11032
2	104618254	957	11038
2	104729603	958	11030
2	104841160	959	11049
2	104952582	960	10965
2	105063870	961	11100
2	105175480	962	11005
2	105286811	963	10984
2	105398271	964	11057
2	105509742	965	11072
2	105621069	966	10994
2	105732522	967	10965
2	105843982	968	11023
2	105955350	969	11049
2	106066848	970	11052
2	106178162	971	11037
2	106289662	972	11019
2	106401085	973	11064
2	106512545	974	10990
2	106623981	975	10963
2	106735354	976	11036
2	106846804	977	11078
2	106958241	978	11049
2	107069709	979	11040
2	107181124	980	11008
2	107292579	981	11037
2	107403997	982	11066
2	107515432	983	10976
2	107626799	984	11071
2	107738310	985	10964
2	107849835	986	11111
2	107961088	987	10933
2	108072595	988	11040
2	108184004	989	11008
2	108295427	990	11021
2	108406943	991	11121
2	108518393	992	10952
2	108629713	993	11025
2	108741233	994	11048
2	108852556	995	11067
2	108964044	996	10932
2	109075575	997	11127
2	109186824	998	10970
2	109298323	999	10993
3	96871	19	0
3	207485	20	0
3	318878	21	0
3	430299	22	0
3	541695	23	0
3	653065	24	0
3	764499	25	0
3	875980	26	0
3	987429	27	0
3	1098915	28	0
3	1210301	29	0
3	1321732	30	0
3	1433150	31	0
3	1544518	32	0
3	1656005	33	0
3	1767444	34	0
3	1878865	35	0
3	1990327	36	0
3	2101899	37	0
3	2213183	38	0
3	2324624	39	0
3	2436005	40	0
3	2547470	41	0
3	2658929	42	0
3	2770366	43	0
3	2881760	44	0
3	2993140	45	0
3	3104550	46	0
3	3216019	47	0
3	3327453	48	0
3	3438845	49	0
3	3550294	50	0
3	3661707	51	0
3	3773203	52	0
3	3884665	53	0
3	3995970	54	0
3	4107514	55	0
3	4218963	56	0
3	4330269	57	0
3	4441726	58	0
3	4553165	59	0
3	4664597	60	0
3	4776047	61	0
3	4887431	62	0
3	4998966	63	0
3	5110475	64	0
3	5221805	65	0
3	5333182	66	0
3	5444753	67	0
3	5556041	68	0
3	5667394	69	0
3	5778920	70	0
3	5890266	71	0
3	6001766	72	0
3	6113302	73	0
3	6224639	74	0
3	6336066	75	0
3	6447576	76	0
3	6558991	77	0
3	6670448	78	0
3	6781702	79	0
3	6893279	80	0
3	7004553	81	0
3	7116176	82	0
3	7227565	83	0
3	7338989	84	0
3	7450492	85	0
3	7561762	86	0
3	7673258	87	0
3	7784659	88	0
3	7896057	89	0
3	8007565	90	0
3	8119029	91	0
3	8230498	92	0
3	8341853	93	0
3	8453347	94	0
3	8564713	95	0
3	8676077	96	0
3	8787512	97	0
3	8899020	98	0
3	9010360	99	0
3	9121956	100	0
3	9233230	101	0
3	9344799	102	0
3	9456013	103	0
3	9567659	104	0
3	9679040	105	0
3	9790486	106	0
3	9901929	107	0
3	10013388	108	0
3	10124789	109	0
3	10236085	110	0
3	10347576	111	0
3	10459046	112	0
3	10570466	113	0
3	10681926	114	0
3	10793364	115	0
3	10904782	116	0
3	11016163	117	0
3	11127567	118	0
3	11239053	119	0
3	11350379	120	0
3	11461901	121	0
3	11573405	122	0
3	11684801	123	0
3	11796310	124	0
3	11907697	125	0
3	12019150	126	0
3	12130530	127	0
3	12242026	128	0
3	12353329	129	0
3	12464836	130	0
3	12576252	131	0
3	12687603	132	0
3	12799286	133	0
3	12910522	134	0
3	13022007	135	0
3	13133353	136	0
3	13244827	137	0
3	13356200	138	0
3	13467775	139	0
3	13579084	140	0
3	13690632	141	0
3	13801821	142	0
3	13913379	143	0
3	14024737	144	0
3	14136285	145	0
3	14247784	146	0
3	14359072	147	0
3	14470528	148	0
3	14581996	149	0
3	14693433	150	0
3	14804834	151	0
3	14916133	152	0
3	15027586	153	0
3	15139199	154	0
3	15250547	155	0
3	15362110	156	0
3	15473531	157	0
3	15584908	158	0
3	15696365	159	0
3	15807712	160	0
3	15919048	161	0
3	16030594	162	0
3	16141979	163	0
3	16253464	164	0
3	16364888	165	0
3	16476304	166	0
3	16587784	167	0
3	16699177	168	0
3	16810749	169	0
3	16921959	170	0
3	17033507	171	0
3	17144916	172	0
3	17256271	173	0
3	17367868	174	0
3	17479289	175	0
3	17590574	176	0
3	17702035	177	0
3	17813510	178	0
3	17925056	179	0
3	18036447	180	0
3	18147703	181	0
3	18259168	182	0
3	18370656	183	0
3	18482103	184	0
3	18593520	185	0
3	18705006	186	0
3	18816320	187	0
3	18927888	188	0
3	19039299	189	0
3	19150776	190	0
3	19262080	191	0
3	19373530	192	0
3	19485018	193	0
3	19596425	194	0
3	19707947	195	0
3	19819286	196	0
3	19930688	197	0
3	20042169	198	0
3	20153587	199	0
3	20264960	200	0
3	20376533	201	0
3	20487887	202	0
3	20599319	203	0
3	20710731	204	0
3	20822191	205	0
3	20933723	206	0
3	21045064	207	0
3	21156421	208	0
3	21268050	209	0
3	21379348	210	0
3	21490655	211	0
3	21602148	212	0
3	21713598	213	0
3	21825027	214	0
3	21936626	215	0
3	22048053	216	0
3	22159293	217	0
3	22270713	218	0
3	22382196	219	0
3	22493659	220	0
3	22605131	221	0
3	22716582	222	0
3	22827841	223	0
3	22939323	224	0
3	23050824	225	0
3	23162273	226	0
3	23273691	227	0
3	23385116	228	0
3	23496466	229	0
3	23607984	230	0
3	23719424	231	0
3	23830725	232	0
3	23942318	233	0
3	24053512	234	0
3	24165234	235	0
3	24276605	236	0
3	24387931	237	0
3	24499404	238	0
3	24610874	239	0
3	24722243	240	0
3	24833627	241	0
3	24945090	242	0
3	25056491	243	0
3	25168004	244	0
3	25279443	245	0
3	25390855	246	0
3	25502227	247	0
3	25613656	248	0
3	25725064	249	0
3	25836480	250	0
3	25947963	251	0
3	26059332	252	0
3	26170833	253	0
3	26282345	254	0
3	26393681	255	0
3	26505104	256	0
3	26616543	257	0
3	26727934	258	0
3	26839454	259	0
3	26950811	260	0
3	27062323	261	0
3	27173844	262	0
3	27285250	263	0
3	27396477	264	0
3	27508005	265	0
3	27619552	266	0
3	27730883	267	0
3	27842399	268	0
3	27953837	269	0
3	28065072	270	0
3	28176664	271	0
3	28288138	272	0
3	28399603	273	0
3	28510924	274	0
3	28622339	275	0
3	28733786	276	0
3	28845293	277	0
3	28956651	278	0
3	29068024	279	0
3	29179443	280	0
3	29290953	281	0
3	29402356	282	0
3	29513773	283	0
3	29625266	284	0
3	29736596	285	0
3	29848160	286	0
3	29959543	287	0
3	30071005	288	0
3	30182382	289	0
3	30293825	290	0
3	30405284	291	0
3	30516614	292	0
3	30628122	293	0
3	30739585	294	0
3	30850838	295	0
3	30962447	296	0
3	31073798	297	0
3	31185306	298	0
3	31296690	299	0
3	31408194	300	0
3	31519631	301	0
3	31631082	302	0
3	31742329	303	0
3	31853719	304	0
3	31965239	305	0
3	32076643	306	0
3	32188088	307	0
3	32299501	308	0
3	32410963	309	0
3	32522473	310	0
3	32633881	311	0
3	32745331	312	0
3	32856824	313	0
3	32968099	314	0
3	33079540	315	0
3	33191040	316	0
3	33302354	317	0
3	33413845	318	0
3	33525291	319	0
3	33636798	320	0
3	33748198	321	0
3	33859639	322	0
3	33971150	323	0
3	34082529	324	0
3	34193932	325	0
3	34305500	326	0
3	34416687	327	0
3	34528151	328	0
3	34639535	329	0
3	34750924	330	0
3	34862586	331	0
3	34973884	332	0
3	35085384	333	0
3	35196859	334	0
3	35308040	335	0
3	35419640	336	0
3	35531148	337	0
3	35642426	338	0
3	35753931	339	0
3	35865275	340	0
3	35976788	341	0
3	36088205	342	0
3	36199694	343	0
3	36311041	344	0
3	36422499	345	0
3	36534033	346	0
3	36645400	347	0
3	36756806	348	0
3	36868257	349	0
3	36979630	350	0
3	37091137	351	0
3	37202540	352	0
3	37313895	353	0
3	37425349	354	0
3	37536796	355	0
3	37648099	356	0
3	37759541	357	0
3	37871112	358	0
3	37982503	359	0
3	38093818	360	0
3	38205411	361	0
3	38316847	362	0
3	38428324	363	0
3	38539723	364	0
3	38651156	365	0
3	38762594	366	0
3	38873912	367	0
3	38985352	368	0
3	39096835	369	0
3	39208294	370	0
3	39319569	371	0
3	39430971	372	0
3	39542677	373	0
3	39653969	374	0
3	39765568	375	0
3	39876891	376	0
3	39988283	377	0
3	40099674	378	0
3	40211249	379	0
3	40322565	380	0
3	40434118	381	0
3	40545498	382	0
3	40656917	383	0
3	40768348	384	0
3	40879735	385	0
3	40991278	386	0
3	41102666	387	0
3	41214078	388	0
3	41325391	389	0
3	41436780	390	0
3	41548361	391	0
3	41659774	392	0
3	41771273	393	0
3	41882680	394	0
3	41994091	395	0
3	42105472	396	0
3	42216931	397	0
3	42328378	398	0
3	42439678	399	0
3	42551195	400	0
3	42662794	401	0
3	42773980	402	0
3	42885424	403	0
3	42996942	404	0
3	43108373	405	0
3	43219809	406	0
3	43331278	407	0
3	43442677	408	0
3	43554107	409	0
3	43665482	410	0
3	43776905	411	0
3	43888388	412	0
3	43999890	413	0
3	44111296	414	0
3	44222617	415	0
3	44334115	416	0
3	44445505	417	0
3	44556968	418	0
3	44668440	419	0
3	44779766	420	0
3	44891282	421	0
3	45002718	422	0
3	45114009	423	0
3	45225615	424	0
3	45336807	425	0
3	45448354	426	0
3	45559837	427	0
3	45671285	428	0
3	45782550	429	0
3	45894232	430	0
3	46005562	431	0
3	46116946	432	0
3	46228403	433	0
3	46339958	434	0
3	46451282	435	0
3	46562679	436	0
3	46674146	437	0
3	46785475	438	0
3	46897002	439	0
3	47008389	440	0
3	47119747	441	0
3	47231239	442	0
3	47342661	443	0
3	47454108	444	0
3	47565556	445	0
3	47676909	446	0
3	47788348	447	0
3	47899904	448	0
3	48011376	449	0
3	48122787	450	0
3	48234141	451	0
3	48345603	452	0
3	48457092	453	0
3	48568555	454	0
3	48679818	455	0
3	48791369	456	0
3	48902869	457	0
3	49014126	458	0
3	49125527	459	0
3	49237069	460	0
3	49348406	461	0
3	49460001	462	0
3	49571294	463	0
3	49682824	464	0
3	49794246	465	0
3	49905646	466	0
3	50017157	467	0
3	50128445	468	0
3	50239932	469	0
3	50351303	470	0
3	50462822	471	0
3	50574113	472	0
3	50685525	473	0
3	50797061	474	0
3	50908514	475	0
3	51019853	476	0
3	51131310	477	0
3	51242799	478	0
3	51354255	479	0
3	51465633	480	0
3	51577096	481	0
3	51688565	482	0
3	51800022	483	0
3	51911254	484	0
3	52022842	485	0
3	52134211	486	0
3	52245701	487	0
3	52357145	488	0
3	52468527	489	0
3	52580028	490	0
3	52691359	491	0
3	52802892	492	0
3	52914427	493	0
3	53025604	494	0
3	53137039	495	0
3	53248581	496	0
3	53360002	497	0
3	53471408	498	0
3	53582854	499	0
3	53694393	500	0
3	53805695	501	0
3	53917143	502	0
3	54028595	503	0
3	54140151	504	0
3	54251365	505	0
3	54362854	506	0
3	54474292	507	0
3	54585796	508	0
3	54697174	509	0
3	54808631	510	0
3	54920042	511	0
3	55031419	512	0
3	55142790	513	0
3	55254196	514	0
3	55365731	515	0
3	55477209	516	0
3	55588635	517	0
3	55700054	518	0
3	55811459	519	0
3	55922912	520	0
3	56034395	521	0
3	56145851	522	0
3	56257089	523	0
3	56368620	524	0
3	56480084	525	0
3	56591612	526	0
3	56702725	527	0
3	56814273	528	0
3	56925786	529	0
3	57037099	530	0
3	57148624	531	0
3	57260134	532	0
3	57371413	533	0
3	57482884	534	0
3	57594518	535	0
3	57705848	536	0
3	57817168	537	0
3	57928719	538	0
3	58040018	539	0
3	58151448	540	0
3	58263049	541	0
3	58374473	542	0
3	58485764	543	0
3	58597213	544	0
3	58708619	545	0
3	58820116	546	0
3	58931634	547	0
3	59042832	548	0
3	59154378	549	0
3	59265793	550	0
3	59377233	551	0
3	59488637	552	0
3	59600081	553	0
3	59711537	554	0
3	59822917	555	0
3	59934436	556	0
3	60045898	557	0
3	60157110	558	0
3	60268672	559	0
3	60380166	560	0
3	60491621	561	0
3	60603107	562	0
3	60714336	563	0
3	60825870	564	0
3	60937372	565	0
3	61048618	566	0
3	61160043	567	0
3	61271595	568	0
3	61382896	569	0
3	61494436	570	0
3	61605970	571	0
3	61717270	572	0
3	61828796	573	0
3	61940138	574	0
3	62051542	575	0
3	62163104	576	0
3	62274534	577	0
3	62385899	578	0
3	62497331	579	0
3	62608802	580	0
3	62720180	581	0
3	62831616	582	0
3	62943029	583	0
3	63054444	584	0
3	63165916	585	0
3	63277363	586	0
3	63388808	587	0
3	63500169	588	0
3	63611719	589	0
3	63722997	590	0
3	63834498	591	0
3	63945870	592	0
3	64057433	593	0
3	64168919	594	0
3	64280230	595	0
3	64391752	596	0
3	64503143	597	0
3	64614480	598	0
3	64725913	599	0
3	64837380	600	0
3	64948896	601	0
3	65060241	602	0
3	65171684	603	0
3	65283179	604	0
3	65394450	605	0
3	65506019	606	0
3	65617499	607	0
3	65728820	608	0
3	65840245	609	0
3	65951765	610	0
3	66063155	611	0
3	66174576	612	0
3	66285992	613	0
3	66397453	614	0
3	66508961	615	0
3	66620222	616	0
3	66731709	617	0
3	66843064	618	0
3	66954477	619	0
3	67066007	620	0
3	67177426	621	0
3	67288754	622	0
3	67400169	623	0
3	67511689	624	0
3	67623194	625	0
3	67734671	626	0
3	67845956	627	0
3	67957385	628	0
3	68068873	629	0
3	68180280	630	0
3	68291642	631	0
3	68403206	632	0
3	68514648	633	0
3	68626020	634	0
3	68737535	635	0
3	68848919	636	0
3	68960296	637	0
3	69071856	638	0
3	69183110	639	0
3	69294638	640	0
3	69405978	641	0
3	69517433	642	0
3	69628811	643	0
3	69740376	644	0
3	69851771	645	0
3	69963363	646	0
3	70074686	647	0
3	70185946	648	0
3	70297404	649	0
3	70408966	650	0
3	70520348	651	0
3	70631645	652	0
3	70743098	653	0
3	70854675	654	0
3	70966117	655	0
3	71077516	656	0
3	71188826	657	0
3	71300413	658	0
3	71411732	659	0
3	71523266	660	0
3	71634650	661	0
3	71746100	662	0
3	71857553	663	0
3	71969013	664	0
3	72080309	665	0
3	72191847	666	0
3	72303290	667	0
3	72414672	668	0
3	72526204	669	0
3	72637480	670	0
3	72748955	671	0
3	72860437	672	0
3	72971753	673	0
3	73083216	674	0
3	73194744	675	0
3	73306057	676	0
3	73417575	677	0
3	73529137	678	0
3	73640305	679	0
3	73751895	680	0
3	73863270	681	0
3	73974741	682	0
3	74086163	683	0
3	74197558	684	0
3	74309096	685	0
3	74420487	686	0
3	74531837	687	0
3	74643401	688	0
3	74754765	689	0
3	74866153	690	0
3	74977554	691	0
3	75088979	692	0
3	75200423	693	0
3	75311917	694	0
3	75423284	695	0
3	75534604	696	0
3	75646154	697	0
3	75757671	698	0
3	75869124	699	0
3	75980451	700	0
3	76091969	701	0
3	76203554	702	0
3	76314884	703	0
3	76426188	704	0
3	76537650	705	0
3	76648949	706	0
3	76760509	707	0
3	76871899	708	0
3	76983452	709	0
3	77094806	710	0
3	77206313	711	0
3	77317703	712	0
3	77429184	713	0
3	77540485	714	0
3	77651886	715	0
3	77763392	716	0
3	77874854	717	0
3	77986257	718	0
3	78097742	719	0
3	78209122	720	0
3	78320465	721	0
3	78431888	722	0
3	78543514	723	0
3	78654861	724	0
3	78766243	725	0
3	78877691	726	0
3	78989079	727	0
3	79100416	728	0
3	79211953	729	0
3	79323431	730	0
3	79434696	731	0
3	79546187	732	0
3	79657634	733	0
3	79769187	734	0
3	79880460	735	0
3	79991889	736	0
3	80103461	737	0
3	80214849	738	0
3	80326225	739	0
3	80437737	740	0
3	80549208	741	0
3	80660567	742	0
3	80772062	743	0
3	80883426	744	0
3	80995013	745	0
3	81106277	746	0
3	81217783	747	0
3	81329171	748	0
3	81440503	749	0
3	81551905	750	0
3	81663595	751	0
3	81774914	752	0
3	81886251	753	0
3	81997869	754	0
3	82109346	755	0
3	82220603	756	0
3	82331978	757	0
3	82443597	758	0
3	82554865	759	0
3	82666202	760	0
3	82777684	761	0
3	82889119	762	0
3	83000610	763	0
3	83112116	764	0
3	83223373	765	0
3	83334949	766	0
3	83446412	767	0
3	83557838	768	0
3	83669237	769	0
3	83780643	770	0
3	83891974	771	0
3	84003549	772	0
3	84115037	773	0
3	84226390	774	0
3	84337869	775	0
3	84449228	776	0
3	84560585	777	0
3	84672055	778	0
3	84783528	779	0
3	84894829	780	0
3	85006437	781	0
3	85117706	782	0
3	85229162	783	0
3	85340624	784	0
3	85452073	785	0
3	85563485	786	0
3	85674966	787	0
3	85786320	788	0
3	85897848	789	0
3	86009172	790	0
3	86120593	791	0
3	86232115	792	0
3	86343654	793	0
3	86454950	794	0
3	86566362	795	0
3	86677776	796	0
3	86789303	797	0
3	86900769	798	0
3	87012214	799	0
3	87123586	800	0
3	87235005	801	0
3	87346478	802	0
3	87457810	803	0
3	87569190	804	0
3	87680659	805	0
3	87792038	806	0
3	87903707	807	0
3	88015062	808	0
3	88126381	809	0
3	88237761	810	0
3	88349350	811	0
3	88460832	812	0
3	88572199	813	0
3	88683536	814	0
3	88794867	815	0
3	88906429	816	0
3	89017752	817	0
3	89129328	818	0
3	89240721	819	0
3	89352271	820	0
3	89463632	821	0
3	89575070	822	0
3	89686487	823	0
3	89797751	824	0
3	89909286	825	0
3	90020696	826	0
3	90132184	827	0
3	90243531	828	0
3	90355005	829	0
3	90466613	830	0
3	90577830	831	0
3	90689301	832	0
3	90800635	833	0
3	90912213	834	0
3	91023708	835	0
3	91135082	836	0
3	91246521	837	0
3	91357978	838	0
3	91469262	839	0
3	91580836	840	0
3	91692089	841	0
3	91803723	842	0
3	91915044	843	0
3	92026608	844	0
3	92137957	845	0
3	92249358	846	0
3	92360939	847	0
3	92472217	848	0
3	92583731	849	0
3	92695200	850	0
3	92806580	851	0
3	92918041	852	0
3	93029374	853	0
3	93140770	854	0
3	93252218	855	0
3	93363727	856	0
3	93475051	857	0
3	93586609	858	0
3	93697912	859	0
3	93809516	860	0
3	93920823	861	0
3	94032340	862	0
3	94143747	863	0
3	94255099	864	0
3	94366417	865	0
3	94478068	866	0
3	94589426	867	0
3	94700927	868	0
3	94812312	869	0
3	94923677	870	0
3	95035068	871	0
3	95146544	872	0
3	95257912	873	0
3	95369413	874	0
3	95480929	875	0
3	95592309	876	0
3	95703647	877	0
3	95815161	878	0
3	95926624	879	0
3	96037947	880	0
3	96149353	881	0
3	96260745	882	0
3	96372329	883	0
3	96483707	884	0
3	96595174	885	0
3	96706608	886	0
3	96817982	887	0
3	96929454	888	0
3	97041040	889	0
3	97152343	890	0
3	97263845	891	0
3	97375164	892	0
3	97486653	893	0
3	97598103	894	0
3	97709475	895	0
3	97820839	896	0
3	97932360	897	0
3	98043797	898	0
3	98155279	899	0
3	98266539	900	0
3	98378071	901	0
3	98489516	902	0
3	98600895	903	0
3	98712334	904	0
3	98823746	905	0
3	98935258	906	0
3	99046633	907	0
3	99158112	908	0
3	99269532	909	0
3	99380897	910	0
3	99492443	911	0
3	99603890	912	0
3	99715314	913	0
3	99826719	914	0
3	99938141	915	0
3	100049530	916	0
3	100161067	917	0
3	100272490	918	0
3	100383758	919	0
3	100495241	920	0
3	100606699	921	0
3	100718199	922	0
3	100829478	923	0
3	100941018	924	0
3	101052344	925	0
3	101163841	926	0
3	101275235	927	0
3	101386751	928	0
3	101498058	929	0
3	101609685	930	0
3	101721013	931	0
3	101832458	932	0
3	101943805	933	0
3	102055208	934	0
3	102166732	935	0
3	102278164	936	0
3	102389500	937	0
3	102500992	938	0
3	102612525	939	0
3	102723985	940	0
3	102835296	941	0
3	102946712	942	0
3	103058135	943	0
3	103169563	944	0
3	103281135	945	0
3	103392508	946	0
3	103503986	947	0
3	103615346	948	0
3	103726825	949	0
3	103838274	950	0
3	103949744	951	0
3	104061118	952	0
3	104172378	953	0
3	104283917	954	0
3	104395292	955	0
3	104506851	956	0
3	104618254	957	0
3	104729603	958	0
3	104841160	959	0
3	104952582	960	0
3	105063870	961	0
3	105175480	962	0
3	105286811	963	0
3	105398271	964	0
3	105509742	965	0
3	105621069	966	0
3	105732522	967	0
3	105843982	968	0
3	105955350	969	0
3	106066848	970	0
3	106178162	971	0
3	106289662	972	0
3	106401085	973	0
3	106512545	974	0
3	106623981	975	0
3	106735354	976	0
3	106846804	977	0
3	106958241	978	0
3	107069709	979	0
3	107181124	980	0
3	107292579	981	0
3	107403997	982	0
3	107515432	983	0
3	107626799	984	0
3	107738310	985	0
3	107849835	986	0
3	107961088	987	0
3	108072595	988	0
3	108184004	989	0
3	108295427	990	0
3	108406943	991	0
3	108518393	992	0
3	108629713	993	0
3	108741233	994	0
3	108852556	995	0
3	108964044	996	0
3	109075575	997	0
3	109186824	998	0
3	109298323	999	0
4	3550292	50	20
4	9121954	100	20
4	14693431	150	20
4	20264958	200	20
4	25836478	250	20
4	31408192	300	20
4	36979628	350	20
4	42551193	400	20
4	48122785	450	20
4	53694391	500	20
4	59265791	550	20
4	64837378	600	20
4	70408964	650	20
4	75980449	700	20
4	81551903	750	20
4	87123584	800	20
4	92695198	850	20
4	98266537	900	20
4	103838272	950	20
4	109409872	1000	20
5	3550292	50	0
5	9121954	100	0
5	14693431	150	0
5	20264958	200	0
5	25836478	250	0
5	31408192	300	0
5	36979628	350	0
5	42551193	400	0
5	48122785	450	0
5	53694391	500	0
5	59265791	550	0
5	64837378	600	0
5	70408964	650	0
5	75980449	700	0
5	81551903	750	0
5	87123584	800	0
5	92695198	850	0
5	98266537	900	0
5	103838272	950	0
5	109409872	1000	0
