version 2
run BasicCC-1-20100908-23:50:39-3996
attr configname BasicCC
attr datetime 20100908-23:50:39
attr experiment BasicCC
attr inifile D:/Developement/Oversim2/multic/simulations/omnetpp.ini
attr iterationvars $nhops=3
attr iterationvars2 "$nhops=3, $repetition=0"
attr measurement $nhops=3
attr network oversim.underlay.simpleunderlay.SimpleUnderlayNetwork
attr nhops 3
attr processid 3996
attr repetition 0
attr replication #0
attr resultdir results
attr runnumber 1
attr seedset 1

vector 1  SimpleUnderlayNetwork.globalObserver.globalStatistics  incoming_bytes  ETV
vector 2  SimpleUnderlayNetwork.globalObserver.globalStatistics  drops  ETV
vector 3  SimpleUnderlayNetwork.globalObserver.globalStatistics  delayed_acks  ETV
vector 4  SimpleUnderlayNetwork.globalObserver.globalStatistics  "GlobalNodeList: Number of nodes"  ETV
vector 5  SimpleUnderlayNetwork.globalObserver.globalStatistics  "GlobalNodeList: Number of bootstrapped malicious nodes"  ETV
1	87257	20	1696
1	197699	21	5936
1	309259	22	8745
1	420702	23	4717
1	532279	24	4134
1	643810	25	4028
1	755306	26	3551
1	866749	27	3498
1	978220	28	3710
1	1089696	29	3710
1	1201204	30	4081
1	1312637	31	3657
1	1424160	32	4293
1	1535681	33	4346
1	1647203	34	3710
1	1758737	35	3286
1	1870072	36	3233
1	1981623	37	4134
1	2093107	38	4558
1	2204515	39	4134
1	2316072	40	3392
1	2427472	41	3551
1	2538891	42	3816
1	2650558	43	4028
1	2761930	44	3763
1	2873531	45	4346
1	2985040	46	2809
1	3096455	47	3392
1	3208092	48	3816
1	3319392	49	3922
1	3430973	50	3975
1	3542510	51	3657
1	3653878	52	4452
1	3765434	53	3922
1	3876961	54	4717
1	3988519	55	5088
1	4099974	56	3286
1	4211466	57	4081
1	4322917	58	3604
1	4434446	59	3922
1	4545878	60	3869
1	4657399	61	4028
1	4768881	62	3922
1	4880498	63	3816
1	4991903	64	3763
1	5103325	65	3710
1	5214860	66	4187
1	5326313	67	3763
1	5437763	68	4134
1	5549170	69	3657
1	5660799	70	4770
1	5772237	71	4187
1	5883777	72	4134
1	5995253	73	4134
1	6106769	74	4346
1	6218300	75	3710
1	6329816	76	5088
1	6441437	77	4558
1	6552747	78	3922
1	6664292	79	4982
1	6775779	80	4293
1	6887211	81	3074
1	6998810	82	3975
1	7110167	83	3657
1	7221815	84	4240
1	7333302	85	3551
1	7444788	86	4134
1	7556333	87	3710
1	7667675	88	3869
1	7779220	89	4081
1	7890748	90	4293
1	8002263	91	4293
1	8113728	92	3551
1	8225207	93	3975
1	8336739	94	3922
1	8448129	95	4346
1	8559584	96	3551
1	8671202	97	3657
1	8782704	98	4452
1	8894179	99	3445
1	9005602	100	3869
1	9117049	101	3286
1	9228560	102	3604
1	9340008	103	3604
1	9451453	104	4452
1	9563042	105	3498
1	9674572	106	3604
1	9786065	107	4187
1	9897462	108	3445
1	10009025	109	3286
1	10120368	110	3869
1	10232022	111	3922
1	10343468	112	3286
1	10454980	113	4187
1	10566341	114	4240
1	10677990	115	3339
1	10789373	116	3604
1	10900905	117	5035
1	11012427	118	3922
1	11123963	119	3922
1	11235354	120	4293
1	11346868	121	3604
1	11458332	122	3869
1	11569973	123	4293
1	11681334	124	3604
1	11792935	125	4081
1	11904343	126	3869
1	12015710	127	4293
1	12127341	128	3657
1	12238790	129	3657
1	12350214	130	3763
1	12461760	131	3763
1	12573257	132	4452
1	12684832	133	3498
1	12796342	134	3180
1	12907705	135	4823
1	13019310	136	3286
1	13130707	137	3657
1	13242113	138	4346
1	13353672	139	3604
1	13465078	140	4081
1	13576618	141	4664
1	13688180	142	3869
1	13799650	143	3975
1	13911129	144	3975
1	14022623	145	4081
1	14134289	146	3922
1	14245664	147	4293
1	14357148	148	3922
1	14468587	149	3869
1	14580071	150	3975
1	14691551	151	3604
1	14803063	152	4187
1	14914543	153	4081
1	15026214	154	4081
1	15137530	155	3869
1	15249179	156	4187
1	15360572	157	4452
1	15472084	158	4081
1	15583551	159	4399
1	15695141	160	4982
1	15806674	161	4664
1	15918099	162	4187
1	16029637	163	2915
1	16141083	164	4399
1	16252659	165	3922
1	16363954	166	4558
1	16475546	167	3710
1	16586964	168	3710
1	16698527	169	3869
1	16809953	170	4611
1	16921490	171	3498
1	17032849	172	3445
1	17144506	173	4134
1	17255962	174	3975
1	17367354	175	3710
1	17478936	176	4134
1	17590461	177	3816
1	17701849	178	3710
1	17813342	179	3604
1	17924973	180	3922
1	18036307	181	4240
1	18147890	182	4134
1	18259365	183	4240
1	18370912	184	3551
1	18482393	185	3922
1	18593852	186	4293
1	18705464	187	4187
1	18816806	188	4187
1	18928385	189	4028
1	19039847	190	4399
1	19151319	191	4293
1	19262882	192	4187
1	19374370	193	4134
1	19485827	194	4134
1	19597401	195	4293
1	19708831	196	3498
1	19820211	197	3816
1	19931778	198	4081
1	20043258	199	3657
1	20154725	200	4293
1	20266241	201	4081
1	20377829	202	3922
1	20489285	203	4505
1	20600700	204	3922
1	20712197	205	4028
1	20823718	206	4240
1	20935233	207	3551
1	21046634	208	3657
1	21158252	209	4187
1	21269805	210	3763
1	21381230	211	4187
1	21492616	212	3710
1	21604142	213	3498
1	21715678	214	3922
1	21827217	215	4187
1	21938637	216	2809
1	22050154	217	3127
1	22161512	218	3445
1	22273102	219	3286
1	22384587	220	4134
1	22496119	221	4346
1	22607470	222	3286
1	22719044	223	3498
1	22830500	224	3816
1	22941983	225	3922
1	23053460	226	3286
1	23164971	227	3498
1	23276473	228	3445
1	23387885	229	3657
1	23499347	230	3604
1	23610951	231	3498
1	23722391	232	3922
1	23833856	233	4134
1	23945406	234	4240
1	24056939	235	3763
1	24168261	236	4134
1	24279822	237	4293
1	24391411	238	3869
1	24502823	239	3816
1	24614247	240	3763
1	24725794	241	4187
1	24837264	242	3710
1	24948784	243	4346
1	25060363	244	4399
1	25171767	245	3922
1	25283215	246	3975
1	25394724	247	4399
1	25506219	248	3604
1	25617704	249	3869
1	25729245	250	3975
1	25840788	251	4028
1	25952233	252	4028
1	26063762	253	4028
1	26175258	254	4717
1	26286775	255	4611
1	26398224	256	4664
1	26509760	257	3922
1	26621246	258	3816
1	26732688	259	3710
1	26844300	260	3498
1	26955761	261	4399
1	27067128	262	4611
1	27178658	263	3657
1	27290187	264	3657
1	27401623	265	3922
1	27513178	266	4452
1	27624742	267	4505
1	27736142	268	4293
1	27847644	269	4505
1	27959197	270	3286
1	28070550	271	4452
1	28182136	272	3922
1	28293611	273	3922
1	28405066	274	3604
1	28516597	275	4293
1	28628018	276	4240
1	28739499	277	3551
1	28850993	278	4187
1	28962581	279	4134
1	29074052	280	3339
1	29185589	281	4028
1	29297096	282	3498
1	29408548	283	3392
1	29520012	284	4134
1	29631440	285	4346
1	29743045	286	3710
1	29854466	287	4929
1	29965949	288	2915
1	30077442	289	3498
1	30188926	290	3975
1	30300474	291	4240
1	30412008	292	4293
1	30523470	293	5883
1	30635035	294	4717
1	30746488	295	3922
1	30857943	296	3339
1	30969459	297	3816
1	31080783	298	3816
1	31192432	299	4081
1	31303963	300	4770
1	31415369	301	3127
1	31526896	302	4081
1	31638403	303	3922
1	31749909	304	3392
1	31861323	305	3710
1	31972814	306	4081
1	32084387	307	5300
1	32195808	308	3763
1	32307259	309	3021
1	32418803	310	3657
1	32530283	311	3604
1	32641890	312	3233
1	32753246	313	3922
1	32864754	314	3975
1	32976230	315	3657
1	33087806	316	3339
1	33199202	317	4505
1	33310842	318	4134
1	33422119	319	2915
1	33533630	320	3551
1	33645167	321	4346
1	33756729	322	3445
1	33868155	323	3922
1	33979579	324	3763
1	34091140	325	4399
1	34202549	326	4717
1	34314133	327	3922
1	34425560	328	3710
1	34537007	329	4558
1	34648606	330	3816
1	34760006	331	4452
1	34871600	332	4187
1	34983114	333	3869
1	35094416	334	4187
1	35206142	335	3392
1	35317470	336	3922
1	35429048	337	4028
1	35540607	338	4399
1	35652069	339	3127
1	35763472	340	3657
1	35874966	341	3657
1	35986618	342	3604
1	36097899	343	4240
1	36209537	344	3710
1	36320913	345	3763
1	36432529	346	3816
1	36543816	347	3551
1	36655433	348	4293
1	36766961	349	3763
1	36878442	350	4240
1	36989940	351	3604
1	37101497	352	4240
1	37212853	353	4399
1	37324468	354	3869
1	37435928	355	3551
1	37547397	356	4028
1	37658829	357	5300
1	37770447	358	5035
1	37881887	359	4346
1	37993416	360	3339
1	38104906	361	4028
1	38216367	362	4081
1	38327869	363	3657
1	38439325	364	4187
1	38550817	365	3445
1	38662293	366	4664
1	38773935	367	3922
1	38885417	368	3445
1	38996807	369	3498
1	39108306	370	3816
1	39219748	371	5035
1	39331294	372	2809
1	39442667	373	4081
1	39554230	374	3869
1	39665764	375	4664
1	39777305	376	4187
1	39888735	377	3922
1	40000201	378	4028
1	40111671	379	3763
1	40223245	380	4346
1	40334777	381	3763
1	40446134	382	3657
1	40557647	383	3445
1	40669078	384	3710
1	40780717	385	3180
1	40892025	386	4134
1	41003549	387	3286
1	41115112	388	3816
1	41226609	389	4134
1	41338005	390	3975
1	41449554	391	4664
1	41561054	392	3975
1	41672543	393	3975
1	41784089	394	4240
1	41895531	395	3657
1	42006977	396	3816
1	42118581	397	3445
1	42229914	398	3339
1	42341408	399	3710
1	42452890	400	3816
1	42564470	401	3392
1	42675908	402	4558
1	42787474	403	4505
1	42898969	404	4134
1	43010401	405	4081
1	43121946	406	4452
1	43233432	407	3445
1	43344968	408	3551
1	43456482	409	4081
1	43567933	410	4240
1	43679373	411	4028
1	43790857	412	3975
1	43902458	413	3869
1	44013822	414	4611
1	44125363	415	3975
1	44236786	416	3763
1	44348251	417	3816
1	44459835	418	3975
1	44571363	419	4240
1	44682744	420	4240
1	44794338	421	4240
1	44905894	422	3233
1	45017330	423	4717
1	45128811	424	3657
1	45240244	425	3816
1	45351753	426	3975
1	45463247	427	4346
1	45574706	428	4452
1	45686226	429	4081
1	45797800	430	4611
1	45909319	431	3657
1	46020801	432	4028
1	46132304	433	4346
1	46243777	434	4240
1	46355230	435	3763
1	46466772	436	4240
1	46578156	437	3657
1	46689669	438	4399
1	46801180	439	3604
1	46912780	440	2968
1	47024265	441	4293
1	47135600	442	3233
1	47247209	443	4028
1	47358592	444	4134
1	47470123	445	4028
1	47581561	446	3816
1	47693177	447	5247
1	47804559	448	5035
1	47916159	449	3392
1	48027709	450	4717
1	48139157	451	4134
1	48250631	452	4028
1	48362093	453	3551
1	48473630	454	3975
1	48585118	455	3816
1	48696672	456	3975
1	48808049	457	4346
1	48919602	458	4134
1	49031115	459	4770
1	49142640	460	4399
1	49254089	461	3763
1	49365472	462	3975
1	49477101	463	3922
1	49588515	464	3816
1	49699865	465	3445
1	49811627	466	5300
1	49923075	467	4929
1	50034621	468	3604
1	50146035	469	3975
1	50257484	470	3763
1	50369024	471	3869
1	50480536	472	4346
1	50592077	473	4081
1	50703540	474	3869
1	50814919	475	4187
1	50926539	476	4187
1	51037899	477	4293
1	51149489	478	3657
1	51261001	479	4187
1	51372524	480	3286
1	51483886	481	4558
1	51595486	482	3816
1	51706935	483	4293
1	51818446	484	4452
1	51929931	485	3816
1	52041444	486	4346
1	52152958	487	4399
1	52264316	488	3339
1	52375893	489	4240
1	52487426	490	4081
1	52598868	491	4452
1	52710349	492	3922
1	52821896	493	3763
1	52933455	494	3763
1	53044816	495	4717
1	53156433	496	3975
1	53267982	497	4929
1	53379519	498	4081
1	53490789	499	4505
1	53602340	500	3498
1	53713897	501	4187
1	53825337	502	4293
1	53936925	503	3816
1	54048310	504	4399
1	54159745	505	3180
1	54271279	506	4346
1	54382757	507	3339
1	54494238	508	4505
1	54605871	509	4399
1	54717274	510	3869
1	54828755	511	3763
1	54940335	512	4346
1	55051820	513	4823
1	55163147	514	3869
1	55274684	515	4240
1	55386289	516	3551
1	55497801	517	4134
1	55609287	518	4187
1	55720711	519	4081
1	55832195	520	3710
1	55943716	521	4770
1	56055184	522	3339
1	56166685	523	4399
1	56278186	524	3922
1	56389678	525	3710
1	56501107	526	3551
1	56612671	527	3816
1	56724144	528	4187
1	56835619	529	3922
1	56947098	530	4664
1	57058554	531	4293
1	57170161	532	4028
1	57281663	533	4611
1	57392980	534	4240
1	57504569	535	3657
1	57616116	536	4293
1	57727550	537	4081
1	57838978	538	3869
1	57950514	539	3604
1	58062025	540	3339
1	58173589	541	4452
1	58285000	542	3445
1	58396467	543	3922
1	58508041	544	3816
1	58619439	545	3498
1	58730944	546	3498
1	58842444	547	3657
1	58954040	548	4770
1	59065488	549	4081
1	59176960	550	3657
1	59288430	551	4664
1	59399869	552	3604
1	59511468	553	3922
1	59622950	554	3233
1	59734476	555	3710
1	59845943	556	4346
1	59957477	557	5353
1	60068953	558	4929
1	60180397	559	3816
1	60291881	560	4187
1	60403388	561	4081
1	60514906	562	4558
1	60626492	563	3392
1	60737857	564	3816
1	60849442	565	4240
1	60960837	566	4611
1	61072393	567	4558
1	61183859	568	4028
1	61295416	569	3975
1	61406790	570	3286
1	61518322	571	4823
1	61629837	572	3657
1	61741354	573	3975
1	61852892	574	4081
1	61964422	575	4876
1	62075915	576	3816
1	62187360	577	3445
1	62298755	578	3710
1	62410405	579	4717
1	62521876	580	3498
1	62633287	581	2915
1	62744709	582	3286
1	62856237	583	5247
1	62967857	584	3551
1	63079234	585	4134
1	63190736	586	4770
1	63302157	587	3657
1	63413785	588	4982
1	63525235	589	4081
1	63636703	590	3869
1	63748212	591	4346
1	63859718	592	3816
1	63971172	593	4664
1	64082662	594	3604
1	64194118	595	3710
1	64305669	596	3763
1	64417197	597	5247
1	64528738	598	4187
1	64640235	599	3498
1	64751660	600	4187
1	64863134	601	3392
1	64974572	602	3498
1	65086212	603	3763
1	65197517	604	3551
1	65309020	605	3763
1	65420593	606	3604
1	65532059	607	3763
1	65643537	608	4770
1	65754985	609	4028
1	65866540	610	3816
1	65977931	611	3922
1	66089631	612	3869
1	66200960	613	4293
1	66312490	614	4240
1	66423999	615	3816
1	66535498	616	4187
1	66647016	617	4452
1	66758340	618	4664
1	66869974	619	3286
1	66981561	620	3551
1	67092858	621	4664
1	67204331	622	3551
1	67315893	623	3975
1	67427355	624	3869
1	67538986	625	4770
1	67650312	626	4240
1	67761976	627	4664
1	67873523	628	4399
1	67984927	629	5035
1	68096529	630	5141
1	68207978	631	4134
1	68319528	632	3975
1	68431053	633	5194
1	68542419	634	3498
1	68653915	635	3657
1	68765406	636	3869
1	68876954	637	4717
1	68988434	638	3975
1	69099847	639	4081
1	69211488	640	4081
1	69322925	641	3604
1	69434365	642	4770
1	69545903	643	3922
1	69657511	644	3922
1	69768834	645	3551
1	69880350	646	4452
1	69991823	647	3816
1	70103385	648	4187
1	70214815	649	3710
1	70326441	650	3763
1	70437836	651	4187
1	70549384	652	4240
1	70660743	653	3286
1	70772450	654	3816
1	70883853	655	4028
1	70995302	656	4187
1	71106776	657	3021
1	71218408	658	4346
1	71329769	659	3604
1	71441262	660	4187
1	71552867	661	3922
1	71664099	662	3604
1	71775695	663	3869
1	71887230	664	4081
1	71998740	665	4293
1	72110237	666	4081
1	72221737	667	3922
1	72333192	668	4876
1	72444642	669	4028
1	72556131	670	3445
1	72667689	671	3392
1	72779098	672	2968
1	72890718	673	4293
1	73002104	674	3975
1	73113561	675	4134
1	73225199	676	4664
1	73336536	677	3816
1	73448066	678	3498
1	73559616	679	4240
1	73671155	680	3869
1	73782570	681	4346
1	73894066	682	4558
1	74005528	683	4399
1	74117098	684	3180
1	74228560	685	3339
1	74340063	686	4346
1	74451533	687	4558
1	74563024	688	3286
1	74674504	689	3445
1	74785992	690	3498
1	74897507	691	4028
1	75008978	692	3710
1	75120422	693	4929
1	75232008	694	4134
1	75343439	695	4664
1	75454985	696	4823
1	75566381	697	3763
1	75677939	698	4187
1	75789464	699	3710
1	75900914	700	3975
1	76012502	701	4187
1	76123825	702	3922
1	76235425	703	3816
1	76346854	704	3286
1	76458348	705	3551
1	76569880	706	3657
1	76681267	707	3869
1	76792890	708	4187
1	76904355	709	3180
1	77015923	710	4558
1	77127332	711	4558
1	77238828	712	3498
1	77350232	713	4081
1	77461687	714	4399
1	77573326	715	3710
1	77684876	716	4929
1	77796376	717	3233
1	77907761	718	3869
1	78019272	719	3710
1	78130636	720	4134
1	78242303	721	3657
1	78353797	722	3975
1	78465220	723	3816
1	78576742	724	3869
1	78688148	725	3498
1	78799758	726	3551
1	78911157	727	2862
1	79022679	728	4240
1	79134131	729	3498
1	79245659	730	4293
1	79357101	731	4134
1	79468466	732	3922
1	79580077	733	4346
1	79691629	734	4770
1	79803015	735	2915
1	79914645	736	4081
1	80025932	737	4081
1	80137565	738	4823
1	80249119	739	3604
1	80360473	740	4240
1	80472061	741	4982
1	80583513	742	3604
1	80695064	743	3763
1	80806528	744	4558
1	80918049	745	4505
1	81029683	746	4558
1	81141096	747	4028
1	81252590	748	3021
1	81363989	749	3975
1	81475527	750	3127
1	81586971	751	4240
1	81698399	752	4399
1	81810039	753	4187
1	81921429	754	4187
1	82032915	755	4505
1	82144505	756	3233
1	82255877	757	3551
1	82367413	758	3763
1	82478957	759	3180
1	82590425	760	3922
1	82701890	761	4558
1	82813447	762	4240
1	82924854	763	3180
1	83036342	764	3922
1	83147886	765	4187
1	83259378	766	4293
1	83370774	767	4823
1	83482298	768	4982
1	83593922	769	3392
1	83705308	770	3551
1	83816836	771	3763
1	83928354	772	4187
1	84039805	773	3180
1	84151246	774	4611
1	84262793	775	3922
1	84374250	776	3922
1	84485814	777	3445
1	84597255	778	4240
1	84708737	779	3286
1	84820172	780	4134
1	84931765	781	4452
1	85043232	782	4028
1	85154650	783	4028
1	85266233	784	3445
1	85377758	785	3975
1	85489260	786	4399
1	85600679	787	4929
1	85712168	788	4346
1	85823651	789	4664
1	85935136	790	4028
1	86046657	791	4081
1	86158164	792	3763
1	86269812	793	4240
1	86381196	794	4399
1	86492597	795	4028
1	86604230	796	3922
1	86715659	797	4399
1	86827100	798	4240
1	86938602	799	4240
1	87050210	800	3127
1	87161665	801	4399
1	87273180	802	3922
1	87384533	803	4134
1	87496119	804	3710
1	87607714	805	4293
1	87719129	806	3816
1	87830574	807	3392
1	87942100	808	4558
1	88053584	809	4717
1	88165062	810	3922
1	88276549	811	3922
1	88388051	812	2968
1	88499562	813	4982
1	88610999	814	3286
1	88722490	815	4187
1	88834092	816	4028
1	88945511	817	3816
1	89056933	818	3604
1	89168530	819	4399
1	89279964	820	4346
1	89391505	821	3604
1	89502926	822	3922
1	89614533	823	4823
1	89725970	824	4028
1	89837426	825	2968
1	89948975	826	4452
1	90060437	827	4823
1	90171869	828	3392
1	90283388	829	4081
1	90394902	830	4399
1	90506495	831	3498
1	90617862	832	3551
1	90729315	833	4505
1	90840972	834	3339
1	90952489	835	3975
1	91063888	836	4028
1	91175206	837	4028
1	91286824	838	3657
1	91398308	839	3551
1	91509798	840	4611
1	91621330	841	3763
1	91732803	842	4293
1	91844298	843	3498
1	91955892	844	4399
1	92067287	845	4028
1	92178751	846	4134
1	92290366	847	3445
1	92401836	848	3710
1	92513320	849	4717
1	92624722	850	3710
1	92736133	851	3763
1	92847671	852	3763
1	92959184	853	4028
1	93070588	854	3763
1	93182082	855	3445
1	93293633	856	3021
1	93405217	857	5141
1	93516634	858	4134
1	93628191	859	3233
1	93739633	860	4240
1	93851215	861	4611
1	93962601	862	3922
1	94074119	863	3498
1	94185586	864	2915
1	94297066	865	4346
1	94408651	866	3922
1	94519998	867	3233
1	94631500	868	4028
1	94743068	869	4611
1	94854417	870	2703
1	94965980	871	3021
1	95077451	872	4240
1	95188984	873	3922
1	95300454	874	4823
1	95411965	875	4558
1	95523466	876	4664
1	95634858	877	4770
1	95746377	878	3975
1	95858014	879	3498
1	95969478	880	3604
1	96080899	881	3710
1	96192532	882	3551
1	96303961	883	4134
1	96415387	884	4558
1	96526867	885	4028
1	96638409	886	3657
1	96750026	887	3975
1	96861535	888	3763
1	96972894	889	3127
1	97084304	890	4134
1	97195883	891	4293
1	97307521	892	3657
1	97418745	893	3763
1	97530323	894	4293
1	97641776	895	4346
1	97753274	896	4081
1	97864888	897	3869
1	97976382	898	4611
1	98087729	899	3869
1	98199473	900	4664
1	98310821	901	4187
1	98422256	902	3710
1	98533765	903	4134
1	98645401	904	4081
1	98756786	905	4134
1	98868299	906	3763
1	98979835	907	4187
1	99091284	908	3975
1	99202817	909	3551
1	99314203	910	3498
1	99425645	911	4293
1	99537113	912	3551
1	99648751	913	3498
1	99760170	914	4028
1	99871659	915	4452
1	99983250	916	2544
1	100094644	917	4134
1	100206160	918	3551
1	100317705	919	4558
1	100429011	920	3922
1	100540661	921	4081
1	100652147	922	3975
1	100763582	923	3710
1	100875087	924	4346
1	100986629	925	3975
1	101098099	926	3869
1	101209546	927	4346
1	101321001	928	4558
1	101432652	929	3551
1	101543972	930	3922
1	101655462	931	4823
1	101767032	932	4134
1	101878557	933	3975
1	101990030	934	4611
1	102101496	935	3763
1	102213003	936	4346
1	102324586	937	3922
1	102436066	938	4028
1	102547442	939	4770
1	102659045	940	4134
1	102770391	941	3657
1	102881965	942	3498
1	102993481	943	4028
1	103104976	944	3498
1	103216402	945	4187
1	103328090	946	3975
1	103439436	947	3339
1	103550887	948	4028
1	103662405	949	4187
1	103773888	950	4558
1	103885380	951	4558
1	103996896	952	4399
1	104108495	953	4558
1	104219840	954	4187
1	104331420	955	4134
1	104442994	956	4452
1	104554400	957	4346
1	104665950	958	3975
1	104777472	959	3604
1	104888950	960	3975
1	105000288	961	3816
1	105111855	962	4611
1	105223540	963	3498
1	105334789	964	4293
1	105446308	965	3763
1	105557899	966	4081
1	105669316	967	3604
1	105780736	968	3233
1	105892296	969	3816
1	106003871	970	4187
1	106115227	971	3816
1	106226772	972	3975
1	106338288	973	3657
1	106449741	974	4293
1	106561248	975	3604
1	106672719	976	4505
1	106784090	977	3922
1	106895700	978	4187
1	107007114	979	4028
1	107118862	980	5035
1	107230214	981	4134
1	107341577	982	3657
1	107453173	983	3551
1	107564733	984	4187
1	107676280	985	3551
1	107787643	986	4081
1	107899128	987	2915
1	108010621	988	4611
1	108122158	989	3551
1	108233641	990	3975
1	108345052	991	4293
1	108456642	992	3445
1	108568159	993	4028
1	108679648	994	4717
1	108791107	995	4134
1	108902666	996	3657
1	109014120	997	3710
1	109125558	998	4346
1	109237052	999	3710
2	87257	20	3504
2	197699	21	10354
2	309259	22	10862
2	420702	23	10938
2	532279	24	10998
2	643810	25	10948
2	755306	26	11014
2	866749	27	10916
2	978220	28	11041
2	1089696	29	10884
2	1201204	30	11013
2	1312637	31	10929
2	1424160	32	10999
2	1535681	33	10991
2	1647203	34	10939
2	1758737	35	11015
2	1870072	36	10964
2	1981623	37	10928
2	2093107	38	10957
2	2204515	39	10933
2	2316072	40	10982
2	2427472	41	10933
2	2538891	42	10931
2	2650558	43	11088
2	2761930	44	10988
2	2873531	45	10947
2	2985040	46	10946
2	3096455	47	10981
2	3208092	48	11064
2	3319392	49	10852
2	3430973	50	11011
2	3542510	51	11044
2	3653878	52	10862
2	3765434	53	10981
2	3876961	54	10970
2	3988519	55	10930
2	4099974	56	10995
2	4211466	57	10930
2	4322917	58	11004
2	4434446	59	10933
2	4545878	60	10975
2	4657399	61	11009
2	4768881	62	10896
2	4880498	63	11027
2	4991903	64	11005
2	5103325	65	10968
2	5214860	66	10917
2	5326313	67	10909
2	5437763	68	11006
2	5549170	69	10934
2	5660799	70	11033
2	5772237	71	10916
2	5883777	72	10987
2	5995253	73	10967
2	6106769	74	10916
2	6218300	75	10984
2	6329816	76	10963
2	6441437	77	11009
2	6552747	78	10947
2	6664292	79	10943
2	6775779	80	10942
2	6887211	81	11011
2	6998810	82	10955
2	7110167	83	10973
2	7221815	84	10948
2	7333302	85	10998
2	7444788	86	10931
2	7556333	87	10970
2	7667675	88	10969
2	7779220	89	10968
2	7890748	90	10993
2	8002263	91	10991
2	8113728	92	10922
2	8225207	93	10964
2	8336739	94	10926
2	8448129	95	10994
2	8559584	96	11000
2	8671202	97	10903
2	8782704	98	11041
2	8894179	99	10908
2	9005602	100	10991
2	9117049	101	10958
2	9228560	102	10938
2	9340008	103	11028
2	9451453	104	10864
2	9563042	105	11049
2	9674572	106	10991
2	9786065	107	10876
2	9897462	108	11028
2	10009025	109	11006
2	10120368	110	11002
2	10232022	111	10897
2	10343468	112	11018
2	10454980	113	10977
2	10566341	114	10941
2	10677990	115	10947
2	10789373	116	11022
2	10900905	117	10962
2	11012427	118	10903
2	11123963	119	11028
2	11235354	120	11004
2	11346868	121	10908
2	11458332	122	10944
2	11569973	123	11066
2	11681334	124	10869
2	11792935	125	11026
2	11904343	126	10918
2	12015710	127	11016
2	12127341	128	10975
2	12238790	129	10910
2	12350214	130	11016
2	12461760	131	10943
2	12573257	132	10979
2	12684832	133	10943
2	12796342	134	11021
2	12907705	135	10969
2	13019310	136	10958
2	13130707	137	10942
2	13242113	138	10995
2	13353672	139	10965
2	13465078	140	10951
2	13576618	141	10933
2	13688180	142	11013
2	13799650	143	10914
2	13911129	144	10970
2	14022623	145	10931
2	14134289	146	11009
2	14245664	147	10939
2	14357148	148	10956
2	14468587	149	10975
2	14580071	150	11026
2	14691551	151	10927
2	14803063	152	10974
2	14914543	153	10930
2	15026214	154	11024
2	15137530	155	10978
2	15249179	156	10878
2	15360572	157	11002
2	15472084	158	10998
2	15583551	159	10901
2	15695141	160	11000
2	15806674	161	10959
2	15918099	162	10934
2	16029637	163	11001
2	16141083	164	10947
2	16252659	165	10999
2	16363954	166	10917
2	16475546	167	10948
2	16586964	168	11004
2	16698527	169	10940
2	16809953	170	10934
2	16921490	171	11002
2	17032849	172	11009
2	17144506	173	10934
2	17255962	174	11035
2	17367354	175	10937
2	17478936	176	10961
2	17590461	177	10954
2	17701849	178	10923
2	17813342	179	11023
2	17924973	180	10986
2	18036307	181	10929
2	18147890	182	11035
2	18259365	183	10863
2	18370912	184	11058
2	18482393	185	10930
2	18593852	186	11008
2	18705464	187	10876
2	18816806	188	10955
2	18928385	189	11035
2	19039847	190	10903
2	19151319	191	10936
2	19262882	192	11018
2	19374370	193	11009
2	19485827	194	10918
2	19597401	195	10977
2	19708831	196	10962
2	19820211	197	10956
2	19931778	198	10963
2	20043258	199	10969
2	20154725	200	10936
2	20266241	201	10960
2	20377829	202	10945
2	20489285	203	10997
2	20600700	204	10962
2	20712197	205	11012
2	20823718	206	10962
2	20935233	207	10955
2	21046634	208	10937
2	21158252	209	11060
2	21269805	210	10908
2	21381230	211	10892
2	21492616	212	11043
2	21604142	213	10965
2	21715678	214	10994
2	21827217	215	10905
2	21938637	216	11062
2	22050154	217	10908
2	22161512	218	10945
2	22273102	219	11042
2	22384587	220	10910
2	22496119	221	11032
2	22607470	222	10939
2	22719044	223	11022
2	22830500	224	10958
2	22941983	225	10963
2	23053460	226	10945
2	23164971	227	11056
2	23276473	228	10962
2	23387885	229	10860
2	23499347	230	11081
2	23610951	231	10947
2	23722391	232	11009
2	23833856	233	10868
2	23945406	234	11019
2	24056939	235	10958
2	24168261	236	10924
2	24279822	237	11044
2	24391411	238	10914
2	24502823	239	10948
2	24614247	240	11019
2	24725794	241	10977
2	24837264	242	10923
2	24948784	243	10977
2	25060363	244	10984
2	25171767	245	10935
2	25283215	246	10953
2	25394724	247	10949
2	25506219	248	10958
2	25617704	249	11063
2	25729245	250	10909
2	25840788	251	10934
2	25952233	252	10947
2	26063762	253	11028
2	26175258	254	10963
2	26286775	255	10947
2	26398224	256	10940
2	26509760	257	10908
2	26621246	258	11032
2	26732688	259	10953
2	26844300	260	11030
2	26955761	261	10892
2	27067128	262	10974
2	27178658	263	10962
2	27290187	264	10983
2	27401623	265	10995
2	27513178	266	11006
2	27624742	267	10858
2	27736142	268	10968
2	27847644	269	10987
2	27959197	270	10986
2	28070550	271	10925
2	28182136	272	10963
2	28293611	273	11040
2	28405066	274	10961
2	28516597	275	10937
2	28628018	276	10941
2	28739499	277	10956
2	28850993	278	10950
2	28962581	279	10990
2	29074052	280	10918
2	29185589	281	11000
2	29297096	282	10984
2	29408548	283	10916
2	29520012	284	11043
2	29631440	285	10934
2	29743045	286	11030
2	29854466	287	10933
2	29965949	288	11002
2	30077442	289	10935
2	30188926	290	11002
2	30300474	291	10961
2	30412008	292	10966
2	30523470	293	10898
2	30635035	294	10995
2	30746488	295	10942
2	30857943	296	10983
2	30969459	297	10897
2	31080783	298	11041
2	31192432	299	10930
2	31303963	300	10895
2	31415369	301	11040
2	31526896	302	10950
2	31638403	303	11002
2	31749909	304	11021
2	31861323	305	10937
2	31972814	306	10922
2	32084387	307	10972
2	32195808	308	10960
2	32307259	309	10908
2	32418803	310	11037
2	32530283	311	10925
2	32641890	312	11061
2	32753246	313	10979
2	32864754	314	10924
2	32976230	315	10931
2	33087806	316	11005
2	33199202	317	10970
2	33310842	318	10986
2	33422119	319	10995
2	33533630	320	10996
2	33645167	321	10924
2	33756729	322	10995
2	33868155	323	10985
2	33979579	324	10935
2	34091140	325	10993
2	34202549	326	10897
2	34314133	327	10901
2	34425560	328	11091
2	34537007	329	10955
2	34648606	330	10916
2	34760006	331	10959
2	34871600	332	10949
2	34983114	333	11001
2	35094416	334	10946
2	35206142	335	11030
2	35317470	336	10890
2	35429048	337	11000
2	35540607	338	11005
2	35652069	339	10942
2	35763472	340	10941
2	35874966	341	11007
2	35986618	342	10995
2	36097899	343	10886
2	36209537	344	11010
2	36320913	345	10971
2	36432529	346	10983
2	36543816	347	10914
2	36655433	348	11009
2	36766961	349	10954
2	36878442	350	10922
2	36989940	351	11050
2	37101497	352	10958
2	37212853	353	10938
2	37324468	354	10945
2	37435928	355	11028
2	37547397	356	10927
2	37658829	357	11020
2	37770447	358	10951
2	37881887	359	10899
2	37993416	360	11004
2	38104906	361	10923
2	38216367	362	10986
2	38327869	363	10926
2	38439325	364	10957
2	38550817	365	10985
2	38662293	366	10967
2	38773935	367	10963
2	38885417	368	10974
2	38996807	369	10966
2	39108306	370	10977
2	39219748	371	10951
2	39331294	372	10987
2	39442667	373	10962
2	39554230	374	10887
2	39665764	375	11074
2	39777305	376	10971
2	39888735	377	10939
2	40000201	378	10947
2	40111671	379	11033
2	40223245	380	10957
2	40334777	381	10908
2	40446134	382	10903
2	40557647	383	11045
2	40669078	384	10982
2	40780717	385	11017
2	40892025	386	10926
2	41003549	387	10973
2	41115112	388	10985
2	41226609	389	10995
2	41338005	390	10909
2	41449554	391	10945
2	41561054	392	11001
2	41672543	393	10987
2	41784089	394	10909
2	41895531	395	11029
2	42006977	396	10940
2	42118581	397	11016
2	42229914	398	10991
2	42341408	399	10877
2	42452890	400	11001
2	42564470	401	11020
2	42675908	402	10915
2	42787474	403	10934
2	42898969	404	10979
2	43010401	405	10966
2	43121946	406	10964
2	43233432	407	11015
2	43344968	408	10928
2	43456482	409	11025
2	43567933	410	10897
2	43679373	411	10970
2	43790857	412	10992
2	43902458	413	10957
2	44013822	414	10995
2	44125363	415	10917
2	44236786	416	10979
2	44348251	417	10915
2	44459835	418	11018
2	44571363	419	10937
2	44682744	420	11005
2	44794338	421	10936
2	44905894	422	11050
2	45017330	423	10974
2	45128811	424	10887
2	45240244	425	10948
2	45351753	426	10961
2	45463247	427	10961
2	45574706	428	10928
2	45686226	429	11040
2	45797800	430	10890
2	45909319	431	11021
2	46020801	432	10892
2	46132304	433	11057
2	46243777	434	10965
2	46355230	435	10870
2	46466772	436	11063
2	46578156	437	10928
2	46689669	438	10969
2	46801180	439	11028
2	46912780	440	10910
2	47024265	441	11006
2	47135600	442	10970
2	47247209	443	10928
2	47358592	444	10958
2	47470123	445	10945
2	47581561	446	11012
2	47693177	447	10971
2	47804559	448	10923
2	47916159	449	10991
2	48027709	450	10900
2	48139157	451	10995
2	48250631	452	10958
2	48362093	453	10981
2	48473630	454	10963
2	48585118	455	10938
2	48696672	456	11039
2	48808049	457	10949
2	48919602	458	10990
2	49031115	459	10918
2	49142640	460	10957
2	49254089	461	10962
2	49365472	462	10958
2	49477101	463	10967
2	49588515	464	10955
2	49699865	465	10973
2	49811627	466	10972
2	49923075	467	10945
2	50034621	468	10951
2	50146035	469	10942
2	50257484	470	11004
2	50369024	471	10975
2	50480536	472	10871
2	50592077	473	10993
2	50703540	474	11037
2	50814919	475	10914
2	50926539	476	10944
2	51037899	477	11074
2	51149489	478	10835
2	51261001	479	11067
2	51372524	480	10953
2	51483886	481	10964
2	51595486	482	11018
2	51706935	483	10838
2	51818446	484	11025
2	51929931	485	10974
2	52041444	486	10933
2	52152958	487	11049
2	52264316	488	10930
2	52375893	489	10911
2	52487426	490	11000
2	52598868	491	10915
2	52710349	492	11022
2	52821896	493	10914
2	52933455	494	11047
2	53044816	495	10938
2	53156433	496	10985
2	53267982	497	10982
2	53379519	498	10888
2	53490789	499	10927
2	53602340	500	11038
2	53713897	501	10934
2	53825337	502	10961
2	53936925	503	10943
2	54048310	504	11019
2	54159745	505	10927
2	54271279	506	10988
2	54382757	507	11019
2	54494238	508	10866
2	54605871	509	11024
2	54717274	510	10929
2	54828755	511	11043
2	54940335	512	10906
2	55051820	513	10979
2	55163147	514	10894
2	55274684	515	11003
2	55386289	516	11000
2	55497801	517	10940
2	55609287	518	10952
2	55720711	519	10983
2	55832195	520	10929
2	55943716	521	10950
2	56055184	522	11005
2	56166685	523	10909
2	56278186	524	11069
2	56389678	525	10984
2	56501107	526	10915
2	56612671	527	10937
2	56724144	528	10928
2	56835619	529	11082
2	56947098	530	10899
2	57058554	531	10993
2	57170161	532	10917
2	57281663	533	10987
2	57392980	534	10886
2	57504569	535	10953
2	57616116	536	11032
2	57727550	537	10982
2	57838978	538	10892
2	57950514	539	11064
2	58062025	540	10944
2	58173589	541	10924
2	58285000	542	11027
2	58396467	543	10970
2	58508041	544	10935
2	58619439	545	11034
2	58730944	546	10941
2	58842444	547	10934
2	58954040	548	10971
2	59065488	549	10965
2	59176960	550	10990
2	59288430	551	10995
2	59399869	552	10971
2	59511468	553	10994
2	59622950	554	10935
2	59734476	555	10941
2	59845943	556	11006
2	59957477	557	10937
2	60068953	558	10877
2	60180397	559	11008
2	60291881	560	10951
2	60403388	561	10975
2	60514906	562	10940
2	60626492	563	10960
2	60737857	564	10958
2	60849442	565	10984
2	60960837	566	10968
2	61072393	567	10926
2	61183859	568	10995
2	61295416	569	10944
2	61406790	570	11000
2	61518322	571	10947
2	61629837	572	10914
2	61741354	573	11079
2	61852892	574	10881
2	61964422	575	10959
2	62075915	576	11037
2	62187360	577	10953
2	62298755	578	10974
2	62410405	579	10910
2	62521876	580	11041
2	62633287	581	10970
2	62744709	582	10889
2	62856237	583	10969
2	62967857	584	11031
2	63079234	585	10961
2	63190736	586	10920
2	63302157	587	10933
2	63413785	588	11028
2	63525235	589	10975
2	63636703	590	10928
2	63748212	591	10904
2	63859718	592	11078
2	63971172	593	10888
2	64082662	594	10986
2	64194118	595	10954
2	64305669	596	11049
2	64417197	597	10903
2	64528738	598	10980
2	64640235	599	10989
2	64751660	600	10890
2	64863134	601	11023
2	64974572	602	10964
2	65086212	603	10965
2	65197517	604	10943
2	65309020	605	10953
2	65420593	606	11035
2	65532059	607	10998
2	65643537	608	10894
2	65754985	609	10920
2	65866540	610	11002
2	65977931	611	10894
2	66089631	612	11043
2	66200960	613	10925
2	66312490	614	11058
2	66423999	615	10892
2	66535498	616	10968
2	66647016	617	11019
2	66758340	618	10891
2	66869974	619	11007
2	66981561	620	10992
2	67092858	621	10900
2	67204331	622	10982
2	67315893	623	11014
2	67427355	624	10873
2	67538986	625	11070
2	67650312	626	10896
2	67761976	627	10965
2	67873523	628	10980
2	67984927	629	10989
2	68096529	630	10988
2	68207978	631	10805
2	68319528	632	11017
2	68431053	633	10957
2	68542419	634	10984
2	68653915	635	10915
2	68765406	636	11003
2	68876954	637	10934
2	68988434	638	10952
2	69099847	639	11021
2	69211488	640	10988
2	69322925	641	10920
2	69434365	642	10931
2	69545903	643	10962
2	69657511	644	11010
2	69768834	645	10964
2	69880350	646	11011
2	69991823	647	10884
2	70103385	648	11007
2	70214815	649	10971
2	70326441	650	10984
2	70437836	651	10907
2	70549384	652	10961
2	70660743	653	10995
2	70772450	654	11003
2	70883853	655	10938
2	70995302	656	10953
2	71106776	657	11011
2	71218408	658	10973
2	71329769	659	10963
2	71441262	660	10959
2	71552867	661	11003
2	71664099	662	10936
2	71775695	663	10967
2	71887230	664	10944
2	71998740	665	10982
2	72110237	666	10934
2	72221737	667	10994
2	72333192	668	10998
2	72444642	669	10903
2	72556131	670	11005
2	72667689	671	10961
2	72779098	672	10959
2	72890718	673	10976
2	73002104	674	10935
2	73113561	675	10995
2	73225199	676	10991
2	73336536	677	10900
2	73448066	678	11018
2	73559616	679	10926
2	73671155	680	11022
2	73782570	681	10893
2	73894066	682	10986
2	74005528	683	10934
2	74117098	684	11050
2	74228560	685	10933
2	74340063	686	11001
2	74451533	687	10943
2	74563024	688	10961
2	74674504	689	10961
2	74785992	690	11009
2	74897507	691	10892
2	75008978	692	11036
2	75120422	693	10936
2	75232008	694	10947
2	75343439	695	10947
2	75454985	696	10954
2	75566381	697	10996
2	75677939	698	10919
2	75789464	699	11014
2	75900914	700	10940
2	76012502	701	11015
2	76123825	702	10961
2	76235425	703	10930
2	76346854	704	10979
2	76458348	705	10958
2	76569880	706	11022
2	76681267	707	10925
2	76792890	708	10943
2	76904355	709	11050
2	77015923	710	10933
2	77127332	711	10950
2	77238828	712	10977
2	77350232	713	10980
2	77461687	714	10946
2	77573326	715	10960
2	77684876	716	11047
2	77796376	717	10868
2	77907761	718	10989
2	78019272	719	10933
2	78130636	720	11043
2	78242303	721	10884
2	78353797	722	11073
2	78465220	723	10891
2	78576742	724	10957
2	78688148	725	10993
2	78799758	726	11004
2	78911157	727	10987
2	79022679	728	10955
2	79134131	729	11036
2	79245659	730	10885
2	79357101	731	10963
2	79468466	732	10949
2	79580077	733	11024
2	79691629	734	10895
2	79803015	735	10979
2	79914645	736	10987
2	80025932	737	10983
2	80137565	738	11005
2	80249119	739	10922
2	80360473	740	11018
2	80472061	741	10873
2	80583513	742	10931
2	80695064	743	11013
2	80806528	744	10949
2	80918049	745	10892
2	81029683	746	11041
2	81141096	747	10925
2	81252590	748	11021
2	81363989	749	10940
2	81475527	750	10975
2	81586971	751	11023
2	81698399	752	10884
2	81810039	753	11016
2	81921429	754	10942
2	82032915	755	11009
2	82144505	756	10931
2	82255877	757	10993
2	82367413	758	10917
2	82478957	759	11037
2	82590425	760	10969
2	82701890	761	10928
2	82813447	762	10970
2	82924854	763	10961
2	83036342	764	10968
2	83147886	765	10992
2	83259378	766	10990
2	83370774	767	10916
2	83482298	768	10910
2	83593922	769	11059
2	83705308	770	10911
2	83816836	771	10951
2	83928354	772	11000
2	84039805	773	10996
2	84151246	774	10906
2	84262793	775	10962
2	84374250	776	11020
2	84485814	777	10954
2	84597255	778	10954
2	84708737	779	10899
2	84820172	780	11116
2	84931765	781	10904
2	85043232	782	10941
2	85154650	783	11016
2	85266233	784	10962
2	85377758	785	10919
2	85489260	786	10944
2	85600679	787	10994
2	85712168	788	10952
2	85823651	789	10909
2	85935136	790	11009
2	86046657	791	10974
2	86158164	792	10957
2	86269812	793	10987
2	86381196	794	10943
2	86492597	795	10937
2	86604230	796	10984
2	86715659	797	10976
2	86827100	798	10903
2	86938602	799	11007
2	87050210	800	11023
2	87161665	801	10919
2	87273180	802	10946
2	87384533	803	10905
2	87496119	804	11097
2	87607714	805	10941
2	87719129	806	10897
2	87830574	807	11004
2	87942100	808	10938
2	88053584	809	10981
2	88165062	810	11019
2	88276549	811	10929
2	88388051	812	10963
2	88499562	813	10905
2	88610999	814	10988
2	88722490	815	11031
2	88834092	816	11003
2	88945511	817	10889
2	89056933	818	11019
2	89168530	819	10966
2	89279964	820	10943
2	89391505	821	10915
2	89502926	822	10971
2	89614533	823	11025
2	89725970	824	10920
2	89837426	825	10924
2	89948975	826	10981
2	90060437	827	10937
2	90171869	828	11014
2	90283388	829	10957
2	90394902	830	10969
2	90506495	831	11003
2	90617862	832	10977
2	90729315	833	10892
2	90840972	834	11008
2	90952489	835	11001
2	91063888	836	10973
2	91175206	837	10912
2	91286824	838	11008
2	91398308	839	11008
2	91509798	840	10905
2	91621330	841	10974
2	91732803	842	10938
2	91844298	843	10984
2	91955892	844	10984
2	92067287	845	10893
2	92178751	846	11069
2	92290366	847	10936
2	92401836	848	11004
2	92513320	849	10923
2	92624722	850	10973
2	92736133	851	10895
2	92847671	852	11043
2	92959184	853	10918
2	93070588	854	11037
2	93182082	855	10946
2	93293633	856	10931
2	93405217	857	10995
2	93516634	858	10939
2	93628191	859	11024
2	93739633	860	10921
2	93851215	861	10963
2	93962601	862	10946
2	94074119	863	11037
2	94185586	864	10967
2	94297066	865	10903
2	94408651	866	11066
2	94519998	867	10898
2	94631500	868	11004
2	94743068	869	10936
2	94854417	870	11022
2	94965980	871	10940
2	95077451	872	11021
2	95188984	873	10910
2	95300454	874	10955
2	95411965	875	10978
2	95523466	876	10981
2	95634858	877	10928
2	95746377	878	10907
2	95858014	879	11100
2	95969478	880	10910
2	96080899	881	10972
2	96192532	882	10975
2	96303961	883	10987
2	96415387	884	10928
2	96526867	885	10957
2	96638409	886	10925
2	96750026	887	10998
2	96861535	888	10997
2	96972894	889	11051
2	97084304	890	10860
2	97195883	891	11056
2	97307521	892	11015
2	97418745	893	10812
2	97530323	894	11030
2	97641776	895	10936
2	97753274	896	10928
2	97864888	897	10955
2	97976382	898	10976
2	98087729	899	10932
2	98199473	900	11051
2	98310821	901	10879
2	98422256	902	11000
2	98533765	903	10982
2	98645401	904	11017
2	98756786	905	10894
2	98868299	906	10999
2	98979835	907	10949
2	99091284	908	10953
2	99202817	909	11015
2	99314203	910	10943
2	99425645	911	10978
2	99537113	912	10939
2	99648751	913	10928
2	99760170	914	11028
2	99871659	915	10933
2	99983250	916	11038
2	100094644	917	10912
2	100206160	918	11038
2	100317705	919	10931
2	100429011	920	10970
2	100540661	921	10952
2	100652147	922	10933
2	100763582	923	11015
2	100875087	924	10950
2	100986629	925	11024
2	101098099	926	10962
2	101209546	927	10903
2	101321001	928	10988
2	101432652	929	11006
2	101543972	930	10907
2	101655462	931	10956
2	101767032	932	10988
2	101878557	933	10900
2	101990030	934	11087
2	102101496	935	10888
2	102213003	936	10927
2	102324586	937	11016
2	102436066	938	11012
2	102547442	939	10875
2	102659045	940	10945
2	102770391	941	11008
2	102881965	942	11001
2	102993481	943	10855
2	103104976	944	11078
2	103216402	945	10954
2	103328090	946	10992
2	103439436	947	10960
2	103550887	948	10950
2	103662405	949	10991
2	103773888	950	10908
2	103885380	951	10954
2	103996896	952	10993
2	104108495	953	10944
2	104219840	954	10927
2	104331420	955	11010
2	104442994	956	10972
2	104554400	957	10905
2	104665950	958	11004
2	104777472	959	10979
2	104888950	960	10962
2	105000288	961	10946
2	105111855	962	10985
2	105223540	963	10947
2	105334789	964	10936
2	105446308	965	10967
2	105557899	966	10981
2	105669316	967	11038
2	105780736	968	10880
2	105892296	969	11060
2	106003871	970	10886
2	106115227	971	10938
2	106226772	972	11039
2	106338288	973	10936
2	106449741	974	10970
2	106561248	975	11017
2	106672719	976	10948
2	106784090	977	10950
2	106895700	978	10968
2	107007114	979	10894
2	107118862	980	11026
2	107230214	981	10911
2	107341577	982	10999
2	107453173	983	10974
2	107564733	984	10973
2	107676280	985	11031
2	107787643	986	10922
2	107899128	987	10985
2	108010621	988	10884
2	108122158	989	11051
2	108233641	990	11023
2	108345052	991	10813
2	108456642	992	11073
2	108568159	993	10947
2	108679648	994	10960
2	108791107	995	10967
2	108902666	996	10968
2	109014120	997	10920
2	109125558	998	11039
2	109237052	999	10949
3	87257	20	0
3	197699	21	0
3	309259	22	0
3	420702	23	0
3	532279	24	0
3	643810	25	0
3	755306	26	0
3	866749	27	0
3	978220	28	0
3	1089696	29	0
3	1201204	30	0
3	1312637	31	0
3	1424160	32	0
3	1535681	33	0
3	1647203	34	0
3	1758737	35	0
3	1870072	36	0
3	1981623	37	0
3	2093107	38	0
3	2204515	39	0
3	2316072	40	0
3	2427472	41	0
3	2538891	42	0
3	2650558	43	0
3	2761930	44	0
3	2873531	45	0
3	2985040	46	0
3	3096455	47	0
3	3208092	48	0
3	3319392	49	0
3	3430973	50	0
3	3542510	51	0
3	3653878	52	0
3	3765434	53	0
3	3876961	54	0
3	3988519	55	0
3	4099974	56	0
3	4211466	57	0
3	4322917	58	0
3	4434446	59	0
3	4545878	60	0
3	4657399	61	0
3	4768881	62	0
3	4880498	63	0
3	4991903	64	0
3	5103325	65	0
3	5214860	66	0
3	5326313	67	0
3	5437763	68	0
3	5549170	69	0
3	5660799	70	0
3	5772237	71	0
3	5883777	72	0
3	5995253	73	0
3	6106769	74	0
3	6218300	75	0
3	6329816	76	0
3	6441437	77	0
3	6552747	78	0
3	6664292	79	0
3	6775779	80	0
3	6887211	81	0
3	6998810	82	0
3	7110167	83	0
3	7221815	84	0
3	7333302	85	0
3	7444788	86	0
3	7556333	87	0
3	7667675	88	0
3	7779220	89	0
3	7890748	90	0
3	8002263	91	0
3	8113728	92	0
3	8225207	93	0
3	8336739	94	0
3	8448129	95	0
3	8559584	96	0
3	8671202	97	0
3	8782704	98	0
3	8894179	99	0
3	9005602	100	0
3	9117049	101	0
3	9228560	102	0
3	9340008	103	0
3	9451453	104	0
3	9563042	105	0
3	9674572	106	0
3	9786065	107	0
3	9897462	108	0
3	10009025	109	0
3	10120368	110	0
3	10232022	111	0
3	10343468	112	0
3	10454980	113	0
3	10566341	114	0
3	10677990	115	0
3	10789373	116	0
3	10900905	117	0
3	11012427	118	0
3	11123963	119	0
3	11235354	120	0
3	11346868	121	0
3	11458332	122	0
3	11569973	123	0
3	11681334	124	0
3	11792935	125	0
3	11904343	126	0
3	12015710	127	0
3	12127341	128	0
3	12238790	129	0
3	12350214	130	0
3	12461760	131	0
3	12573257	132	0
3	12684832	133	0
3	12796342	134	0
3	12907705	135	0
3	13019310	136	0
3	13130707	137	0
3	13242113	138	0
3	13353672	139	0
3	13465078	140	0
3	13576618	141	0
3	13688180	142	0
3	13799650	143	0
3	13911129	144	0
3	14022623	145	0
3	14134289	146	0
3	14245664	147	0
3	14357148	148	0
3	14468587	149	0
3	14580071	150	0
3	14691551	151	0
3	14803063	152	0
3	14914543	153	0
3	15026214	154	0
3	15137530	155	0
3	15249179	156	0
3	15360572	157	0
3	15472084	158	0
3	15583551	159	0
3	15695141	160	0
3	15806674	161	0
3	15918099	162	0
3	16029637	163	0
3	16141083	164	0
3	16252659	165	0
3	16363954	166	0
3	16475546	167	0
3	16586964	168	0
3	16698527	169	0
3	16809953	170	0
3	16921490	171	0
3	17032849	172	0
3	17144506	173	0
3	17255962	174	0
3	17367354	175	0
3	17478936	176	0
3	17590461	177	0
3	17701849	178	0
3	17813342	179	0
3	17924973	180	0
3	18036307	181	0
3	18147890	182	0
3	18259365	183	0
3	18370912	184	0
3	18482393	185	0
3	18593852	186	0
3	18705464	187	0
3	18816806	188	0
3	18928385	189	0
3	19039847	190	0
3	19151319	191	0
3	19262882	192	0
3	19374370	193	0
3	19485827	194	0
3	19597401	195	0
3	19708831	196	0
3	19820211	197	0
3	19931778	198	0
3	20043258	199	0
3	20154725	200	0
3	20266241	201	0
3	20377829	202	0
3	20489285	203	0
3	20600700	204	0
3	20712197	205	0
3	20823718	206	0
3	20935233	207	0
3	21046634	208	0
3	21158252	209	0
3	21269805	210	0
3	21381230	211	0
3	21492616	212	0
3	21604142	213	0
3	21715678	214	0
3	21827217	215	0
3	21938637	216	0
3	22050154	217	0
3	22161512	218	0
3	22273102	219	0
3	22384587	220	0
3	22496119	221	0
3	22607470	222	0
3	22719044	223	0
3	22830500	224	0
3	22941983	225	0
3	23053460	226	0
3	23164971	227	0
3	23276473	228	0
3	23387885	229	0
3	23499347	230	0
3	23610951	231	0
3	23722391	232	0
3	23833856	233	0
3	23945406	234	0
3	24056939	235	0
3	24168261	236	0
3	24279822	237	0
3	24391411	238	0
3	24502823	239	0
3	24614247	240	0
3	24725794	241	0
3	24837264	242	0
3	24948784	243	0
3	25060363	244	0
3	25171767	245	0
3	25283215	246	0
3	25394724	247	0
3	25506219	248	0
3	25617704	249	0
3	25729245	250	0
3	25840788	251	0
3	25952233	252	0
3	26063762	253	0
3	26175258	254	0
3	26286775	255	0
3	26398224	256	0
3	26509760	257	0
3	26621246	258	0
3	26732688	259	0
3	26844300	260	0
3	26955761	261	0
3	27067128	262	0
3	27178658	263	0
3	27290187	264	0
3	27401623	265	0
3	27513178	266	0
3	27624742	267	0
3	27736142	268	0
3	27847644	269	0
3	27959197	270	0
3	28070550	271	0
3	28182136	272	0
3	28293611	273	0
3	28405066	274	0
3	28516597	275	0
3	28628018	276	0
3	28739499	277	0
3	28850993	278	0
3	28962581	279	0
3	29074052	280	0
3	29185589	281	0
3	29297096	282	0
3	29408548	283	0
3	29520012	284	0
3	29631440	285	0
3	29743045	286	0
3	29854466	287	0
3	29965949	288	0
3	30077442	289	0
3	30188926	290	0
3	30300474	291	0
3	30412008	292	0
3	30523470	293	0
3	30635035	294	0
3	30746488	295	0
3	30857943	296	0
3	30969459	297	0
3	31080783	298	0
3	31192432	299	0
3	31303963	300	0
3	31415369	301	0
3	31526896	302	0
3	31638403	303	0
3	31749909	304	0
3	31861323	305	0
3	31972814	306	0
3	32084387	307	0
3	32195808	308	0
3	32307259	309	0
3	32418803	310	0
3	32530283	311	0
3	32641890	312	0
3	32753246	313	0
3	32864754	314	0
3	32976230	315	0
3	33087806	316	0
3	33199202	317	0
3	33310842	318	0
3	33422119	319	0
3	33533630	320	0
3	33645167	321	0
3	33756729	322	0
3	33868155	323	0
3	33979579	324	0
3	34091140	325	0
3	34202549	326	0
3	34314133	327	0
3	34425560	328	0
3	34537007	329	0
3	34648606	330	0
3	34760006	331	0
3	34871600	332	0
3	34983114	333	0
3	35094416	334	0
3	35206142	335	0
3	35317470	336	0
3	35429048	337	0
3	35540607	338	0
3	35652069	339	0
3	35763472	340	0
3	35874966	341	0
3	35986618	342	0
3	36097899	343	0
3	36209537	344	0
3	36320913	345	0
3	36432529	346	0
3	36543816	347	0
3	36655433	348	0
3	36766961	349	0
3	36878442	350	0
3	36989940	351	0
3	37101497	352	0
3	37212853	353	0
3	37324468	354	0
3	37435928	355	0
3	37547397	356	0
3	37658829	357	0
3	37770447	358	0
3	37881887	359	0
3	37993416	360	0
3	38104906	361	0
3	38216367	362	0
3	38327869	363	0
3	38439325	364	0
3	38550817	365	0
3	38662293	366	0
3	38773935	367	0
3	38885417	368	0
3	38996807	369	0
3	39108306	370	0
3	39219748	371	0
3	39331294	372	0
3	39442667	373	0
3	39554230	374	0
3	39665764	375	0
3	39777305	376	0
3	39888735	377	0
3	40000201	378	0
3	40111671	379	0
3	40223245	380	0
3	40334777	381	0
3	40446134	382	0
3	40557647	383	0
3	40669078	384	0
3	40780717	385	0
3	40892025	386	0
3	41003549	387	0
3	41115112	388	0
3	41226609	389	0
3	41338005	390	0
3	41449554	391	0
3	41561054	392	0
3	41672543	393	0
3	41784089	394	0
3	41895531	395	0
3	42006977	396	0
3	42118581	397	0
3	42229914	398	0
3	42341408	399	0
3	42452890	400	0
3	42564470	401	0
3	42675908	402	0
3	42787474	403	0
3	42898969	404	0
3	43010401	405	0
3	43121946	406	0
3	43233432	407	0
3	43344968	408	0
3	43456482	409	0
3	43567933	410	0
3	43679373	411	0
3	43790857	412	0
3	43902458	413	0
3	44013822	414	0
3	44125363	415	0
3	44236786	416	0
3	44348251	417	0
3	44459835	418	0
3	44571363	419	0
3	44682744	420	0
3	44794338	421	0
3	44905894	422	0
3	45017330	423	0
3	45128811	424	0
3	45240244	425	0
3	45351753	426	0
3	45463247	427	0
3	45574706	428	0
3	45686226	429	0
3	45797800	430	0
3	45909319	431	0
3	46020801	432	0
3	46132304	433	0
3	46243777	434	0
3	46355230	435	0
3	46466772	436	0
3	46578156	437	0
3	46689669	438	0
3	46801180	439	0
3	46912780	440	0
3	47024265	441	0
3	47135600	442	0
3	47247209	443	0
3	47358592	444	0
3	47470123	445	0
3	47581561	446	0
3	47693177	447	0
3	47804559	448	0
3	47916159	449	0
3	48027709	450	0
3	48139157	451	0
3	48250631	452	0
3	48362093	453	0
3	48473630	454	0
3	48585118	455	0
3	48696672	456	0
3	48808049	457	0
3	48919602	458	0
3	49031115	459	0
3	49142640	460	0
3	49254089	461	0
3	49365472	462	0
3	49477101	463	0
3	49588515	464	0
3	49699865	465	0
3	49811627	466	0
3	49923075	467	0
3	50034621	468	0
3	50146035	469	0
3	50257484	470	0
3	50369024	471	0
3	50480536	472	0
3	50592077	473	0
3	50703540	474	0
3	50814919	475	0
3	50926539	476	0
3	51037899	477	0
3	51149489	478	0
3	51261001	479	0
3	51372524	480	0
3	51483886	481	0
3	51595486	482	0
3	51706935	483	0
3	51818446	484	0
3	51929931	485	0
3	52041444	486	0
3	52152958	487	0
3	52264316	488	0
3	52375893	489	0
3	52487426	490	0
3	52598868	491	0
3	52710349	492	0
3	52821896	493	0
3	52933455	494	0
3	53044816	495	0
3	53156433	496	0
3	53267982	497	0
3	53379519	498	0
3	53490789	499	0
3	53602340	500	0
3	53713897	501	0
3	53825337	502	0
3	53936925	503	0
3	54048310	504	0
3	54159745	505	0
3	54271279	506	0
3	54382757	507	0
3	54494238	508	0
3	54605871	509	0
3	54717274	510	0
3	54828755	511	0
3	54940335	512	0
3	55051820	513	0
3	55163147	514	0
3	55274684	515	0
3	55386289	516	0
3	55497801	517	0
3	55609287	518	0
3	55720711	519	0
3	55832195	520	0
3	55943716	521	0
3	56055184	522	0
3	56166685	523	0
3	56278186	524	0
3	56389678	525	0
3	56501107	526	0
3	56612671	527	0
3	56724144	528	0
3	56835619	529	0
3	56947098	530	0
3	57058554	531	0
3	57170161	532	0
3	57281663	533	0
3	57392980	534	0
3	57504569	535	0
3	57616116	536	0
3	57727550	537	0
3	57838978	538	0
3	57950514	539	0
3	58062025	540	0
3	58173589	541	0
3	58285000	542	0
3	58396467	543	0
3	58508041	544	0
3	58619439	545	0
3	58730944	546	0
3	58842444	547	0
3	58954040	548	0
3	59065488	549	0
3	59176960	550	0
3	59288430	551	0
3	59399869	552	0
3	59511468	553	0
3	59622950	554	0
3	59734476	555	0
3	59845943	556	0
3	59957477	557	0
3	60068953	558	0
3	60180397	559	0
3	60291881	560	0
3	60403388	561	0
3	60514906	562	0
3	60626492	563	0
3	60737857	564	0
3	60849442	565	0
3	60960837	566	0
3	61072393	567	0
3	61183859	568	0
3	61295416	569	0
3	61406790	570	0
3	61518322	571	0
3	61629837	572	0
3	61741354	573	0
3	61852892	574	0
3	61964422	575	0
3	62075915	576	0
3	62187360	577	0
3	62298755	578	0
3	62410405	579	0
3	62521876	580	0
3	62633287	581	0
3	62744709	582	0
3	62856237	583	0
3	62967857	584	0
3	63079234	585	0
3	63190736	586	0
3	63302157	587	0
3	63413785	588	0
3	63525235	589	0
3	63636703	590	0
3	63748212	591	0
3	63859718	592	0
3	63971172	593	0
3	64082662	594	0
3	64194118	595	0
3	64305669	596	0
3	64417197	597	0
3	64528738	598	0
3	64640235	599	0
3	64751660	600	0
3	64863134	601	0
3	64974572	602	0
3	65086212	603	0
3	65197517	604	0
3	65309020	605	0
3	65420593	606	0
3	65532059	607	0
3	65643537	608	0
3	65754985	609	0
3	65866540	610	0
3	65977931	611	0
3	66089631	612	0
3	66200960	613	0
3	66312490	614	0
3	66423999	615	0
3	66535498	616	0
3	66647016	617	0
3	66758340	618	0
3	66869974	619	0
3	66981561	620	0
3	67092858	621	0
3	67204331	622	0
3	67315893	623	0
3	67427355	624	0
3	67538986	625	0
3	67650312	626	0
3	67761976	627	0
3	67873523	628	0
3	67984927	629	0
3	68096529	630	0
3	68207978	631	0
3	68319528	632	0
3	68431053	633	0
3	68542419	634	0
3	68653915	635	0
3	68765406	636	0
3	68876954	637	0
3	68988434	638	0
3	69099847	639	0
3	69211488	640	0
3	69322925	641	0
3	69434365	642	0
3	69545903	643	0
3	69657511	644	0
3	69768834	645	0
3	69880350	646	0
3	69991823	647	0
3	70103385	648	0
3	70214815	649	0
3	70326441	650	0
3	70437836	651	0
3	70549384	652	0
3	70660743	653	0
3	70772450	654	0
3	70883853	655	0
3	70995302	656	0
3	71106776	657	0
3	71218408	658	0
3	71329769	659	0
3	71441262	660	0
3	71552867	661	0
3	71664099	662	0
3	71775695	663	0
3	71887230	664	0
3	71998740	665	0
3	72110237	666	0
3	72221737	667	0
3	72333192	668	0
3	72444642	669	0
3	72556131	670	0
3	72667689	671	0
3	72779098	672	0
3	72890718	673	0
3	73002104	674	0
3	73113561	675	0
3	73225199	676	0
3	73336536	677	0
3	73448066	678	0
3	73559616	679	0
3	73671155	680	0
3	73782570	681	0
3	73894066	682	0
3	74005528	683	0
3	74117098	684	0
3	74228560	685	0
3	74340063	686	0
3	74451533	687	0
3	74563024	688	0
3	74674504	689	0
3	74785992	690	0
3	74897507	691	0
3	75008978	692	0
3	75120422	693	0
3	75232008	694	0
3	75343439	695	0
3	75454985	696	0
3	75566381	697	0
3	75677939	698	0
3	75789464	699	0
3	75900914	700	0
3	76012502	701	0
3	76123825	702	0
3	76235425	703	0
3	76346854	704	0
3	76458348	705	0
3	76569880	706	0
3	76681267	707	0
3	76792890	708	0
3	76904355	709	0
3	77015923	710	0
3	77127332	711	0
3	77238828	712	0
3	77350232	713	0
3	77461687	714	0
3	77573326	715	0
3	77684876	716	0
3	77796376	717	0
3	77907761	718	0
3	78019272	719	0
3	78130636	720	0
3	78242303	721	0
3	78353797	722	0
3	78465220	723	0
3	78576742	724	0
3	78688148	725	0
3	78799758	726	0
3	78911157	727	0
3	79022679	728	0
3	79134131	729	0
3	79245659	730	0
3	79357101	731	0
3	79468466	732	0
3	79580077	733	0
3	79691629	734	0
3	79803015	735	0
3	79914645	736	0
3	80025932	737	0
3	80137565	738	0
3	80249119	739	0
3	80360473	740	0
3	80472061	741	0
3	80583513	742	0
3	80695064	743	0
3	80806528	744	0
3	80918049	745	0
3	81029683	746	0
3	81141096	747	0
3	81252590	748	0
3	81363989	749	0
3	81475527	750	0
3	81586971	751	0
3	81698399	752	0
3	81810039	753	0
3	81921429	754	0
3	82032915	755	0
3	82144505	756	0
3	82255877	757	0
3	82367413	758	0
3	82478957	759	0
3	82590425	760	0
3	82701890	761	0
3	82813447	762	0
3	82924854	763	0
3	83036342	764	0
3	83147886	765	0
3	83259378	766	0
3	83370774	767	0
3	83482298	768	0
3	83593922	769	0
3	83705308	770	0
3	83816836	771	0
3	83928354	772	0
3	84039805	773	0
3	84151246	774	0
3	84262793	775	0
3	84374250	776	0
3	84485814	777	0
3	84597255	778	0
3	84708737	779	0
3	84820172	780	0
3	84931765	781	0
3	85043232	782	0
3	85154650	783	0
3	85266233	784	0
3	85377758	785	0
3	85489260	786	0
3	85600679	787	0
3	85712168	788	0
3	85823651	789	0
3	85935136	790	0
3	86046657	791	0
3	86158164	792	0
3	86269812	793	0
3	86381196	794	0
3	86492597	795	0
3	86604230	796	0
3	86715659	797	0
3	86827100	798	0
3	86938602	799	0
3	87050210	800	0
3	87161665	801	0
3	87273180	802	0
3	87384533	803	0
3	87496119	804	0
3	87607714	805	0
3	87719129	806	0
3	87830574	807	0
3	87942100	808	0
3	88053584	809	0
3	88165062	810	0
3	88276549	811	0
3	88388051	812	0
3	88499562	813	0
3	88610999	814	0
3	88722490	815	0
3	88834092	816	0
3	88945511	817	0
3	89056933	818	0
3	89168530	819	0
3	89279964	820	0
3	89391505	821	0
3	89502926	822	0
3	89614533	823	0
3	89725970	824	0
3	89837426	825	0
3	89948975	826	0
3	90060437	827	0
3	90171869	828	0
3	90283388	829	0
3	90394902	830	0
3	90506495	831	0
3	90617862	832	0
3	90729315	833	0
3	90840972	834	0
3	90952489	835	0
3	91063888	836	0
3	91175206	837	0
3	91286824	838	0
3	91398308	839	0
3	91509798	840	0
3	91621330	841	0
3	91732803	842	0
3	91844298	843	0
3	91955892	844	0
3	92067287	845	0
3	92178751	846	0
3	92290366	847	0
3	92401836	848	0
3	92513320	849	0
3	92624722	850	0
3	92736133	851	0
3	92847671	852	0
3	92959184	853	0
3	93070588	854	0
3	93182082	855	0
3	93293633	856	0
3	93405217	857	0
3	93516634	858	0
3	93628191	859	0
3	93739633	860	0
3	93851215	861	0
3	93962601	862	0
3	94074119	863	0
3	94185586	864	0
3	94297066	865	0
3	94408651	866	0
3	94519998	867	0
3	94631500	868	0
3	94743068	869	0
3	94854417	870	0
3	94965980	871	0
3	95077451	872	0
3	95188984	873	0
3	95300454	874	0
3	95411965	875	0
3	95523466	876	0
3	95634858	877	0
3	95746377	878	0
3	95858014	879	0
3	95969478	880	0
3	96080899	881	0
3	96192532	882	0
3	96303961	883	0
3	96415387	884	0
3	96526867	885	0
3	96638409	886	0
3	96750026	887	0
3	96861535	888	0
3	96972894	889	0
3	97084304	890	0
3	97195883	891	0
3	97307521	892	0
3	97418745	893	0
3	97530323	894	0
3	97641776	895	0
3	97753274	896	0
3	97864888	897	0
3	97976382	898	0
3	98087729	899	0
3	98199473	900	0
3	98310821	901	0
3	98422256	902	0
3	98533765	903	0
3	98645401	904	0
3	98756786	905	0
3	98868299	906	0
3	98979835	907	0
3	99091284	908	0
3	99202817	909	0
3	99314203	910	0
3	99425645	911	0
3	99537113	912	0
3	99648751	913	0
3	99760170	914	0
3	99871659	915	0
3	99983250	916	0
3	100094644	917	0
3	100206160	918	0
3	100317705	919	0
3	100429011	920	0
3	100540661	921	0
3	100652147	922	0
3	100763582	923	0
3	100875087	924	0
3	100986629	925	0
3	101098099	926	0
3	101209546	927	0
3	101321001	928	0
3	101432652	929	0
3	101543972	930	0
3	101655462	931	0
3	101767032	932	0
3	101878557	933	0
3	101990030	934	0
3	102101496	935	0
3	102213003	936	0
3	102324586	937	0
3	102436066	938	0
3	102547442	939	0
3	102659045	940	0
3	102770391	941	0
3	102881965	942	0
3	102993481	943	0
3	103104976	944	0
3	103216402	945	0
3	103328090	946	0
3	103439436	947	0
3	103550887	948	0
3	103662405	949	0
3	103773888	950	0
3	103885380	951	0
3	103996896	952	0
3	104108495	953	0
3	104219840	954	0
3	104331420	955	0
3	104442994	956	0
3	104554400	957	0
3	104665950	958	0
3	104777472	959	0
3	104888950	960	0
3	105000288	961	0
3	105111855	962	0
3	105223540	963	0
3	105334789	964	0
3	105446308	965	0
3	105557899	966	0
3	105669316	967	0
3	105780736	968	0
3	105892296	969	0
3	106003871	970	0
3	106115227	971	0
3	106226772	972	0
3	106338288	973	0
3	106449741	974	0
3	106561248	975	0
3	106672719	976	0
3	106784090	977	0
3	106895700	978	0
3	107007114	979	0
3	107118862	980	0
3	107230214	981	0
3	107341577	982	0
3	107453173	983	0
3	107564733	984	0
3	107676280	985	0
3	107787643	986	0
3	107899128	987	0
3	108010621	988	0
3	108122158	989	0
3	108233641	990	0
3	108345052	991	0
3	108456642	992	0
3	108568159	993	0
3	108679648	994	0
3	108791107	995	0
3	108902666	996	0
3	109014120	997	0
3	109125558	998	0
3	109237052	999	0
4	3430971	50	20
4	9005600	100	20
4	14580069	150	20
4	20154723	200	20
4	25729243	250	20
4	31303961	300	20
4	36878440	350	20
4	42452888	400	20
4	48027707	450	20
4	53602338	500	20
4	59176958	550	20
4	64751658	600	20
4	70326439	650	20
4	75900912	700	20
4	81475525	750	20
4	87050208	800	20
4	92624720	850	20
4	98199471	900	20
4	103773886	950	20
4	109348505	1000	20
5	3430971	50	0
5	9005600	100	0
5	14580069	150	0
5	20154723	200	0
5	25729243	250	0
5	31303961	300	0
5	36878440	350	0
5	42452888	400	0
5	48027707	450	0
5	53602338	500	0
5	59176958	550	0
5	64751658	600	0
5	70326439	650	0
5	75900912	700	0
5	81475525	750	0
5	87050208	800	0
5	92624720	850	0
5	98199471	900	0
5	103773886	950	0
5	109348505	1000	0
