version 2
run BasicCC-0-20100908-23:28:37-2064
attr configname BasicCC
attr datetime 20100908-23:28:37
attr experiment BasicCC
attr inifile D:/Developement/Oversim2/multic/simulations/omnetpp.ini
attr iterationvars $nhops=2
attr iterationvars2 "$nhops=2, $repetition=0"
attr measurement $nhops=2
attr network oversim.underlay.simpleunderlay.SimpleUnderlayNetwork
attr nhops 2
attr processid 2064
attr repetition 0
attr replication #0
attr resultdir results
attr runnumber 0
attr seedset 0

vector 1  SimpleUnderlayNetwork.globalObserver.globalStatistics  incoming_bytes  ETV
vector 2  SimpleUnderlayNetwork.globalObserver.globalStatistics  drops  ETV
vector 3  SimpleUnderlayNetwork.globalObserver.globalStatistics  delayed_acks  ETV
vector 4  SimpleUnderlayNetwork.globalObserver.globalStatistics  "GlobalNodeList: Number of nodes"  ETV
vector 5  SimpleUnderlayNetwork.globalObserver.globalStatistics  "GlobalNodeList: Number of bootstrapped malicious nodes"  ETV
1	4280	17	0
1	115052	18	25281
1	226390	19	44838
1	338457	20	28302
1	450476	21	26182
1	562408	22	25387
1	674184	23	24327
1	785997	24	25493
1	897912	25	24221
1	1009824	26	23956
1	1121621	27	24857
1	1233643	28	26235
1	1345471	29	26076
1	1457360	30	23797
1	1569220	31	27030
1	1681173	32	25175
1	1793040	33	24751
1	1904922	34	24433
1	2016879	35	24857
1	2128602	36	25016
1	2240713	37	24380
1	2352492	38	25599
1	2464289	39	23479
1	2576136	40	22260
1	2688064	41	25970
1	2799979	42	25016
1	2911872	43	25546
1	3023793	44	25016
1	3135654	45	25387
1	3247459	46	24433
1	3359379	47	25387
1	3471324	48	24486
1	3583325	49	26235
1	3695074	50	24168
1	3807008	51	24221
1	3918927	52	26447
1	4030667	53	26182
1	4142721	54	28302
1	4254711	55	25440
1	4366430	56	25493
1	4478450	57	25652
1	4590286	58	24221
1	4702140	59	26076
1	4814131	60	27083
1	4926002	61	27030
1	5037927	62	25122
1	5149881	63	24380
1	5261749	64	26765
1	5373594	65	22896
1	5485560	66	24433
1	5597355	67	24274
1	5709320	68	25599
1	5821187	69	25175
1	5933071	70	24804
1	6044922	71	24910
1	6156769	72	25334
1	6268756	73	25440
1	6380739	74	25175
1	6492463	75	23903
1	6604281	76	25546
1	6716342	77	26129
1	6828231	78	25864
1	6940039	79	25069
1	7052057	80	25281
1	7163888	81	24168
1	7275742	82	24062
1	7387632	83	25122
1	7499436	84	23267
1	7611379	85	24804
1	7723366	86	24433
1	7835032	87	26447
1	7947139	88	27242
1	8059007	89	27083
1	8170893	90	23214
1	8282799	91	26553
1	8394640	92	24804
1	8506552	93	26023
1	8618476	94	25970
1	8730300	95	23956
1	8842277	96	26023
1	8954083	97	25493
1	9066057	98	25652
1	9177869	99	25175
1	9289895	100	24645
1	9401794	101	27136
1	9513645	102	24486
1	9625532	103	25811
1	9737455	104	25016
1	9849323	105	24539
1	9961291	106	24168
1	10073171	107	27348
1	10184992	108	25970
1	10296900	109	22525
1	10408739	110	25599
1	10520574	111	24698
1	10632540	112	27560
1	10744339	113	23850
1	10856400	114	25652
1	10968267	115	24539
1	11080061	116	24910
1	11191978	117	25069
1	11303874	118	25811
1	11415855	119	25599
1	11527673	120	25281
1	11639507	121	23320
1	11751397	122	26447
1	11863447	123	24963
1	11975257	124	25493
1	12087168	125	27560
1	12199146	126	25705
1	12310944	127	25811
1	12422960	128	27507
1	12534882	129	24963
1	12646790	130	26447
1	12758565	131	24963
1	12870416	132	25546
1	12982554	133	27560
1	13094379	134	25440
1	13206182	135	24963
1	13318062	136	24539
1	13430099	137	25917
1	13541874	138	25175
1	13653706	139	25652
1	13765628	140	24486
1	13877584	141	23744
1	13989503	142	25758
1	14101467	143	23373
1	14213332	144	28249
1	14325245	145	25016
1	14437050	146	25599
1	14548934	147	24804
1	14660894	148	26288
1	14772916	149	25758
1	14884752	150	25334
1	14996529	151	25970
1	15108519	152	24910
1	15220374	153	25546
1	15332278	154	26394
1	15444244	155	25864
1	15556071	156	25281
1	15668051	157	26447
1	15779941	158	26023
1	15891871	159	25281
1	16003744	160	25705
1	16115462	161	26394
1	16227413	162	25864
1	16339413	163	24327
1	16451412	164	26712
1	16563179	165	25228
1	16675174	166	26447
1	16786998	167	24592
1	16898889	168	25175
1	17010717	169	25546
1	17122671	170	23850
1	17234514	171	24645
1	17346529	172	27454
1	17458422	173	25440
1	17570247	174	24486
1	17682232	175	25228
1	17794141	176	25334
1	17906003	177	24380
1	18017897	178	23691
1	18129691	179	25758
1	18241651	180	25917
1	18353467	181	25387
1	18465351	182	25652
1	18577325	183	25122
1	18689169	184	24380
1	18801067	185	24327
1	18912984	186	25652
1	19024806	187	24433
1	19136640	188	25281
1	19248704	189	25758
1	19360526	190	26129
1	19472248	191	25758
1	19584393	192	22313
1	19696198	193	26977
1	19808049	194	24698
1	19919954	195	23214
1	20031844	196	23479
1	20143774	197	25970
1	20255685	198	26818
1	20367483	199	26977
1	20479311	200	24539
1	20591293	201	24062
1	20703166	202	26129
1	20815046	203	26235
1	20926975	204	25440
1	21038915	205	25440
1	21150836	206	24486
1	21262760	207	26288
1	21374718	208	25334
1	21486462	209	25811
1	21598455	210	24698
1	21710265	211	24857
1	21822153	212	24963
1	21934025	213	26235
1	22045965	214	26076
1	22157866	215	24592
1	22269741	216	26765
1	22381572	217	25175
1	22493549	218	24592
1	22605317	219	25652
1	22717402	220	25175
1	22829282	221	23744
1	22941204	222	24486
1	23052928	223	26659
1	23164780	224	24592
1	23276775	225	24486
1	23388661	226	25758
1	23500466	227	25440
1	23612484	228	26288
1	23724363	229	24486
1	23836109	230	23267
1	23948013	231	24274
1	24060126	232	25864
1	24171934	233	26023
1	24283825	234	24539
1	24395654	235	25811
1	24507522	236	25228
1	24619377	237	25122
1	24731423	238	27030
1	24843336	239	25493
1	24955219	240	25599
1	25066932	241	22578
1	25178910	242	26977
1	25290672	243	23532
1	25402654	244	23850
1	25514465	245	24539
1	25626347	246	25122
1	25738413	247	25599
1	25850228	248	26076
1	25962031	249	25758
1	26074002	250	23638
1	26185866	251	25228
1	26297893	252	25864
1	26409660	253	24804
1	26521554	254	23691
1	26633482	255	26129
1	26745412	256	25705
1	26857345	257	27348
1	26969187	258	25705
1	27081218	259	24857
1	27192954	260	23214
1	27304910	261	25281
1	27416887	262	26341
1	27528667	263	25493
1	27640567	264	24698
1	27752394	265	24910
1	27864307	266	24168
1	27976065	267	25387
1	28088192	268	24539
1	28200047	269	25440
1	28311796	270	25069
1	28423839	271	26818
1	28535691	272	25228
1	28647536	273	24380
1	28759445	274	26235
1	28871414	275	25334
1	28983303	276	24327
1	29095088	277	24274
1	29207022	278	27666
1	29318922	279	23161
1	29430771	280	27030
1	29542752	281	25334
1	29654674	282	27613
1	29766533	283	26341
1	29878401	284	25599
1	29990328	285	23638
1	30102279	286	26182
1	30214246	287	26447
1	30326122	288	26871
1	30438023	289	26182
1	30549928	290	25917
1	30661816	291	24433
1	30773742	292	25546
1	30885667	293	26659
1	30997499	294	26076
1	31109393	295	23850
1	31221239	296	24910
1	31333253	297	26606
1	31445148	298	24539
1	31556996	299	26023
1	31668907	300	26182
1	31780731	301	24168
1	31892790	302	25811
1	32004536	303	25175
1	32116381	304	25069
1	32228384	305	25069
1	32340191	306	25122
1	32452093	307	25864
1	32564024	308	23267
1	32675878	309	25652
1	32787883	310	25811
1	32899657	311	26341
1	33011604	312	23002
1	33123565	313	26500
1	33235485	314	26765
1	33347315	315	24645
1	33459305	316	25917
1	33571145	317	27242
1	33682873	318	22843
1	33794875	319	26500
1	33906804	320	24168
1	34018631	321	23055
1	34130479	322	25758
1	34242397	323	24804
1	34354343	324	26182
1	34466066	325	25864
1	34578125	326	25917
1	34689994	327	25864
1	34802052	328	24009
1	34913788	329	26076
1	35025733	330	24433
1	35137568	331	25016
1	35249437	332	25069
1	35361391	333	26553
1	35473281	334	26235
1	35585151	335	25546
1	35697098	336	26182
1	35808905	337	23903
1	35920805	338	23850
1	36032714	339	24645
1	36144450	340	23532
1	36256512	341	24963
1	36368500	342	25917
1	36480410	343	27189
1	36592245	344	26818
1	36704116	345	23691
1	36816058	346	26712
1	36927987	347	24910
1	37039770	348	24168
1	37151686	349	26129
1	37263503	350	24221
1	37375432	351	24539
1	37487303	352	26553
1	37599152	353	25493
1	37711185	354	23956
1	37823005	355	25917
1	37934914	356	24062
1	38046758	357	24274
1	38158735	358	25599
1	38270589	359	24433
1	38382422	360	26182
1	38494530	361	26235
1	38606190	362	24380
1	38718195	363	23479
1	38829993	364	24433
1	38941815	365	25016
1	39053725	366	25970
1	39165849	367	26341
1	39277479	368	23426
1	39389576	369	24539
1	39501269	370	25228
1	39613251	371	24857
1	39725125	372	24857
1	39836959	373	23797
1	39948813	374	24433
1	40060715	375	26023
1	40172742	376	24539
1	40284556	377	23638
1	40396404	378	26977
1	40508154	379	23797
1	40620103	380	25917
1	40732105	381	25493
1	40843997	382	25811
1	40955895	383	26076
1	41067759	384	24115
1	41179721	385	24698
1	41291660	386	26235
1	41403506	387	24221
1	41515370	388	25864
1	41627135	389	22101
1	41739159	390	24539
1	41850938	391	23108
1	41962892	392	26924
1	42074740	393	23214
1	42186669	394	23956
1	42298468	395	25122
1	42410368	396	25546
1	42522297	397	24009
1	42634081	398	27242
1	42745953	399	25069
1	42857860	400	26977
1	42969853	401	24433
1	43081746	402	26341
1	43193734	403	25758
1	43305603	404	28885
1	43417528	405	25069
1	43529415	406	24592
1	43641172	407	25281
1	43753210	408	24963
1	43864994	409	23850
1	43976843	410	25917
1	44088833	411	24592
1	44200711	412	24645
1	44312613	413	27666
1	44424529	414	25758
1	44536463	415	24751
1	44648414	416	25652
1	44760214	417	25228
1	44872179	418	28090
1	44983953	419	25917
1	45095917	420	24115
1	45207869	421	25652
1	45319734	422	25811
1	45431616	423	24857
1	45543670	424	25122
1	45655442	425	25811
1	45767399	426	24857
1	45879234	427	25758
1	45991103	428	23956
1	46102983	429	25334
1	46214840	430	23956
1	46326749	431	24274
1	46438577	432	26023
1	46550457	433	25440
1	46662313	434	23373
1	46774379	435	27719
1	46886244	436	26076
1	46998194	437	25069
1	47110043	438	26553
1	47222026	439	26765
1	47333791	440	25334
1	47445882	441	27242
1	47557764	442	24539
1	47669504	443	25228
1	47781430	444	25811
1	47893509	445	26341
1	48005206	446	22525
1	48117188	447	25175
1	48229037	448	26500
1	48340994	449	25440
1	48452855	450	23850
1	48564748	451	25599
1	48676614	452	25334
1	48788527	453	24327
1	48900490	454	25334
1	49012282	455	23903
1	49124110	456	24221
1	49236098	457	25917
1	49347936	458	24857
1	49459754	459	24963
1	49571700	460	25493
1	49683485	461	23903
1	49795618	462	25122
1	49907253	463	24274
1	50019160	464	25334
1	50131092	465	25069
1	50242991	466	24857
1	50354914	467	25122
1	50466857	468	27613
1	50578865	469	25546
1	50690518	470	25387
1	50802588	471	25440
1	50914457	472	25122
1	51026213	473	22896
1	51138247	474	27666
1	51250108	475	26076
1	51362016	476	24751
1	51474000	477	24274
1	51585822	478	24963
1	51697686	479	25069
1	51809595	480	25599
1	51921475	481	24115
1	52033376	482	25970
1	52145197	483	23903
1	52257148	484	24645
1	52368996	485	26818
1	52480928	486	26447
1	52592881	487	24645
1	52704693	488	26553
1	52816640	489	26341
1	52928536	490	25970
1	53040502	491	27083
1	53152247	492	23850
1	53264246	493	27666
1	53376061	494	27613
1	53488131	495	27030
1	53599997	496	24433
1	53711885	497	23320
1	53823802	498	25281
1	53935692	499	23585
1	54047550	500	27083
1	54159433	501	26129
1	54271423	502	24592
1	54383199	503	23903
1	54495211	504	25864
1	54607061	505	25387
1	54718872	506	25652
1	54830721	507	25016
1	54942757	508	25546
1	55054582	509	26447
1	55166621	510	25811
1	55278291	511	25652
1	55390251	512	24592
1	55502097	513	23373
1	55613907	514	25228
1	55725911	515	25705
1	55837898	516	25069
1	55949585	517	23585
1	56061537	518	23744
1	56173498	519	25493
1	56285363	520	24486
1	56397247	521	26129
1	56509177	522	24062
1	56621103	523	26076
1	56732962	524	25599
1	56844799	525	25811
1	56956729	526	24327
1	57068552	527	25334
1	57180504	528	25069
1	57292447	529	26341
1	57404302	530	25705
1	57516289	531	24486
1	57628127	532	24857
1	57739963	533	25281
1	57851783	534	23320
1	57963756	535	26023
1	58075626	536	26288
1	58187508	537	25122
1	58299449	538	25281
1	58411333	539	27348
1	58523318	540	26500
1	58635345	541	24327
1	58747036	542	24327
1	58859012	543	26394
1	58970821	544	25758
1	59082751	545	26818
1	59194778	546	25493
1	59306642	547	24963
1	59418424	548	26235
1	59530269	549	24433
1	59642235	550	25069
1	59754187	551	25493
1	59866052	552	24486
1	59978012	553	25864
1	60089832	554	25493
1	60201588	555	24963
1	60313609	556	25281
1	60425484	557	24804
1	60537444	558	24698
1	60649221	559	25652
1	60761159	560	24168
1	60872965	561	25016
1	60984870	562	26129
1	61096915	563	26235
1	61208791	564	26659
1	61320697	565	25493
1	61432566	566	24963
1	61544517	567	24592
1	61656404	568	24751
1	61768306	569	27295
1	61880230	570	25440
1	61992072	571	26235
1	62103945	572	24592
1	62215867	573	24327
1	62327727	574	27242
1	62439528	575	24698
1	62551492	576	24539
1	62663466	577	26182
1	62775327	578	24327
1	62887281	579	25652
1	62999231	580	27030
1	63111040	581	24327
1	63222951	582	25705
1	63334904	583	26023
1	63446703	584	26129
1	63558737	585	25864
1	63670621	586	24804
1	63782431	587	24857
1	63894198	588	25440
1	64006245	589	25016
1	64118073	590	25546
1	64229962	591	26076
1	64341913	592	26447
1	64453886	593	26129
1	64565740	594	24804
1	64677587	595	25652
1	64789377	596	24751
1	64901398	597	26182
1	65013368	598	24221
1	65125128	599	24857
1	65237100	600	24486
1	65348922	601	22631
1	65460720	602	25334
1	65572749	603	26394
1	65684602	604	25546
1	65796556	605	26023
1	65908466	606	24009
1	66020300	607	24486
1	66132221	608	26818
1	66244101	609	24115
1	66355966	610	24327
1	66467823	611	25970
1	66579676	612	24539
1	66691593	613	25281
1	66803562	614	25652
1	66915252	615	24592
1	67027225	616	24698
1	67139005	617	25705
1	67251115	618	25334
1	67362878	619	24221
1	67474924	620	25440
1	67586776	621	26129
1	67698561	622	24857
1	67810521	623	24857
1	67922426	624	25970
1	68034345	625	25970
1	68146114	626	23850
1	68258242	627	27454
1	68369939	628	25228
1	68481961	629	25652
1	68593915	630	26447
1	68705653	631	27295
1	68817634	632	24380
1	68929595	633	27030
1	69041427	634	26924
1	69153322	635	24804
1	69265162	636	25387
1	69377263	637	23055
1	69489016	638	22790
1	69600772	639	24433
1	69712751	640	25758
1	69824625	641	24168
1	69936478	642	25652
1	70048541	643	27507
1	70160319	644	25811
1	70272253	645	26129
1	70384215	646	26765
1	70496036	647	25387
1	70608031	648	25016
1	70719959	649	25228
1	70831767	650	24698
1	70943577	651	23797
1	71055574	652	24645
1	71167349	653	24380
1	71279342	654	24857
1	71391185	655	23956
1	71503063	656	25970
1	71614921	657	24433
1	71726843	658	25334
1	71838838	659	27613
1	71950724	660	25917
1	72062543	661	25122
1	72174643	662	25652
1	72286405	663	26606
1	72398382	664	26076
1	72510219	665	23903
1	72622022	666	25652
1	72733940	667	26977
1	72846023	668	24645
1	72957709	669	24698
1	73069685	670	24804
1	73181544	671	26924
1	73293289	672	24539
1	73405409	673	24327
1	73517162	674	25493
1	73629097	675	25334
1	73740991	676	22949
1	73852795	677	25175
1	73964754	678	24645
1	74076676	679	26765
1	74188579	680	24433
1	74300478	681	25758
1	74412298	682	24751
1	74524223	683	25970
1	74636132	684	23638
1	74747935	685	26765
1	74859823	686	26288
1	74971900	687	27348
1	75083778	688	24804
1	75195710	689	25334
1	75307512	690	25440
1	75419368	691	24327
1	75531186	692	23744
1	75643272	693	25387
1	75755058	694	26553
1	75866994	695	26606
1	75978794	696	24115
1	76090675	697	25652
1	76202572	698	25705
1	76314589	699	26500
1	76426563	700	25546
1	76538410	701	24804
1	76650343	702	25970
1	76762223	703	25228
1	76874002	704	25281
1	76985994	705	24698
1	77098006	706	24539
1	77209746	707	25281
1	77321599	708	25599
1	77433580	709	25387
1	77545423	710	25546
1	77657359	711	24963
1	77769273	712	27136
1	77881153	713	23797
1	77992959	714	26182
1	78104869	715	24963
1	78216801	716	26500
1	78328772	717	26924
1	78440590	718	24645
1	78552481	719	25228
1	78664423	720	26341
1	78776380	721	25175
1	78888225	722	26129
1	79000103	723	24115
1	79112092	724	24274
1	79223895	725	24274
1	79335803	726	24910
1	79447614	727	25228
1	79559588	728	23797
1	79671437	729	26924
1	79783376	730	25758
1	79895202	731	24751
1	80007155	732	24592
1	80118977	733	26500
1	80230842	734	24486
1	80342709	735	23744
1	80454571	736	25016
1	80566393	737	25705
1	80678493	738	21995
1	80790241	739	26394
1	80902158	740	25493
1	81014133	741	25917
1	81125979	742	25970
1	81237797	743	22578
1	81349688	744	25281
1	81461579	745	24645
1	81573518	746	25016
1	81685395	747	25387
1	81797307	748	25917
1	81909242	749	25334
1	82021098	750	25334
1	82132987	751	24539
1	82244757	752	24274
1	82356755	753	25599
1	82468689	754	24327
1	82580485	755	26500
1	82692356	756	25016
1	82804345	757	26606
1	82916251	758	25493
1	83028230	759	25016
1	83140046	760	23903
1	83251943	761	26394
1	83363670	762	23002
1	83475636	763	24486
1	83587623	764	26394
1	83699255	765	24698
1	83811365	766	25175
1	83923268	767	25599
1	84035178	768	26076
1	84146986	769	25387
1	84258851	770	25440
1	84370768	771	24062
1	84482747	772	25705
1	84594652	773	24539
1	84706555	774	26023
1	84818325	775	24274
1	84930378	776	26076
1	85042220	777	24486
1	85154025	778	24433
1	85265896	779	24698
1	85377912	780	26500
1	85489767	781	25122
1	85601638	782	24857
1	85713512	783	26023
1	85825409	784	25970
1	85937384	785	24963
1	86049282	786	27719
1	86161106	787	23055
1	86272927	788	24804
1	86384948	789	26712
1	86496884	790	25440
1	86608661	791	25440
1	86720674	792	25493
1	86832403	793	23373
1	86944351	794	22843
1	87056091	795	24804
1	87168020	796	23426
1	87279759	797	23797
1	87391793	798	25016
1	87503857	799	27348
1	87615527	800	24115
1	87727470	801	24539
1	87839371	802	25705
1	87951213	803	26500
1	88063255	804	26023
1	88175155	805	27507
1	88286981	806	23638
1	88398867	807	24592
1	88510970	808	26765
1	88622692	809	25069
1	88734605	810	25493
1	88846588	811	24751
1	88958438	812	27454
1	89070372	813	26977
1	89182227	814	23956
1	89294028	815	24963
1	89406105	816	25228
1	89517999	817	27030
1	89629843	818	23903
1	89741771	819	24804
1	89853652	820	25970
1	89965409	821	23850
1	90077359	822	24486
1	90189381	823	26394
1	90301074	824	24274
1	90413104	825	25334
1	90524992	826	26500
1	90636860	827	25440
1	90748762	828	24751
1	90860598	829	25281
1	90972525	830	24963
1	91084473	831	26606
1	91196339	832	24963
1	91308215	833	24963
1	91420169	834	25175
1	91532056	835	24751
1	91643815	836	24645
1	91755841	837	27719
1	91867758	838	24804
1	91979514	839	24592
1	92091544	840	23585
1	92203404	841	26818
1	92315252	842	25334
1	92427206	843	26076
1	92539120	844	25440
1	92650871	845	25705
1	92762922	846	25440
1	92874827	847	26182
1	92986697	848	26765
1	93098740	849	26394
1	93210599	850	25122
1	93322350	851	23956
1	93434310	852	25811
1	93546274	853	25334
1	93658096	854	24115
1	93769929	855	23691
1	93881890	856	27295
1	93993641	857	26924
1	94105631	858	24751
1	94217609	859	24963
1	94329287	860	25599
1	94441278	861	22684
1	94553245	862	26553
1	94665020	863	27136
1	94776912	864	24963
1	94888854	865	24433
1	95000658	866	26553
1	95112671	867	26076
1	95224624	868	26659
1	95336576	869	25175
1	95448424	870	27507
1	95560367	871	24539
1	95672278	872	25970
1	95784199	873	25069
1	95896134	874	24751
1	96007865	875	24433
1	96119783	876	24327
1	96231777	877	25705
1	96343531	878	23956
1	96455512	879	26341
1	96567299	880	24804
1	96679255	881	25546
1	96791188	882	23903
1	96903035	883	26129
1	97014977	884	25546
1	97126818	885	27083
1	97238693	886	23532
1	97350610	887	26818
1	97462710	888	24486
1	97574370	889	24804
1	97686277	890	26341
1	97798202	891	23956
1	97910120	892	24963
1	98021944	893	25493
1	98133753	894	24751
1	98245827	895	26606
1	98357750	896	25228
1	98469569	897	25387
1	98581387	898	26394
1	98693232	899	24592
1	98805169	900	26712
1	98917099	901	25652
1	99029065	902	25652
1	99140958	903	24698
1	99252951	904	23532
1	99364592	905	24751
1	99476626	906	25917
1	99588495	907	23850
1	99700339	908	25387
1	99812254	909	25281
1	99924238	910	26818
1	100036045	911	25864
1	100148029	912	25387
1	100259862	913	25016
1	100371863	914	26659
1	100483835	915	24910
1	100595576	916	23585
1	100707554	917	25069
1	100819302	918	24910
1	100931185	919	24963
1	101043096	920	25334
1	101154945	921	24910
1	101266937	922	27083
1	101378698	923	23267
1	101490750	924	26765
1	101602605	925	26235
1	101714563	926	26076
1	101826482	927	25705
1	101938236	928	23426
1	102050188	929	25493
1	102162138	930	25917
1	102274074	931	27348
1	102385871	932	25811
1	102497905	933	25864
1	102609543	934	23002
1	102721508	935	25387
1	102833328	936	25016
1	102945424	937	24698
1	103057211	938	26129
1	103169291	939	26553
1	103281079	940	22790
1	103392943	941	26235
1	103504791	942	25334
1	103616701	943	25175
1	103728600	944	27454
1	103840539	945	25175
1	103952481	946	24698
1	104064382	947	25493
1	104176130	948	25652
1	104288164	949	25917
1	104400005	950	26818
1	104511912	951	25599
1	104623801	952	24380
1	104735760	953	22472
1	104847509	954	25758
1	104959411	955	24751
1	105071235	956	22843
1	105183261	957	25440
1	105295077	958	25016
1	105406914	959	23532
1	105518790	960	25334
1	105630800	961	25705
1	105742517	962	24168
1	105854566	963	27030
1	105966377	964	23585
1	106078265	965	25175
1	106190182	966	24274
1	106302052	967	25546
1	106414105	968	25069
1	106525963	969	26818
1	106637732	970	24168
1	106749658	971	26182
1	106861558	972	24804
1	106973480	973	25281
1	107085282	974	23585
1	107197129	975	25758
1	107309097	976	24751
1	107420970	977	24857
1	107532796	978	24168
1	107644695	979	24804
1	107756670	980	24751
1	107868443	981	24062
1	107980370	982	25758
1	108092179	983	23797
1	108204062	984	24804
1	108316004	985	25016
1	108427945	986	26712
1	108539862	987	25175
1	108651767	988	24963
1	108763523	989	24539
1	108875571	990	24486
1	108987373	991	24274
1	109099300	992	25228
1	109211116	993	26553
1	109323095	994	23691
1	109434923	995	23426
1	109546999	996	27189
1	109658719	997	24380
1	109770579	998	26235
1	109882472	999	23426
2	4280	17	0
2	115052	18	5748
2	226390	19	9683
2	338457	20	10510
2	450476	21	10597
2	562408	22	10541
2	674184	23	10591
2	785997	24	10518
2	897912	25	10636
2	1009824	26	10587
2	1121621	27	10549
2	1233643	28	10526
2	1345471	29	10605
2	1457360	30	10556
2	1569220	31	10526
2	1681173	32	10597
2	1793040	33	10638
2	1904922	34	10468
2	2016879	35	10611
2	2128602	36	10470
2	2240713	37	10713
2	2352492	38	10507
2	2464289	39	10627
2	2576136	40	10560
2	2688064	41	10559
2	2799979	42	10644
2	2911872	43	10538
2	3023793	44	10572
2	3135654	45	10593
2	3247459	46	10461
2	3359379	47	10660
2	3471324	48	10602
2	3583325	49	10541
2	3695074	50	10547
2	3807008	51	10583
2	3918927	52	10551
2	4030667	53	10468
2	4142721	54	10586
2	4254711	55	10561
2	4366430	56	10519
2	4478450	57	10599
2	4590286	58	10538
2	4702140	59	10567
2	4814131	60	10514
2	4926002	61	10578
2	5037927	62	10499
2	5149881	63	10599
2	5261749	64	10554
2	5373594	65	10630
2	5485560	66	10536
2	5597355	67	10630
2	5709320	68	10507
2	5821187	69	10581
2	5933071	70	10589
2	6044922	71	10576
2	6156769	72	10610
2	6268756	73	10465
2	6380739	74	10684
2	6492463	75	10502
2	6604281	76	10556
2	6716342	77	10570
2	6828231	78	10559
2	6940039	79	10527
2	7052057	80	10628
2	7163888	81	10539
2	7275742	82	10631
2	7387632	83	10570
2	7499436	84	10569
2	7611379	85	10614
2	7723366	86	10575
2	7835032	87	10545
2	7947139	88	10525
2	8059007	89	10517
2	8170893	90	10556
2	8282799	91	10603
2	8394640	92	10505
2	8506552	93	10578
2	8618476	94	10543
2	8730300	95	10612
2	8842277	96	10564
2	8954083	97	10532
2	9066057	98	10582
2	9177869	99	10573
2	9289895	100	10544
2	9401794	101	10573
2	9513645	102	10582
2	9625532	103	10496
2	9737455	104	10636
2	9849323	105	10553
2	9961291	106	10532
2	10073171	107	10562
2	10184992	108	10537
2	10296900	109	10670
2	10408739	110	10495
2	10520574	111	10529
2	10632540	112	10549
2	10744339	113	10652
2	10856400	114	10525
2	10968267	115	10597
2	11080061	116	10498
2	11191978	117	10666
2	11303874	118	10499
2	11415855	119	10575
2	11527673	120	10564
2	11639507	121	10603
2	11751397	122	10528
2	11863447	123	10593
2	11975257	124	10576
2	12087168	125	10528
2	12199146	126	10530
2	12310944	127	10528
2	12422960	128	10609
2	12534882	129	10493
2	12646790	130	10553
2	12758565	131	10553
2	12870416	132	10564
2	12982554	133	10569
2	13094379	134	10551
2	13206182	135	10525
2	13318062	136	10593
2	13430099	137	10567
2	13541874	138	10526
2	13653706	139	10578
2	13765628	140	10592
2	13877584	141	10684
2	13989503	142	10506
2	14101467	143	10592
2	14213332	144	10538
2	14325245	145	10500
2	14437050	146	10625
2	14548934	147	10558
2	14660894	148	10528
2	14772916	149	10558
2	14884752	150	10583
2	14996529	151	10546
2	15108519	152	10554
2	15220374	153	10512
2	15332278	154	10548
2	15444244	155	10569
2	15556071	156	10585
2	15668051	157	10559
2	15779941	158	10600
2	15891871	159	10431
2	16003744	160	10597
2	16115462	161	10523
2	16227413	162	10527
2	16339413	163	10677
2	16451412	164	10506
2	16563179	165	10570
2	16675174	166	10562
2	16786998	167	10564
2	16898889	168	10527
2	17010717	169	10552
2	17122671	170	10605
2	17234514	171	10617
2	17346529	172	10539
2	17458422	173	10552
2	17570247	174	10527
2	17682232	175	10602
2	17794141	176	10590
2	17906003	177	10574
2	18017897	178	10564
2	18129691	179	10597
2	18241651	180	10542
2	18353467	181	10453
2	18465351	182	10639
2	18577325	183	10561
2	18689169	184	10581
2	18801067	185	10562
2	18912984	186	10588
2	19024806	187	10588
2	19136640	188	10563
2	19248704	189	10531
2	19360526	190	10594
2	19472248	191	10456
2	19584393	192	10672
2	19696198	193	10527
2	19808049	194	10591
2	19919954	195	10606
2	20031844	196	10586
2	20143774	197	10581
2	20255685	198	10498
2	20367483	199	10576
2	20479311	200	10528
2	20591293	201	10595
2	20703166	202	10585
2	20815046	203	10487
2	20926975	204	10603
2	21038915	205	10545
2	21150836	206	10569
2	21262760	207	10566
2	21374718	208	10515
2	21486462	209	10617
2	21598455	210	10599
2	21710265	211	10573
2	21822153	212	10545
2	21934025	213	10582
2	22045965	214	10563
2	22157866	215	10514
2	22269741	216	10534
2	22381572	217	10585
2	22493549	218	10597
2	22605317	219	10464
2	22717402	220	10592
2	22829282	221	10574
2	22941204	222	10619
2	23052928	223	10563
2	23164780	224	10512
2	23276775	225	10660
2	23388661	226	10539
2	23500466	227	10544
2	23612484	228	10589
2	23724363	229	10510
2	23836109	230	10675
2	23948013	231	10571
2	24060126	232	10540
2	24171934	233	10487
2	24283825	234	10626
2	24395654	235	10575
2	24507522	236	10496
2	24619377	237	10602
2	24731423	238	10511
2	24843336	239	10571
2	24955219	240	10574
2	25066932	241	10607
2	25178910	242	10575
2	25290672	243	10545
2	25402654	244	10629
2	25514465	245	10559
2	25626347	246	10512
2	25738413	247	10620
2	25850228	248	10534
2	25962031	249	10513
2	26074002	250	10644
2	26185866	251	10524
2	26297893	252	10613
2	26409660	253	10535
2	26521554	254	10650
2	26633482	255	10586
2	26745412	256	10543
2	26857345	257	10476
2	26969187	258	10534
2	27081218	259	10601
2	27192954	260	10586
2	27304910	261	10597
2	27416887	262	10469
2	27528667	263	10614
2	27640567	264	10545
2	27752394	265	10589
2	27864307	266	10628
2	27976065	267	10546
2	28088192	268	10580
2	28200047	269	10554
2	28311796	270	10522
2	28423839	271	10556
2	28535691	272	10623
2	28647536	273	10519
2	28759445	274	10480
2	28871414	275	10629
2	28983303	276	10598
2	29095088	277	10589
2	29207022	278	10541
2	29318922	279	10596
2	29430771	280	10546
2	29542752	281	10515
2	29654674	282	10517
2	29766533	283	10488
2	29878401	284	10646
2	29990328	285	10581
2	30102279	286	10504
2	30214246	287	10616
2	30326122	288	10467
2	30438023	289	10623
2	30549928	290	10567
2	30661816	291	10572
2	30773742	292	10484
2	30885667	293	10562
2	30997499	294	10562
2	31109393	295	10594
2	31221239	296	10518
2	31333253	297	10656
2	31445148	298	10524
2	31556996	299	10591
2	31668907	300	10484
2	31780731	301	10589
2	31892790	302	10521
2	32004536	303	10645
2	32116381	304	10511
2	32228384	305	10637
2	32340191	306	10473
2	32452093	307	10556
2	32564024	308	10661
2	32675878	309	10531
2	32787883	310	10609
2	32899657	311	10470
2	33011604	312	10606
2	33123565	313	10587
2	33235485	314	10579
2	33347315	315	10492
2	33459305	316	10594
2	33571145	317	10548
2	33682873	318	10549
2	33794875	319	10573
2	33906804	320	10585
2	34018631	321	10561
2	34130479	322	10580
2	34242397	323	10530
2	34354343	324	10589
2	34466066	325	10552
2	34578125	326	10584
2	34689994	327	10480
2	34802052	328	10694
2	34913788	329	10511
2	35025733	330	10527
2	35137568	331	10563
2	35249437	332	10657
2	35361391	333	10497
2	35473281	334	10541
2	35585151	335	10557
2	35697098	336	10621
2	35808905	337	10525
2	35920805	338	10569
2	36032714	339	10590
2	36144450	340	10563
2	36256512	341	10626
2	36368500	342	10532
2	36480410	343	10515
2	36592245	344	10529
2	36704116	345	10565
2	36816058	346	10591
2	36927987	347	10504
2	37039770	348	10629
2	37151686	349	10617
2	37263503	350	10548
2	37375432	351	10594
2	37487303	352	10482
2	37599152	353	10563
2	37711185	354	10544
2	37823005	355	10593
2	37934914	356	10620
2	38046758	357	10559
2	38158735	358	10601
2	38270589	359	10495
2	38382422	360	10591
2	38494530	361	10584
2	38606190	362	10485
2	38718195	363	10713
2	38829993	364	10546
2	38941815	365	10563
2	39053725	366	10568
2	39165849	367	10529
2	39277479	368	10587
2	39389576	369	10609
2	39501269	370	10543
2	39613251	371	10607
2	39725125	372	10559
2	39836959	373	10564
2	39948813	374	10561
2	40060715	375	10576
2	40172742	376	10626
2	40284556	377	10574
2	40396404	378	10555
2	40508154	379	10507
2	40620103	380	10604
2	40732105	381	10545
2	40843997	382	10602
2	40955895	383	10559
2	41067759	384	10536
2	41179721	385	10601
2	41291660	386	10494
2	41403506	387	10560
2	41515370	388	10627
2	41627135	389	10569
2	41739159	390	10580
2	41850938	391	10610
2	41962892	392	10587
2	42074740	393	10630
2	42186669	394	10508
2	42298468	395	10673
2	42410368	396	10467
2	42522297	397	10673
2	42634081	398	10469
2	42745953	399	10546
2	42857860	400	10537
2	42969853	401	10560
2	43081746	402	10573
2	43193734	403	10554
2	43305603	404	10537
2	43417528	405	10466
2	43529415	406	10637
2	43641172	407	10532
2	43753210	408	10596
2	43864994	409	10596
2	43976843	410	10518
2	44088833	411	10572
2	44200711	412	10643
2	44312613	413	10519
2	44424529	414	10526
2	44536463	415	10536
2	44648414	416	10632
2	44760214	417	10528
2	44872179	418	10574
2	44983953	419	10479
2	45095917	420	10658
2	45207869	421	10536
2	45319734	422	10580
2	45431616	423	10473
2	45543670	424	10626
2	45655442	425	10490
2	45767399	426	10647
2	45879234	427	10509
2	45991103	428	10648
2	46102983	429	10544
2	46214840	430	10616
2	46326749	431	10557
2	46438577	432	10563
2	46550457	433	10479
2	46662313	434	10655
2	46774379	435	10478
2	46886244	436	10647
2	46998194	437	10540
2	47110043	438	10506
2	47222026	439	10511
2	47333791	440	10572
2	47445882	441	10507
2	47557764	442	10606
2	47669504	443	10570
2	47781430	444	10525
2	47893509	445	10604
2	48005206	446	10586
2	48117188	447	10577
2	48229037	448	10576
2	48340994	449	10575
2	48452855	450	10567
2	48564748	451	10547
2	48676614	452	10603
2	48788527	453	10511
2	48900490	454	10573
2	49012282	455	10578
2	49124110	456	10557
2	49236098	457	10617
2	49347936	458	10541
2	49459754	459	10510
2	49571700	460	10575
2	49683485	461	10705
2	49795618	462	10504
2	49907253	463	10628
2	50019160	464	10496
2	50131092	465	10603
2	50242991	466	10592
2	50354914	467	10513
2	50466857	468	10577
2	50578865	469	10513
2	50690518	470	10516
2	50802588	471	10606
2	50914457	472	10673
2	51026213	473	10503
2	51138247	474	10582
2	51250108	475	10477
2	51362016	476	10588
2	51474000	477	10632
2	51585822	478	10534
2	51697686	479	10533
2	51809595	480	10662
2	51921475	481	10521
2	52033376	482	10562
2	52145197	483	10552
2	52257148	484	10564
2	52368996	485	10555
2	52480928	486	10588
2	52592881	487	10613
2	52704693	488	10468
2	52816640	489	10591
2	52928536	490	10520
2	53040502	491	10590
2	53152247	492	10511
2	53264246	493	10516
2	53376061	494	10540
2	53488131	495	10579
2	53599997	496	10508
2	53711885	497	10608
2	53823802	498	10540
2	53935692	499	10628
2	54047550	500	10537
2	54159433	501	10556
2	54271423	502	10573
2	54383199	503	10576
2	54495211	504	10571
2	54607061	505	10593
2	54718872	506	10490
2	54830721	507	10590
2	54942757	508	10590
2	55054582	509	10524
2	55166621	510	10547
2	55278291	511	10569
2	55390251	512	10509
2	55502097	513	10698
2	55613907	514	10519
2	55725911	515	10570
2	55837898	516	10536
2	55949585	517	10696
2	56061537	518	10466
2	56173498	519	10565
2	56285363	520	10626
2	56397247	521	10549
2	56509177	522	10551
2	56621103	523	10580
2	56732962	524	10547
2	56844799	525	10554
2	56956729	526	10594
2	57068552	527	10541
2	57180504	528	10565
2	57292447	529	10545
2	57404302	530	10584
2	57516289	531	10563
2	57628127	532	10617
2	57739963	533	10585
2	57851783	534	10535
2	57963756	535	10590
2	58075626	536	10539
2	58187508	537	10521
2	58299449	538	10613
2	58411333	539	10582
2	58523318	540	10475
2	58635345	541	10614
2	58747036	542	10523
2	58859012	543	10553
2	58970821	544	10577
2	59082751	545	10482
2	59194778	546	10562
2	59306642	547	10597
2	59418424	548	10585
2	59530269	549	10537
2	59642235	550	10598
2	59754187	551	10559
2	59866052	552	10571
2	59978012	553	10528
2	60089832	554	10559
2	60201588	555	10557
2	60313609	556	10656
2	60425484	557	10498
2	60537444	558	10548
2	60649221	559	10597
2	60761159	560	10558
2	60872965	561	10660
2	60984870	562	10457
2	61096915	563	10580
2	61208791	564	10512
2	61320697	565	10603
2	61432566	566	10558
2	61544517	567	10578
2	61656404	568	10580
2	61768306	569	10522
2	61880230	570	10551
2	61992072	571	10580
2	62103945	572	10551
2	62215867	573	10619
2	62327727	574	10547
2	62439528	575	10521
2	62551492	576	10532
2	62663466	577	10580
2	62775327	578	10620
2	62887281	579	10494
2	62999231	580	10571
2	63111040	581	10627
2	63222951	582	10573
2	63334904	583	10493
2	63446703	584	10565
2	63558737	585	10522
2	63670621	586	10562
2	63782431	587	10623
2	63894198	588	10501
2	64006245	589	10570
2	64118073	590	10602
2	64229962	591	10556
2	64341913	592	10552
2	64453886	593	10541
2	64565740	594	10546
2	64677587	595	10563
2	64789377	596	10532
2	64901398	597	10562
2	65013368	598	10644
2	65125128	599	10532
2	65237100	600	10531
2	65348922	601	10720
2	65460720	602	10530
2	65572749	603	10539
2	65684602	604	10575
2	65796556	605	10500
2	65908466	606	10601
2	66020300	607	10534
2	66132221	608	10596
2	66244101	609	10586
2	66355966	610	10632
2	66467823	611	10486
2	66579676	612	10577
2	66691593	613	10556
2	66803562	614	10599
2	66915252	615	10575
2	67027225	616	10590
2	67139005	617	10497
2	67251115	618	10626
2	67362878	619	10575
2	67474924	620	10537
2	67586776	621	10521
2	67698561	622	10535
2	67810521	623	10635
2	67922426	624	10552
2	68034345	625	10554
2	68146114	626	10568
2	68258242	627	10539
2	68369939	628	10536
2	68481961	629	10576
2	68593915	630	10581
2	68705653	631	10513
2	68817634	632	10545
2	68929595	633	10571
2	69041427	634	10467
2	69153322	635	10619
2	69265162	636	10488
2	69377263	637	10684
2	69489016	638	10533
2	69600772	639	10656
2	69712751	640	10536
2	69824625	641	10565
2	69936478	642	10538
2	70048541	643	10614
2	70160319	644	10490
2	70272253	645	10595
2	70384215	646	10526
2	70496036	647	10513
2	70608031	648	10609
2	70719959	649	10572
2	70831767	650	10575
2	70943577	651	10527
2	71055574	652	10701
2	71167349	653	10532
2	71279342	654	10623
2	71391185	655	10507
2	71503063	656	10600
2	71614921	657	10524
2	71726843	658	10581
2	71838838	659	10489
2	71950724	660	10613
2	72062543	661	10585
2	72174643	662	10486
2	72286405	663	10530
2	72398382	664	10580
2	72510219	665	10626
2	72622022	666	10486
2	72733940	667	10591
2	72846023	668	10611
2	72957709	669	10465
2	73069685	670	10638
2	73181544	671	10583
2	73293289	672	10487
2	73405409	673	10566
2	73517162	674	10671
2	73629097	675	10486
2	73740991	676	10645
2	73852795	677	10485
2	73964754	678	10627
2	74076676	679	10554
2	74188579	680	10587
2	74300478	681	10534
2	74412298	682	10593
2	74524223	683	10577
2	74636132	684	10527
2	74747935	685	10532
2	74859823	686	10539
2	74971900	687	10575
2	75083778	688	10598
2	75195710	689	10522
2	75307512	690	10499
2	75419368	691	10677
2	75531186	692	10591
2	75643272	693	10527
2	75755058	694	10537
2	75866994	695	10554
2	75978794	696	10627
2	76090675	697	10529
2	76202572	698	10566
2	76314589	699	10539
2	76426563	700	10584
2	76538410	701	10508
2	76650343	702	10608
2	76762223	703	10554
2	76874002	704	10570
2	76985994	705	10504
2	77098006	706	10623
2	77209746	707	10525
2	77321599	708	10598
2	77433580	709	10546
2	77545423	710	10539
2	77657359	711	10551
2	77769273	712	10544
2	77881153	713	10685
2	77992959	714	10513
2	78104869	715	10503
2	78216801	716	10582
2	78328772	717	10507
2	78440590	718	10709
2	78552481	719	10434
2	78664423	720	10590
2	78776380	721	10552
2	78888225	722	10573
2	79000103	723	10588
2	79112092	724	10526
2	79223895	725	10624
2	79335803	726	10606
2	79447614	727	10533
2	79559588	728	10609
2	79671437	729	10497
2	79783376	730	10585
2	79895202	731	10517
2	80007155	732	10600
2	80118977	733	10609
2	80230842	734	10526
2	80342709	735	10581
2	80454571	736	10557
2	80566393	737	10554
2	80678493	738	10678
2	80790241	739	10533
2	80902158	740	10609
2	81014133	741	10509
2	81125979	742	10549
2	81237797	743	10600
2	81349688	744	10581
2	81461579	745	10570
2	81573518	746	10557
2	81685395	747	10610
2	81797307	748	10417
2	81909242	749	10642
2	82021098	750	10572
2	82132987	751	10578
2	82244757	752	10519
2	82356755	753	10621
2	82468689	754	10590
2	82580485	755	10559
2	82692356	756	10520
2	82804345	757	10589
2	82916251	758	10539
2	83028230	759	10619
2	83140046	760	10543
2	83251943	761	10530
2	83363670	762	10568
2	83475636	763	10624
2	83587623	764	10572
2	83699255	765	10546
2	83811365	766	10630
2	83923268	767	10452
2	84035178	768	10571
2	84146986	769	10599
2	84258851	770	10520
2	84370768	771	10621
2	84482747	772	10485
2	84594652	773	10615
2	84706555	774	10569
2	84818325	775	10607
2	84930378	776	10569
2	85042220	777	10621
2	85154025	778	10527
2	85265896	779	10526
2	85377912	780	10624
2	85489767	781	10453
2	85601638	782	10652
2	85713512	783	10493
2	85825409	784	10588
2	85937384	785	10524
2	86049282	786	10529
2	86161106	787	10688
2	86272927	788	10513
2	86384948	789	10553
2	86496884	790	10537
2	86608661	791	10590
2	86720674	792	10546
2	86832403	793	10606
2	86944351	794	10620
2	87056091	795	10543
2	87168020	796	10646
2	87279759	797	10568
2	87391793	798	10570
2	87503857	799	10559
2	87615527	800	10554
2	87727470	801	10556
2	87839371	802	10575
2	87951213	803	10552
2	88063255	804	10493
2	88175155	805	10543
2	88286981	806	10559
2	88398867	807	10634
2	88510970	808	10520
2	88622692	809	10615
2	88734605	810	10583
2	88846588	811	10514
2	88958438	812	10520
2	89070372	813	10553
2	89182227	814	10588
2	89294028	815	10551
2	89406105	816	10578
2	89517999	817	10528
2	89629843	818	10586
2	89741771	819	10559
2	89853652	820	10610
2	89965409	821	10550
2	90077359	822	10594
2	90189381	823	10535
2	90301074	824	10572
2	90413104	825	10622
2	90524992	826	10522
2	90636860	827	10520
2	90748762	828	10594
2	90860598	829	10565
2	90972525	830	10608
2	91084473	831	10500
2	91196339	832	10508
2	91308215	833	10563
2	91420169	834	10701
2	91532056	835	10481
2	91643815	836	10524
2	91755841	837	10599
2	91867758	838	10553
2	91979514	839	10578
2	92091544	840	10682
2	92203404	841	10502
2	92315252	842	10531
2	92427206	843	10512
2	92539120	844	10604
2	92650871	845	10556
2	92762922	846	10571
2	92874827	847	10532
2	92986697	848	10527
2	93098740	849	10522
2	93210599	850	10612
2	93322350	851	10544
2	93434310	852	10587
2	93546274	853	10584
2	93658096	854	10503
2	93769929	855	10609
2	93881890	856	10542
2	93993641	857	10556
2	94105631	858	10548
2	94217609	859	10576
2	94329287	860	10566
2	94441278	861	10622
2	94553245	862	10536
2	94665020	863	10535
2	94776912	864	10595
2	94888854	865	10495
2	95000658	866	10566
2	95112671	867	10600
2	95224624	868	10586
2	95336576	869	10514
2	95448424	870	10510
2	95560367	871	10623
2	95672278	872	10537
2	95784199	873	10551
2	95896134	874	10565
2	96007865	875	10615
2	96119783	876	10557
2	96231777	877	10524
2	96343531	878	10598
2	96455512	879	10617
2	96567299	880	10422
2	96679255	881	10636
2	96791188	882	10602
2	96903035	883	10536
2	97014977	884	10584
2	97126818	885	10568
2	97238693	886	10508
2	97350610	887	10609
2	97462710	888	10618
2	97574370	889	10474
2	97686277	890	10595
2	97798202	891	10580
2	97910120	892	10573
2	98021944	893	10516
2	98133753	894	10606
2	98245827	895	10552
2	98357750	896	10543
2	98469569	897	10512
2	98581387	898	10619
2	98693232	899	10591
2	98805169	900	10449
2	98917099	901	10618
2	99029065	902	10569
2	99140958	903	10555
2	99252951	904	10606
2	99364592	905	10534
2	99476626	906	10582
2	99588495	907	10607
2	99700339	908	10562
2	99812254	909	10650
2	99924238	910	10441
2	100036045	911	10599
2	100148029	912	10467
2	100259862	913	10586
2	100371863	914	10591
2	100483835	915	10566
2	100595576	916	10579
2	100707554	917	10611
2	100819302	918	10526
2	100931185	919	10566
2	101043096	920	10516
2	101154945	921	10701
2	101266937	922	10445
2	101378698	923	10639
2	101490750	924	10510
2	101602605	925	10555
2	101714563	926	10520
2	101826482	927	10622
2	101938236	928	10518
2	102050188	929	10586
2	102162138	930	10576
2	102274074	931	10498
2	102385871	932	10594
2	102497905	933	10567
2	102609543	934	10580
2	102721508	935	10555
2	102833328	936	10571
2	102945424	937	10566
2	103057211	938	10532
2	103169291	939	10578
2	103281079	940	10610
2	103392943	941	10599
2	103504791	942	10504
2	103616701	943	10581
2	103728600	944	10510
2	103840539	945	10560
2	103952481	946	10573
2	104064382	947	10547
2	104176130	948	10532
2	104288164	949	10547
2	104400005	950	10515
2	104511912	951	10631
2	104623801	952	10554
2	104735760	953	10660
2	104847509	954	10567
2	104959411	955	10544
2	105071235	956	10576
2	105183261	957	10629
2	105295077	958	10486
2	105406914	959	10527
2	105518790	960	10701
2	105630800	961	10571
2	105742517	962	10548
2	105854566	963	10534
2	105966377	964	10554
2	106078265	965	10587
2	106190182	966	10609
2	106302052	967	10585
2	106414105	968	10563
2	106525963	969	10536
2	106637732	970	10620
2	106749658	971	10471
2	106861558	972	10590
2	106973480	973	10518
2	107085282	974	10664
2	107197129	975	10520
2	107309097	976	10559
2	107420970	977	10581
2	107532796	978	10553
2	107644695	979	10610
2	107756670	980	10542
2	107868443	981	10588
2	107980370	982	10612
2	108092179	983	10531
2	108204062	984	10586
2	108316004	985	10615
2	108427945	986	10627
2	108539862	987	10453
2	108651767	988	10589
2	108763523	989	10551
2	108875571	990	10568
2	108987373	991	10602
2	109099300	992	10539
2	109211116	993	10626
2	109323095	994	10539
2	109434923	995	10617
2	109546999	996	10531
2	109658719	997	10591
2	109770579	998	10528
2	109882472	999	10540
3	4280	17	0
3	115052	18	0
3	226390	19	0
3	338457	20	0
3	450476	21	0
3	562408	22	0
3	674184	23	0
3	785997	24	0
3	897912	25	0
3	1009824	26	0
3	1121621	27	0
3	1233643	28	0
3	1345471	29	0
3	1457360	30	0
3	1569220	31	0
3	1681173	32	0
3	1793040	33	0
3	1904922	34	0
3	2016879	35	0
3	2128602	36	0
3	2240713	37	0
3	2352492	38	0
3	2464289	39	0
3	2576136	40	0
3	2688064	41	0
3	2799979	42	0
3	2911872	43	0
3	3023793	44	0
3	3135654	45	0
3	3247459	46	0
3	3359379	47	0
3	3471324	48	0
3	3583325	49	0
3	3695074	50	0
3	3807008	51	0
3	3918927	52	0
3	4030667	53	0
3	4142721	54	0
3	4254711	55	0
3	4366430	56	0
3	4478450	57	0
3	4590286	58	0
3	4702140	59	0
3	4814131	60	0
3	4926002	61	0
3	5037927	62	0
3	5149881	63	0
3	5261749	64	0
3	5373594	65	0
3	5485560	66	0
3	5597355	67	0
3	5709320	68	0
3	5821187	69	0
3	5933071	70	0
3	6044922	71	0
3	6156769	72	0
3	6268756	73	0
3	6380739	74	0
3	6492463	75	0
3	6604281	76	0
3	6716342	77	0
3	6828231	78	0
3	6940039	79	0
3	7052057	80	0
3	7163888	81	0
3	7275742	82	0
3	7387632	83	0
3	7499436	84	0
3	7611379	85	0
3	7723366	86	0
3	7835032	87	0
3	7947139	88	0
3	8059007	89	0
3	8170893	90	0
3	8282799	91	0
3	8394640	92	0
3	8506552	93	0
3	8618476	94	0
3	8730300	95	0
3	8842277	96	0
3	8954083	97	0
3	9066057	98	0
3	9177869	99	0
3	9289895	100	0
3	9401794	101	0
3	9513645	102	0
3	9625532	103	0
3	9737455	104	0
3	9849323	105	0
3	9961291	106	0
3	10073171	107	0
3	10184992	108	0
3	10296900	109	0
3	10408739	110	0
3	10520574	111	0
3	10632540	112	0
3	10744339	113	0
3	10856400	114	0
3	10968267	115	0
3	11080061	116	0
3	11191978	117	0
3	11303874	118	0
3	11415855	119	0
3	11527673	120	0
3	11639507	121	0
3	11751397	122	0
3	11863447	123	0
3	11975257	124	0
3	12087168	125	0
3	12199146	126	0
3	12310944	127	0
3	12422960	128	0
3	12534882	129	0
3	12646790	130	0
3	12758565	131	0
3	12870416	132	0
3	12982554	133	0
3	13094379	134	0
3	13206182	135	0
3	13318062	136	0
3	13430099	137	0
3	13541874	138	0
3	13653706	139	0
3	13765628	140	0
3	13877584	141	0
3	13989503	142	0
3	14101467	143	0
3	14213332	144	0
3	14325245	145	0
3	14437050	146	0
3	14548934	147	0
3	14660894	148	0
3	14772916	149	0
3	14884752	150	0
3	14996529	151	0
3	15108519	152	0
3	15220374	153	0
3	15332278	154	0
3	15444244	155	0
3	15556071	156	0
3	15668051	157	0
3	15779941	158	0
3	15891871	159	0
3	16003744	160	0
3	16115462	161	0
3	16227413	162	0
3	16339413	163	0
3	16451412	164	0
3	16563179	165	0
3	16675174	166	0
3	16786998	167	0
3	16898889	168	0
3	17010717	169	0
3	17122671	170	0
3	17234514	171	0
3	17346529	172	0
3	17458422	173	0
3	17570247	174	0
3	17682232	175	0
3	17794141	176	0
3	17906003	177	0
3	18017897	178	0
3	18129691	179	0
3	18241651	180	0
3	18353467	181	0
3	18465351	182	0
3	18577325	183	0
3	18689169	184	0
3	18801067	185	0
3	18912984	186	0
3	19024806	187	0
3	19136640	188	0
3	19248704	189	0
3	19360526	190	0
3	19472248	191	0
3	19584393	192	0
3	19696198	193	0
3	19808049	194	0
3	19919954	195	0
3	20031844	196	0
3	20143774	197	0
3	20255685	198	0
3	20367483	199	0
3	20479311	200	0
3	20591293	201	0
3	20703166	202	0
3	20815046	203	0
3	20926975	204	0
3	21038915	205	0
3	21150836	206	0
3	21262760	207	0
3	21374718	208	0
3	21486462	209	0
3	21598455	210	0
3	21710265	211	0
3	21822153	212	0
3	21934025	213	0
3	22045965	214	0
3	22157866	215	0
3	22269741	216	0
3	22381572	217	0
3	22493549	218	0
3	22605317	219	0
3	22717402	220	0
3	22829282	221	0
3	22941204	222	0
3	23052928	223	0
3	23164780	224	0
3	23276775	225	0
3	23388661	226	0
3	23500466	227	0
3	23612484	228	0
3	23724363	229	0
3	23836109	230	0
3	23948013	231	0
3	24060126	232	0
3	24171934	233	0
3	24283825	234	0
3	24395654	235	0
3	24507522	236	0
3	24619377	237	0
3	24731423	238	0
3	24843336	239	0
3	24955219	240	0
3	25066932	241	0
3	25178910	242	0
3	25290672	243	0
3	25402654	244	0
3	25514465	245	0
3	25626347	246	0
3	25738413	247	0
3	25850228	248	0
3	25962031	249	0
3	26074002	250	0
3	26185866	251	0
3	26297893	252	0
3	26409660	253	0
3	26521554	254	0
3	26633482	255	0
3	26745412	256	0
3	26857345	257	0
3	26969187	258	0
3	27081218	259	0
3	27192954	260	0
3	27304910	261	0
3	27416887	262	0
3	27528667	263	0
3	27640567	264	0
3	27752394	265	0
3	27864307	266	0
3	27976065	267	0
3	28088192	268	0
3	28200047	269	0
3	28311796	270	0
3	28423839	271	0
3	28535691	272	0
3	28647536	273	0
3	28759445	274	0
3	28871414	275	0
3	28983303	276	0
3	29095088	277	0
3	29207022	278	0
3	29318922	279	0
3	29430771	280	0
3	29542752	281	0
3	29654674	282	0
3	29766533	283	0
3	29878401	284	0
3	29990328	285	0
3	30102279	286	0
3	30214246	287	0
3	30326122	288	0
3	30438023	289	0
3	30549928	290	0
3	30661816	291	0
3	30773742	292	0
3	30885667	293	0
3	30997499	294	0
3	31109393	295	0
3	31221239	296	0
3	31333253	297	0
3	31445148	298	0
3	31556996	299	0
3	31668907	300	0
3	31780731	301	0
3	31892790	302	0
3	32004536	303	0
3	32116381	304	0
3	32228384	305	0
3	32340191	306	0
3	32452093	307	0
3	32564024	308	0
3	32675878	309	0
3	32787883	310	0
3	32899657	311	0
3	33011604	312	0
3	33123565	313	0
3	33235485	314	0
3	33347315	315	0
3	33459305	316	0
3	33571145	317	0
3	33682873	318	0
3	33794875	319	0
3	33906804	320	0
3	34018631	321	0
3	34130479	322	0
3	34242397	323	0
3	34354343	324	0
3	34466066	325	0
3	34578125	326	0
3	34689994	327	0
3	34802052	328	0
3	34913788	329	0
3	35025733	330	0
3	35137568	331	0
3	35249437	332	0
3	35361391	333	0
3	35473281	334	0
3	35585151	335	0
3	35697098	336	0
3	35808905	337	0
3	35920805	338	0
3	36032714	339	0
3	36144450	340	0
3	36256512	341	0
3	36368500	342	0
3	36480410	343	0
3	36592245	344	0
3	36704116	345	0
3	36816058	346	0
3	36927987	347	0
3	37039770	348	0
3	37151686	349	0
3	37263503	350	0
3	37375432	351	0
3	37487303	352	0
3	37599152	353	0
3	37711185	354	0
3	37823005	355	0
3	37934914	356	0
3	38046758	357	0
3	38158735	358	0
3	38270589	359	0
3	38382422	360	0
3	38494530	361	0
3	38606190	362	0
3	38718195	363	0
3	38829993	364	0
3	38941815	365	0
3	39053725	366	0
3	39165849	367	0
3	39277479	368	0
3	39389576	369	0
3	39501269	370	0
3	39613251	371	0
3	39725125	372	0
3	39836959	373	0
3	39948813	374	0
3	40060715	375	0
3	40172742	376	0
3	40284556	377	0
3	40396404	378	0
3	40508154	379	0
3	40620103	380	0
3	40732105	381	0
3	40843997	382	0
3	40955895	383	0
3	41067759	384	0
3	41179721	385	0
3	41291660	386	0
3	41403506	387	0
3	41515370	388	0
3	41627135	389	0
3	41739159	390	0
3	41850938	391	0
3	41962892	392	0
3	42074740	393	0
3	42186669	394	0
3	42298468	395	0
3	42410368	396	0
3	42522297	397	0
3	42634081	398	0
3	42745953	399	0
3	42857860	400	0
3	42969853	401	0
3	43081746	402	0
3	43193734	403	0
3	43305603	404	0
3	43417528	405	0
3	43529415	406	0
3	43641172	407	0
3	43753210	408	0
3	43864994	409	0
3	43976843	410	0
3	44088833	411	0
3	44200711	412	0
3	44312613	413	0
3	44424529	414	0
3	44536463	415	0
3	44648414	416	0
3	44760214	417	0
3	44872179	418	0
3	44983953	419	0
3	45095917	420	0
3	45207869	421	0
3	45319734	422	0
3	45431616	423	0
3	45543670	424	0
3	45655442	425	0
3	45767399	426	0
3	45879234	427	0
3	45991103	428	0
3	46102983	429	0
3	46214840	430	0
3	46326749	431	0
3	46438577	432	0
3	46550457	433	0
3	46662313	434	0
3	46774379	435	0
3	46886244	436	0
3	46998194	437	0
3	47110043	438	0
3	47222026	439	0
3	47333791	440	0
3	47445882	441	0
3	47557764	442	0
3	47669504	443	0
3	47781430	444	0
3	47893509	445	0
3	48005206	446	0
3	48117188	447	0
3	48229037	448	0
3	48340994	449	0
3	48452855	450	0
3	48564748	451	0
3	48676614	452	0
3	48788527	453	0
3	48900490	454	0
3	49012282	455	0
3	49124110	456	0
3	49236098	457	0
3	49347936	458	0
3	49459754	459	0
3	49571700	460	0
3	49683485	461	0
3	49795618	462	0
3	49907253	463	0
3	50019160	464	0
3	50131092	465	0
3	50242991	466	0
3	50354914	467	0
3	50466857	468	0
3	50578865	469	0
3	50690518	470	0
3	50802588	471	0
3	50914457	472	0
3	51026213	473	0
3	51138247	474	0
3	51250108	475	0
3	51362016	476	0
3	51474000	477	0
3	51585822	478	0
3	51697686	479	0
3	51809595	480	0
3	51921475	481	0
3	52033376	482	0
3	52145197	483	0
3	52257148	484	0
3	52368996	485	0
3	52480928	486	0
3	52592881	487	0
3	52704693	488	0
3	52816640	489	0
3	52928536	490	0
3	53040502	491	0
3	53152247	492	0
3	53264246	493	0
3	53376061	494	0
3	53488131	495	0
3	53599997	496	0
3	53711885	497	0
3	53823802	498	0
3	53935692	499	0
3	54047550	500	0
3	54159433	501	0
3	54271423	502	0
3	54383199	503	0
3	54495211	504	0
3	54607061	505	0
3	54718872	506	0
3	54830721	507	0
3	54942757	508	0
3	55054582	509	0
3	55166621	510	0
3	55278291	511	0
3	55390251	512	0
3	55502097	513	0
3	55613907	514	0
3	55725911	515	0
3	55837898	516	0
3	55949585	517	0
3	56061537	518	0
3	56173498	519	0
3	56285363	520	0
3	56397247	521	0
3	56509177	522	0
3	56621103	523	0
3	56732962	524	0
3	56844799	525	0
3	56956729	526	0
3	57068552	527	0
3	57180504	528	0
3	57292447	529	0
3	57404302	530	0
3	57516289	531	0
3	57628127	532	0
3	57739963	533	0
3	57851783	534	0
3	57963756	535	0
3	58075626	536	0
3	58187508	537	0
3	58299449	538	0
3	58411333	539	0
3	58523318	540	0
3	58635345	541	0
3	58747036	542	0
3	58859012	543	0
3	58970821	544	0
3	59082751	545	0
3	59194778	546	0
3	59306642	547	0
3	59418424	548	0
3	59530269	549	0
3	59642235	550	0
3	59754187	551	0
3	59866052	552	0
3	59978012	553	0
3	60089832	554	0
3	60201588	555	0
3	60313609	556	0
3	60425484	557	0
3	60537444	558	0
3	60649221	559	0
3	60761159	560	0
3	60872965	561	0
3	60984870	562	0
3	61096915	563	0
3	61208791	564	0
3	61320697	565	0
3	61432566	566	0
3	61544517	567	0
3	61656404	568	0
3	61768306	569	0
3	61880230	570	0
3	61992072	571	0
3	62103945	572	0
3	62215867	573	0
3	62327727	574	0
3	62439528	575	0
3	62551492	576	0
3	62663466	577	0
3	62775327	578	0
3	62887281	579	0
3	62999231	580	0
3	63111040	581	0
3	63222951	582	0
3	63334904	583	0
3	63446703	584	0
3	63558737	585	0
3	63670621	586	0
3	63782431	587	0
3	63894198	588	0
3	64006245	589	0
3	64118073	590	0
3	64229962	591	0
3	64341913	592	0
3	64453886	593	0
3	64565740	594	0
3	64677587	595	0
3	64789377	596	0
3	64901398	597	0
3	65013368	598	0
3	65125128	599	0
3	65237100	600	0
3	65348922	601	0
3	65460720	602	0
3	65572749	603	0
3	65684602	604	0
3	65796556	605	0
3	65908466	606	0
3	66020300	607	0
3	66132221	608	0
3	66244101	609	0
3	66355966	610	0
3	66467823	611	0
3	66579676	612	0
3	66691593	613	0
3	66803562	614	0
3	66915252	615	0
3	67027225	616	0
3	67139005	617	0
3	67251115	618	0
3	67362878	619	0
3	67474924	620	0
3	67586776	621	0
3	67698561	622	0
3	67810521	623	0
3	67922426	624	0
3	68034345	625	0
3	68146114	626	0
3	68258242	627	0
3	68369939	628	0
3	68481961	629	0
3	68593915	630	0
3	68705653	631	0
3	68817634	632	0
3	68929595	633	0
3	69041427	634	0
3	69153322	635	0
3	69265162	636	0
3	69377263	637	0
3	69489016	638	0
3	69600772	639	0
3	69712751	640	0
3	69824625	641	0
3	69936478	642	0
3	70048541	643	0
3	70160319	644	0
3	70272253	645	0
3	70384215	646	0
3	70496036	647	0
3	70608031	648	0
3	70719959	649	0
3	70831767	650	0
3	70943577	651	0
3	71055574	652	0
3	71167349	653	0
3	71279342	654	0
3	71391185	655	0
3	71503063	656	0
3	71614921	657	0
3	71726843	658	0
3	71838838	659	0
3	71950724	660	0
3	72062543	661	0
3	72174643	662	0
3	72286405	663	0
3	72398382	664	0
3	72510219	665	0
3	72622022	666	0
3	72733940	667	0
3	72846023	668	0
3	72957709	669	0
3	73069685	670	0
3	73181544	671	0
3	73293289	672	0
3	73405409	673	0
3	73517162	674	0
3	73629097	675	0
3	73740991	676	0
3	73852795	677	0
3	73964754	678	0
3	74076676	679	0
3	74188579	680	0
3	74300478	681	0
3	74412298	682	0
3	74524223	683	0
3	74636132	684	0
3	74747935	685	0
3	74859823	686	0
3	74971900	687	0
3	75083778	688	0
3	75195710	689	0
3	75307512	690	0
3	75419368	691	0
3	75531186	692	0
3	75643272	693	0
3	75755058	694	0
3	75866994	695	0
3	75978794	696	0
3	76090675	697	0
3	76202572	698	0
3	76314589	699	0
3	76426563	700	0
3	76538410	701	0
3	76650343	702	0
3	76762223	703	0
3	76874002	704	0
3	76985994	705	0
3	77098006	706	0
3	77209746	707	0
3	77321599	708	0
3	77433580	709	0
3	77545423	710	0
3	77657359	711	0
3	77769273	712	0
3	77881153	713	0
3	77992959	714	0
3	78104869	715	0
3	78216801	716	0
3	78328772	717	0
3	78440590	718	0
3	78552481	719	0
3	78664423	720	0
3	78776380	721	0
3	78888225	722	0
3	79000103	723	0
3	79112092	724	0
3	79223895	725	0
3	79335803	726	0
3	79447614	727	0
3	79559588	728	0
3	79671437	729	0
3	79783376	730	0
3	79895202	731	0
3	80007155	732	0
3	80118977	733	0
3	80230842	734	0
3	80342709	735	0
3	80454571	736	0
3	80566393	737	0
3	80678493	738	0
3	80790241	739	0
3	80902158	740	0
3	81014133	741	0
3	81125979	742	0
3	81237797	743	0
3	81349688	744	0
3	81461579	745	0
3	81573518	746	0
3	81685395	747	0
3	81797307	748	0
3	81909242	749	0
3	82021098	750	0
3	82132987	751	0
3	82244757	752	0
3	82356755	753	0
3	82468689	754	0
3	82580485	755	0
3	82692356	756	0
3	82804345	757	0
3	82916251	758	0
3	83028230	759	0
3	83140046	760	0
3	83251943	761	0
3	83363670	762	0
3	83475636	763	0
3	83587623	764	0
3	83699255	765	0
3	83811365	766	0
3	83923268	767	0
3	84035178	768	0
3	84146986	769	0
3	84258851	770	0
3	84370768	771	0
3	84482747	772	0
3	84594652	773	0
3	84706555	774	0
3	84818325	775	0
3	84930378	776	0
3	85042220	777	0
3	85154025	778	0
3	85265896	779	0
3	85377912	780	0
3	85489767	781	0
3	85601638	782	0
3	85713512	783	0
3	85825409	784	0
3	85937384	785	0
3	86049282	786	0
3	86161106	787	0
3	86272927	788	0
3	86384948	789	0
3	86496884	790	0
3	86608661	791	0
3	86720674	792	0
3	86832403	793	0
3	86944351	794	0
3	87056091	795	0
3	87168020	796	0
3	87279759	797	0
3	87391793	798	0
3	87503857	799	0
3	87615527	800	0
3	87727470	801	0
3	87839371	802	0
3	87951213	803	0
3	88063255	804	0
3	88175155	805	0
3	88286981	806	0
3	88398867	807	0
3	88510970	808	0
3	88622692	809	0
3	88734605	810	0
3	88846588	811	0
3	88958438	812	0
3	89070372	813	0
3	89182227	814	0
3	89294028	815	0
3	89406105	816	0
3	89517999	817	0
3	89629843	818	0
3	89741771	819	0
3	89853652	820	0
3	89965409	821	0
3	90077359	822	0
3	90189381	823	0
3	90301074	824	0
3	90413104	825	0
3	90524992	826	0
3	90636860	827	0
3	90748762	828	0
3	90860598	829	0
3	90972525	830	0
3	91084473	831	0
3	91196339	832	0
3	91308215	833	0
3	91420169	834	0
3	91532056	835	0
3	91643815	836	0
3	91755841	837	0
3	91867758	838	0
3	91979514	839	0
3	92091544	840	0
3	92203404	841	0
3	92315252	842	0
3	92427206	843	0
3	92539120	844	0
3	92650871	845	0
3	92762922	846	0
3	92874827	847	0
3	92986697	848	0
3	93098740	849	0
3	93210599	850	0
3	93322350	851	0
3	93434310	852	0
3	93546274	853	0
3	93658096	854	0
3	93769929	855	0
3	93881890	856	0
3	93993641	857	0
3	94105631	858	0
3	94217609	859	0
3	94329287	860	0
3	94441278	861	0
3	94553245	862	0
3	94665020	863	0
3	94776912	864	0
3	94888854	865	0
3	95000658	866	0
3	95112671	867	0
3	95224624	868	0
3	95336576	869	0
3	95448424	870	0
3	95560367	871	0
3	95672278	872	0
3	95784199	873	0
3	95896134	874	0
3	96007865	875	0
3	96119783	876	0
3	96231777	877	0
3	96343531	878	0
3	96455512	879	0
3	96567299	880	0
3	96679255	881	0
3	96791188	882	0
3	96903035	883	0
3	97014977	884	0
3	97126818	885	0
3	97238693	886	0
3	97350610	887	0
3	97462710	888	0
3	97574370	889	0
3	97686277	890	0
3	97798202	891	0
3	97910120	892	0
3	98021944	893	0
3	98133753	894	0
3	98245827	895	0
3	98357750	896	0
3	98469569	897	0
3	98581387	898	0
3	98693232	899	0
3	98805169	900	0
3	98917099	901	0
3	99029065	902	0
3	99140958	903	0
3	99252951	904	0
3	99364592	905	0
3	99476626	906	0
3	99588495	907	0
3	99700339	908	0
3	99812254	909	0
3	99924238	910	0
3	100036045	911	0
3	100148029	912	0
3	100259862	913	0
3	100371863	914	0
3	100483835	915	0
3	100595576	916	0
3	100707554	917	0
3	100819302	918	0
3	100931185	919	0
3	101043096	920	0
3	101154945	921	0
3	101266937	922	0
3	101378698	923	0
3	101490750	924	0
3	101602605	925	0
3	101714563	926	0
3	101826482	927	0
3	101938236	928	0
3	102050188	929	0
3	102162138	930	0
3	102274074	931	0
3	102385871	932	0
3	102497905	933	0
3	102609543	934	0
3	102721508	935	0
3	102833328	936	0
3	102945424	937	0
3	103057211	938	0
3	103169291	939	0
3	103281079	940	0
3	103392943	941	0
3	103504791	942	0
3	103616701	943	0
3	103728600	944	0
3	103840539	945	0
3	103952481	946	0
3	104064382	947	0
3	104176130	948	0
3	104288164	949	0
3	104400005	950	0
3	104511912	951	0
3	104623801	952	0
3	104735760	953	0
3	104847509	954	0
3	104959411	955	0
3	105071235	956	0
3	105183261	957	0
3	105295077	958	0
3	105406914	959	0
3	105518790	960	0
3	105630800	961	0
3	105742517	962	0
3	105854566	963	0
3	105966377	964	0
3	106078265	965	0
3	106190182	966	0
3	106302052	967	0
3	106414105	968	0
3	106525963	969	0
3	106637732	970	0
3	106749658	971	0
3	106861558	972	0
3	106973480	973	0
3	107085282	974	0
3	107197129	975	0
3	107309097	976	0
3	107420970	977	0
3	107532796	978	0
3	107644695	979	0
3	107756670	980	0
3	107868443	981	0
3	107980370	982	0
3	108092179	983	0
3	108204062	984	0
3	108316004	985	0
3	108427945	986	0
3	108539862	987	0
3	108651767	988	0
3	108763523	989	0
3	108875571	990	0
3	108987373	991	0
3	109099300	992	0
3	109211116	993	0
3	109323095	994	0
3	109434923	995	0
3	109546999	996	0
3	109658719	997	0
3	109770579	998	0
3	109882472	999	0
4	3695072	50	20
4	9289893	100	20
4	14884750	150	20
4	20479309	200	20
4	26074000	250	20
4	31668905	300	20
4	37263501	350	20
4	42857858	400	20
4	48452853	450	20
4	54047548	500	20
4	59642233	550	20
4	65237098	600	20
4	70831765	650	20
4	76426561	700	20
4	82021096	750	20
4	87615525	800	20
4	93210597	850	20
4	98805167	900	20
4	104400003	950	20
4	109994398	1000	20
5	3695072	50	0
5	9289893	100	0
5	14884750	150	0
5	20479309	200	0
5	26074000	250	0
5	31668905	300	0
5	37263501	350	0
5	42857858	400	0
5	48452853	450	0
5	54047548	500	0
5	59642233	550	0
5	65237098	600	0
5	70831765	650	0
5	76426561	700	0
5	82021096	750	0
5	87615525	800	0
5	93210597	850	0
5	98805167	900	0
5	104400003	950	0
5	109994398	1000	0
