#Bucket,BasicCC-
0.000000000000000000e+00,0.000000000000000000e+00
1.000000000000000000e+00,0.000000000000000000e+00
2.000000000000000000e+00,0.000000000000000000e+00
3.000000000000000000e+00,0.000000000000000000e+00
4.000000000000000000e+00,0.000000000000000000e+00
5.000000000000000000e+00,0.000000000000000000e+00
6.000000000000000000e+00,0.000000000000000000e+00
7.000000000000000000e+00,0.000000000000000000e+00
8.000000000000000000e+00,0.000000000000000000e+00
9.000000000000000000e+00,0.000000000000000000e+00
1.000000000000000000e+01,0.000000000000000000e+00
1.100000000000000000e+01,0.000000000000000000e+00
1.200000000000000000e+01,0.000000000000000000e+00
1.300000000000000000e+01,0.000000000000000000e+00
1.400000000000000000e+01,0.000000000000000000e+00
1.500000000000000000e+01,0.000000000000000000e+00
1.600000000000000000e+01,0.000000000000000000e+00
1.700000000000000000e+01,0.000000000000000000e+00
1.800000000000000000e+01,6.120000000000000000e+03
1.900000000000000000e+01,1.055500000000000000e+04
2.000000000000000000e+01,1.082600000000000000e+04
2.100000000000000000e+01,1.100300000000000000e+04
2.200000000000000000e+01,1.090100000000000000e+04
2.300000000000000000e+01,1.092900000000000000e+04
2.400000000000000000e+01,1.099600000000000000e+04
2.500000000000000000e+01,1.096000000000000000e+04
2.600000000000000000e+01,1.097000000000000000e+04
2.700000000000000000e+01,1.093900000000000000e+04
2.800000000000000000e+01,1.101000000000000000e+04
2.900000000000000000e+01,1.099300000000000000e+04
3.000000000000000000e+01,1.089100000000000000e+04
3.100000000000000000e+01,1.098100000000000000e+04
3.200000000000000000e+01,1.094500000000000000e+04
3.300000000000000000e+01,1.100600000000000000e+04
3.400000000000000000e+01,1.098700000000000000e+04
3.500000000000000000e+01,1.094100000000000000e+04
3.600000000000000000e+01,1.097600000000000000e+04
3.700000000000000000e+01,1.097100000000000000e+04
3.800000000000000000e+01,1.095700000000000000e+04
3.900000000000000000e+01,1.092600000000000000e+04
4.000000000000000000e+01,1.096900000000000000e+04
4.100000000000000000e+01,1.104300000000000000e+04
4.200000000000000000e+01,1.089500000000000000e+04
4.300000000000000000e+01,1.088600000000000000e+04
4.400000000000000000e+01,1.100600000000000000e+04
4.500000000000000000e+01,1.101200000000000000e+04
4.600000000000000000e+01,1.099200000000000000e+04
4.700000000000000000e+01,1.093600000000000000e+04
4.800000000000000000e+01,1.094500000000000000e+04
4.900000000000000000e+01,1.095700000000000000e+04
5.000000000000000000e+01,1.096300000000000000e+04
5.100000000000000000e+01,1.095800000000000000e+04
5.200000000000000000e+01,1.098900000000000000e+04
5.300000000000000000e+01,1.094800000000000000e+04
5.400000000000000000e+01,1.101500000000000000e+04
5.500000000000000000e+01,1.085800000000000000e+04
5.600000000000000000e+01,1.101100000000000000e+04
5.700000000000000000e+01,1.094400000000000000e+04
5.800000000000000000e+01,1.094300000000000000e+04
5.900000000000000000e+01,1.095500000000000000e+04
6.000000000000000000e+01,1.099400000000000000e+04
6.100000000000000000e+01,1.099200000000000000e+04
6.200000000000000000e+01,1.095600000000000000e+04
6.300000000000000000e+01,1.091700000000000000e+04
6.400000000000000000e+01,1.098400000000000000e+04
6.500000000000000000e+01,1.097800000000000000e+04
6.600000000000000000e+01,1.098200000000000000e+04
6.700000000000000000e+01,1.095900000000000000e+04
6.800000000000000000e+01,1.098000000000000000e+04
6.900000000000000000e+01,1.094600000000000000e+04
7.000000000000000000e+01,1.096700000000000000e+04
7.100000000000000000e+01,1.093000000000000000e+04
7.200000000000000000e+01,1.101200000000000000e+04
7.300000000000000000e+01,1.094600000000000000e+04
7.400000000000000000e+01,1.095700000000000000e+04
7.500000000000000000e+01,1.103800000000000000e+04
7.600000000000000000e+01,1.091700000000000000e+04
7.700000000000000000e+01,1.098900000000000000e+04
7.800000000000000000e+01,1.090500000000000000e+04
7.900000000000000000e+01,1.108000000000000000e+04
8.000000000000000000e+01,1.093300000000000000e+04
8.100000000000000000e+01,1.092300000000000000e+04
8.200000000000000000e+01,1.097600000000000000e+04
8.300000000000000000e+01,1.104600000000000000e+04
8.400000000000000000e+01,1.089500000000000000e+04
8.500000000000000000e+01,1.101000000000000000e+04
8.600000000000000000e+01,1.089900000000000000e+04
8.700000000000000000e+01,1.097700000000000000e+04
8.800000000000000000e+01,1.100700000000000000e+04
8.900000000000000000e+01,1.092000000000000000e+04
9.000000000000000000e+01,1.096400000000000000e+04
9.100000000000000000e+01,1.093200000000000000e+04
9.200000000000000000e+01,1.100000000000000000e+04
9.300000000000000000e+01,1.090100000000000000e+04
9.400000000000000000e+01,1.098200000000000000e+04
9.500000000000000000e+01,1.097400000000000000e+04
9.600000000000000000e+01,1.095100000000000000e+04
9.700000000000000000e+01,1.093800000000000000e+04
9.800000000000000000e+01,1.101900000000000000e+04
9.900000000000000000e+01,1.095700000000000000e+04
1.000000000000000000e+02,1.094000000000000000e+04
1.010000000000000000e+02,1.097900000000000000e+04
1.020000000000000000e+02,1.094900000000000000e+04
1.030000000000000000e+02,1.099100000000000000e+04
1.040000000000000000e+02,1.092600000000000000e+04
1.050000000000000000e+02,1.097700000000000000e+04
1.060000000000000000e+02,1.098700000000000000e+04
1.070000000000000000e+02,1.092800000000000000e+04
1.080000000000000000e+02,1.095100000000000000e+04
1.090000000000000000e+02,1.102300000000000000e+04
1.100000000000000000e+02,1.094100000000000000e+04
1.110000000000000000e+02,1.099300000000000000e+04
1.120000000000000000e+02,1.098900000000000000e+04
1.130000000000000000e+02,1.090900000000000000e+04
1.140000000000000000e+02,1.097100000000000000e+04
1.150000000000000000e+02,1.094300000000000000e+04
1.160000000000000000e+02,1.102700000000000000e+04
1.170000000000000000e+02,1.091400000000000000e+04
1.180000000000000000e+02,1.101400000000000000e+04
1.190000000000000000e+02,1.091600000000000000e+04
1.200000000000000000e+02,1.104700000000000000e+04
1.210000000000000000e+02,1.097700000000000000e+04
1.220000000000000000e+02,1.093500000000000000e+04
1.230000000000000000e+02,1.099000000000000000e+04
1.240000000000000000e+02,1.085200000000000000e+04
1.250000000000000000e+02,1.100600000000000000e+04
1.260000000000000000e+02,1.096000000000000000e+04
1.270000000000000000e+02,1.098200000000000000e+04
1.280000000000000000e+02,1.103100000000000000e+04
1.290000000000000000e+02,1.089100000000000000e+04
1.300000000000000000e+02,1.094000000000000000e+04
1.310000000000000000e+02,1.096800000000000000e+04
1.320000000000000000e+02,1.100500000000000000e+04
1.330000000000000000e+02,1.094200000000000000e+04
1.340000000000000000e+02,1.098100000000000000e+04
1.350000000000000000e+02,1.092000000000000000e+04
1.360000000000000000e+02,1.098000000000000000e+04
1.370000000000000000e+02,1.098500000000000000e+04
1.380000000000000000e+02,1.095400000000000000e+04
1.390000000000000000e+02,1.101400000000000000e+04
1.400000000000000000e+02,1.095600000000000000e+04
1.410000000000000000e+02,1.093400000000000000e+04
1.420000000000000000e+02,1.092100000000000000e+04
1.430000000000000000e+02,1.103600000000000000e+04
1.440000000000000000e+02,1.089000000000000000e+04
1.450000000000000000e+02,1.091500000000000000e+04
1.460000000000000000e+02,1.104600000000000000e+04
1.470000000000000000e+02,1.099400000000000000e+04
1.480000000000000000e+02,1.090800000000000000e+04
1.490000000000000000e+02,1.098300000000000000e+04
1.500000000000000000e+02,1.097700000000000000e+04
1.510000000000000000e+02,1.095500000000000000e+04
1.520000000000000000e+02,1.093000000000000000e+04
1.530000000000000000e+02,1.099100000000000000e+04
1.540000000000000000e+02,1.095300000000000000e+04
1.550000000000000000e+02,1.087100000000000000e+04
1.560000000000000000e+02,1.102500000000000000e+04
1.570000000000000000e+02,1.095300000000000000e+04
1.580000000000000000e+02,1.102300000000000000e+04
1.590000000000000000e+02,1.091400000000000000e+04
1.600000000000000000e+02,1.092100000000000000e+04
1.610000000000000000e+02,1.102500000000000000e+04
1.620000000000000000e+02,1.099800000000000000e+04
1.630000000000000000e+02,1.095900000000000000e+04
1.640000000000000000e+02,1.098700000000000000e+04
1.650000000000000000e+02,1.095400000000000000e+04
1.660000000000000000e+02,1.090400000000000000e+04
1.670000000000000000e+02,1.104700000000000000e+04
1.680000000000000000e+02,1.092800000000000000e+04
1.690000000000000000e+02,1.090400000000000000e+04
1.700000000000000000e+02,1.102500000000000000e+04
1.710000000000000000e+02,1.087400000000000000e+04
1.720000000000000000e+02,1.105800000000000000e+04
1.730000000000000000e+02,1.098100000000000000e+04
1.740000000000000000e+02,1.083800000000000000e+04
1.750000000000000000e+02,1.101800000000000000e+04
1.760000000000000000e+02,1.101000000000000000e+04
1.770000000000000000e+02,1.096000000000000000e+04
1.780000000000000000e+02,1.094700000000000000e+04
1.790000000000000000e+02,1.097700000000000000e+04
1.800000000000000000e+02,1.094600000000000000e+04
1.810000000000000000e+02,1.094300000000000000e+04
1.820000000000000000e+02,1.100600000000000000e+04
1.830000000000000000e+02,1.096200000000000000e+04
1.840000000000000000e+02,1.092700000000000000e+04
1.850000000000000000e+02,1.098200000000000000e+04
1.860000000000000000e+02,1.095200000000000000e+04
1.870000000000000000e+02,1.094900000000000000e+04
1.880000000000000000e+02,1.100300000000000000e+04
1.890000000000000000e+02,1.093600000000000000e+04
1.900000000000000000e+02,1.089900000000000000e+04
1.910000000000000000e+02,1.097800000000000000e+04
1.920000000000000000e+02,1.098000000000000000e+04
1.930000000000000000e+02,1.095500000000000000e+04
1.940000000000000000e+02,1.100700000000000000e+04
1.950000000000000000e+02,1.093500000000000000e+04
1.960000000000000000e+02,1.099600000000000000e+04
1.970000000000000000e+02,1.091000000000000000e+04
1.980000000000000000e+02,1.098100000000000000e+04
1.990000000000000000e+02,1.096400000000000000e+04
2.000000000000000000e+02,1.097900000000000000e+04
2.010000000000000000e+02,1.095400000000000000e+04
2.020000000000000000e+02,1.097700000000000000e+04
2.030000000000000000e+02,1.097200000000000000e+04
2.040000000000000000e+02,1.092700000000000000e+04
2.050000000000000000e+02,1.102800000000000000e+04
2.060000000000000000e+02,1.092400000000000000e+04
2.070000000000000000e+02,1.096000000000000000e+04
2.080000000000000000e+02,1.097700000000000000e+04
2.090000000000000000e+02,1.098600000000000000e+04
2.100000000000000000e+02,1.093400000000000000e+04
2.110000000000000000e+02,1.092700000000000000e+04
2.120000000000000000e+02,1.104700000000000000e+04
2.130000000000000000e+02,1.098000000000000000e+04
2.140000000000000000e+02,1.089300000000000000e+04
2.150000000000000000e+02,1.097100000000000000e+04
2.160000000000000000e+02,1.101100000000000000e+04
2.170000000000000000e+02,1.091500000000000000e+04
2.180000000000000000e+02,1.098100000000000000e+04
2.190000000000000000e+02,1.091700000000000000e+04
2.200000000000000000e+02,1.104000000000000000e+04
2.210000000000000000e+02,1.090400000000000000e+04
2.220000000000000000e+02,1.097500000000000000e+04
2.230000000000000000e+02,1.094400000000000000e+04
2.240000000000000000e+02,1.097300000000000000e+04
2.250000000000000000e+02,1.096400000000000000e+04
2.260000000000000000e+02,1.092700000000000000e+04
2.270000000000000000e+02,1.095600000000000000e+04
2.280000000000000000e+02,1.097600000000000000e+04
2.290000000000000000e+02,1.098200000000000000e+04
2.300000000000000000e+02,1.088200000000000000e+04
2.310000000000000000e+02,1.099100000000000000e+04
2.320000000000000000e+02,1.097300000000000000e+04
2.330000000000000000e+02,1.099200000000000000e+04
2.340000000000000000e+02,1.089000000000000000e+04
2.350000000000000000e+02,1.109900000000000000e+04
2.360000000000000000e+02,1.088200000000000000e+04
2.370000000000000000e+02,1.098800000000000000e+04
2.380000000000000000e+02,1.099000000000000000e+04
2.390000000000000000e+02,1.090100000000000000e+04
2.400000000000000000e+02,1.100100000000000000e+04
2.410000000000000000e+02,1.099600000000000000e+04
2.420000000000000000e+02,1.097400000000000000e+04
2.430000000000000000e+02,1.098100000000000000e+04
2.440000000000000000e+02,1.095500000000000000e+04
2.450000000000000000e+02,1.098700000000000000e+04
2.460000000000000000e+02,1.096800000000000000e+04
2.470000000000000000e+02,1.091500000000000000e+04
2.480000000000000000e+02,1.091800000000000000e+04
2.490000000000000000e+02,1.095700000000000000e+04
2.500000000000000000e+02,1.095400000000000000e+04
2.510000000000000000e+02,1.103300000000000000e+04
2.520000000000000000e+02,1.089700000000000000e+04
2.530000000000000000e+02,1.101600000000000000e+04
2.540000000000000000e+02,1.092200000000000000e+04
2.550000000000000000e+02,1.101600000000000000e+04
2.560000000000000000e+02,1.090300000000000000e+04
2.570000000000000000e+02,1.097600000000000000e+04
2.580000000000000000e+02,1.106000000000000000e+04
2.590000000000000000e+02,1.091200000000000000e+04
2.600000000000000000e+02,1.099600000000000000e+04
2.610000000000000000e+02,1.093200000000000000e+04
2.620000000000000000e+02,1.099300000000000000e+04
2.630000000000000000e+02,1.100700000000000000e+04
2.640000000000000000e+02,1.091100000000000000e+04
2.650000000000000000e+02,1.097500000000000000e+04
2.660000000000000000e+02,1.099400000000000000e+04
2.670000000000000000e+02,1.099500000000000000e+04
2.680000000000000000e+02,1.090400000000000000e+04
2.690000000000000000e+02,1.093900000000000000e+04
2.700000000000000000e+02,1.103400000000000000e+04
2.710000000000000000e+02,1.091500000000000000e+04
2.720000000000000000e+02,1.100900000000000000e+04
2.730000000000000000e+02,1.092500000000000000e+04
2.740000000000000000e+02,1.098300000000000000e+04
2.750000000000000000e+02,1.091400000000000000e+04
2.760000000000000000e+02,1.098900000000000000e+04
2.770000000000000000e+02,1.098900000000000000e+04
2.780000000000000000e+02,1.095600000000000000e+04
2.790000000000000000e+02,1.097100000000000000e+04
2.800000000000000000e+02,1.093900000000000000e+04
2.810000000000000000e+02,1.094200000000000000e+04
2.820000000000000000e+02,1.101300000000000000e+04
2.830000000000000000e+02,1.097800000000000000e+04
2.840000000000000000e+02,1.094900000000000000e+04
2.850000000000000000e+02,1.101100000000000000e+04
2.860000000000000000e+02,1.094500000000000000e+04
2.870000000000000000e+02,1.096300000000000000e+04
2.880000000000000000e+02,1.098800000000000000e+04
2.890000000000000000e+02,1.095300000000000000e+04
2.900000000000000000e+02,1.091400000000000000e+04
2.910000000000000000e+02,1.101200000000000000e+04
2.920000000000000000e+02,1.092600000000000000e+04
2.930000000000000000e+02,1.098200000000000000e+04
2.940000000000000000e+02,1.103900000000000000e+04
2.950000000000000000e+02,1.093000000000000000e+04
2.960000000000000000e+02,1.091400000000000000e+04
2.970000000000000000e+02,1.098700000000000000e+04
2.980000000000000000e+02,1.097900000000000000e+04
2.990000000000000000e+02,1.102200000000000000e+04
3.000000000000000000e+02,1.093900000000000000e+04
3.010000000000000000e+02,1.090000000000000000e+04
3.020000000000000000e+02,1.100900000000000000e+04
3.030000000000000000e+02,1.100800000000000000e+04
3.040000000000000000e+02,1.096600000000000000e+04
3.050000000000000000e+02,1.092000000000000000e+04
3.060000000000000000e+02,1.096300000000000000e+04
3.070000000000000000e+02,1.094300000000000000e+04
3.080000000000000000e+02,1.098700000000000000e+04
3.090000000000000000e+02,1.094800000000000000e+04
3.100000000000000000e+02,1.101500000000000000e+04
3.110000000000000000e+02,1.096900000000000000e+04
3.120000000000000000e+02,1.090900000000000000e+04
3.130000000000000000e+02,1.098900000000000000e+04
3.140000000000000000e+02,1.099000000000000000e+04
3.150000000000000000e+02,1.096300000000000000e+04
3.160000000000000000e+02,1.095600000000000000e+04
3.170000000000000000e+02,1.095600000000000000e+04
3.180000000000000000e+02,1.101000000000000000e+04
3.190000000000000000e+02,1.092900000000000000e+04
3.200000000000000000e+02,1.091500000000000000e+04
3.210000000000000000e+02,1.101700000000000000e+04
3.220000000000000000e+02,1.100500000000000000e+04
3.230000000000000000e+02,1.093700000000000000e+04
3.240000000000000000e+02,1.101200000000000000e+04
3.250000000000000000e+02,1.088000000000000000e+04
3.260000000000000000e+02,1.098200000000000000e+04
3.270000000000000000e+02,1.094000000000000000e+04
3.280000000000000000e+02,1.106000000000000000e+04
3.290000000000000000e+02,1.095400000000000000e+04
3.300000000000000000e+02,1.095100000000000000e+04
3.310000000000000000e+02,1.096600000000000000e+04
3.320000000000000000e+02,1.101300000000000000e+04
3.330000000000000000e+02,1.090700000000000000e+04
3.340000000000000000e+02,1.093500000000000000e+04
3.350000000000000000e+02,1.100300000000000000e+04
3.360000000000000000e+02,1.089900000000000000e+04
3.370000000000000000e+02,1.097400000000000000e+04
3.380000000000000000e+02,1.101600000000000000e+04
3.390000000000000000e+02,1.091000000000000000e+04
3.400000000000000000e+02,1.097400000000000000e+04
3.410000000000000000e+02,1.095600000000000000e+04
3.420000000000000000e+02,1.096400000000000000e+04
3.430000000000000000e+02,1.098400000000000000e+04
3.440000000000000000e+02,1.099100000000000000e+04
3.450000000000000000e+02,1.091700000000000000e+04
3.460000000000000000e+02,1.098600000000000000e+04
3.470000000000000000e+02,1.095200000000000000e+04
3.480000000000000000e+02,1.095500000000000000e+04
3.490000000000000000e+02,1.093500000000000000e+04
3.500000000000000000e+02,1.098600000000000000e+04
3.510000000000000000e+02,1.091000000000000000e+04
3.520000000000000000e+02,1.100800000000000000e+04
3.530000000000000000e+02,1.097600000000000000e+04
3.540000000000000000e+02,1.099800000000000000e+04
3.550000000000000000e+02,1.094700000000000000e+04
3.560000000000000000e+02,1.090300000000000000e+04
3.570000000000000000e+02,1.103300000000000000e+04
3.580000000000000000e+02,1.090700000000000000e+04
3.590000000000000000e+02,1.095400000000000000e+04
3.600000000000000000e+02,1.096800000000000000e+04
3.610000000000000000e+02,1.097200000000000000e+04
3.620000000000000000e+02,1.099200000000000000e+04
3.630000000000000000e+02,1.094000000000000000e+04
3.640000000000000000e+02,1.102100000000000000e+04
3.650000000000000000e+02,1.091800000000000000e+04
3.660000000000000000e+02,1.088400000000000000e+04
3.670000000000000000e+02,1.100900000000000000e+04
3.680000000000000000e+02,1.096800000000000000e+04
3.690000000000000000e+02,1.100300000000000000e+04
3.700000000000000000e+02,1.090800000000000000e+04
3.710000000000000000e+02,1.101000000000000000e+04
3.720000000000000000e+02,1.090700000000000000e+04
3.730000000000000000e+02,1.086800000000000000e+04
3.740000000000000000e+02,1.103200000000000000e+04
3.750000000000000000e+02,1.105100000000000000e+04
3.760000000000000000e+02,1.090800000000000000e+04
3.770000000000000000e+02,1.101100000000000000e+04
3.780000000000000000e+02,1.090000000000000000e+04
3.790000000000000000e+02,1.096800000000000000e+04
3.800000000000000000e+02,1.094300000000000000e+04
3.810000000000000000e+02,1.101900000000000000e+04
3.820000000000000000e+02,1.099200000000000000e+04
3.830000000000000000e+02,1.098700000000000000e+04
3.840000000000000000e+02,1.089800000000000000e+04
3.850000000000000000e+02,1.097000000000000000e+04
3.860000000000000000e+02,1.101700000000000000e+04
3.870000000000000000e+02,1.101400000000000000e+04
3.880000000000000000e+02,1.089400000000000000e+04
3.890000000000000000e+02,1.096000000000000000e+04
3.900000000000000000e+02,1.098900000000000000e+04
3.910000000000000000e+02,1.093600000000000000e+04
3.920000000000000000e+02,1.095700000000000000e+04
3.930000000000000000e+02,1.097000000000000000e+04
3.940000000000000000e+02,1.100100000000000000e+04
3.950000000000000000e+02,1.090700000000000000e+04
3.960000000000000000e+02,1.099700000000000000e+04
3.970000000000000000e+02,1.097100000000000000e+04
3.980000000000000000e+02,1.094200000000000000e+04
3.990000000000000000e+02,1.092800000000000000e+04
4.000000000000000000e+02,1.100500000000000000e+04
4.010000000000000000e+02,1.097600000000000000e+04
4.020000000000000000e+02,1.091500000000000000e+04
4.030000000000000000e+02,1.102800000000000000e+04
4.040000000000000000e+02,1.086700000000000000e+04
4.050000000000000000e+02,1.098800000000000000e+04
4.060000000000000000e+02,1.101500000000000000e+04
4.070000000000000000e+02,1.091800000000000000e+04
4.080000000000000000e+02,1.104800000000000000e+04
4.090000000000000000e+02,1.098800000000000000e+04
4.100000000000000000e+02,1.089400000000000000e+04
4.110000000000000000e+02,1.097700000000000000e+04
4.120000000000000000e+02,1.098900000000000000e+04
4.130000000000000000e+02,1.095600000000000000e+04
4.140000000000000000e+02,1.093800000000000000e+04
4.150000000000000000e+02,1.095700000000000000e+04
4.160000000000000000e+02,1.100900000000000000e+04
4.170000000000000000e+02,1.093700000000000000e+04
4.180000000000000000e+02,1.094800000000000000e+04
4.190000000000000000e+02,1.095000000000000000e+04
4.200000000000000000e+02,1.103500000000000000e+04
4.210000000000000000e+02,1.092200000000000000e+04
4.220000000000000000e+02,1.092000000000000000e+04
4.230000000000000000e+02,1.104000000000000000e+04
4.240000000000000000e+02,1.091300000000000000e+04
4.250000000000000000e+02,1.104800000000000000e+04
4.260000000000000000e+02,1.084400000000000000e+04
4.270000000000000000e+02,1.096900000000000000e+04
4.280000000000000000e+02,1.093300000000000000e+04
4.290000000000000000e+02,1.103600000000000000e+04
4.300000000000000000e+02,1.091200000000000000e+04
4.310000000000000000e+02,1.092700000000000000e+04
4.320000000000000000e+02,1.102900000000000000e+04
4.330000000000000000e+02,1.092700000000000000e+04
4.340000000000000000e+02,1.107600000000000000e+04
4.350000000000000000e+02,1.093500000000000000e+04
4.360000000000000000e+02,1.091800000000000000e+04
4.370000000000000000e+02,1.097800000000000000e+04
4.380000000000000000e+02,1.097300000000000000e+04
4.390000000000000000e+02,1.095100000000000000e+04
4.400000000000000000e+02,1.103100000000000000e+04
4.410000000000000000e+02,1.093200000000000000e+04
4.420000000000000000e+02,1.101300000000000000e+04
4.430000000000000000e+02,1.093100000000000000e+04
4.440000000000000000e+02,1.091700000000000000e+04
4.450000000000000000e+02,1.102900000000000000e+04
4.460000000000000000e+02,1.090800000000000000e+04
4.470000000000000000e+02,1.094300000000000000e+04
4.480000000000000000e+02,1.099400000000000000e+04
4.490000000000000000e+02,1.096500000000000000e+04
4.500000000000000000e+02,1.096900000000000000e+04
4.510000000000000000e+02,1.091100000000000000e+04
4.520000000000000000e+02,1.098400000000000000e+04
4.530000000000000000e+02,1.096700000000000000e+04
4.540000000000000000e+02,1.105500000000000000e+04
4.550000000000000000e+02,1.085700000000000000e+04
4.560000000000000000e+02,1.099800000000000000e+04
4.570000000000000000e+02,1.094400000000000000e+04
4.580000000000000000e+02,1.098100000000000000e+04
4.590000000000000000e+02,1.098900000000000000e+04
4.600000000000000000e+02,1.098000000000000000e+04
4.610000000000000000e+02,1.093900000000000000e+04
4.620000000000000000e+02,1.095000000000000000e+04
4.630000000000000000e+02,1.098700000000000000e+04
4.640000000000000000e+02,1.099000000000000000e+04
4.650000000000000000e+02,1.090100000000000000e+04
4.660000000000000000e+02,1.098100000000000000e+04
4.670000000000000000e+02,1.094400000000000000e+04
4.680000000000000000e+02,1.098000000000000000e+04
4.690000000000000000e+02,1.105100000000000000e+04
4.700000000000000000e+02,1.091300000000000000e+04
4.710000000000000000e+02,1.100800000000000000e+04
4.720000000000000000e+02,1.099600000000000000e+04
4.730000000000000000e+02,1.090000000000000000e+04
4.740000000000000000e+02,1.103400000000000000e+04
4.750000000000000000e+02,1.095900000000000000e+04
4.760000000000000000e+02,1.098300000000000000e+04
4.770000000000000000e+02,1.096100000000000000e+04
4.780000000000000000e+02,1.090300000000000000e+04
4.790000000000000000e+02,1.096300000000000000e+04
4.800000000000000000e+02,1.096700000000000000e+04
4.810000000000000000e+02,1.096200000000000000e+04
4.820000000000000000e+02,1.098700000000000000e+04
4.830000000000000000e+02,1.094600000000000000e+04
4.840000000000000000e+02,1.103100000000000000e+04
4.850000000000000000e+02,1.091700000000000000e+04
4.860000000000000000e+02,1.094300000000000000e+04
4.870000000000000000e+02,1.093800000000000000e+04
4.880000000000000000e+02,1.098500000000000000e+04
4.890000000000000000e+02,1.094600000000000000e+04
4.900000000000000000e+02,1.099400000000000000e+04
4.910000000000000000e+02,1.097600000000000000e+04
4.920000000000000000e+02,1.089300000000000000e+04
4.930000000000000000e+02,1.102400000000000000e+04
4.940000000000000000e+02,1.094700000000000000e+04
4.950000000000000000e+02,1.099700000000000000e+04
4.960000000000000000e+02,1.094100000000000000e+04
4.970000000000000000e+02,1.091800000000000000e+04
4.980000000000000000e+02,1.098300000000000000e+04
4.990000000000000000e+02,1.089200000000000000e+04
5.000000000000000000e+02,1.101200000000000000e+04
5.010000000000000000e+02,1.098800000000000000e+04
5.020000000000000000e+02,1.100500000000000000e+04
5.030000000000000000e+02,1.093500000000000000e+04
5.040000000000000000e+02,1.098300000000000000e+04
5.050000000000000000e+02,1.093800000000000000e+04
5.060000000000000000e+02,1.101900000000000000e+04
5.070000000000000000e+02,1.089100000000000000e+04
5.080000000000000000e+02,1.100400000000000000e+04
5.090000000000000000e+02,1.092000000000000000e+04
5.100000000000000000e+02,1.095000000000000000e+04
5.110000000000000000e+02,1.098300000000000000e+04
5.120000000000000000e+02,1.100500000000000000e+04
5.130000000000000000e+02,1.097700000000000000e+04
5.140000000000000000e+02,1.097900000000000000e+04
5.150000000000000000e+02,1.096100000000000000e+04
5.160000000000000000e+02,1.094500000000000000e+04
5.170000000000000000e+02,1.095500000000000000e+04
5.180000000000000000e+02,1.091100000000000000e+04
5.190000000000000000e+02,1.099100000000000000e+04
5.200000000000000000e+02,1.094800000000000000e+04
5.210000000000000000e+02,1.097400000000000000e+04
5.220000000000000000e+02,1.098300000000000000e+04
5.230000000000000000e+02,1.092200000000000000e+04
5.240000000000000000e+02,1.104800000000000000e+04
5.250000000000000000e+02,1.085900000000000000e+04
5.260000000000000000e+02,1.104700000000000000e+04
5.270000000000000000e+02,1.098200000000000000e+04
5.280000000000000000e+02,1.090500000000000000e+04
5.290000000000000000e+02,1.097300000000000000e+04
5.300000000000000000e+02,1.091100000000000000e+04
5.310000000000000000e+02,1.102400000000000000e+04
5.320000000000000000e+02,1.096900000000000000e+04
5.330000000000000000e+02,1.093000000000000000e+04
5.340000000000000000e+02,1.095500000000000000e+04
5.350000000000000000e+02,1.093200000000000000e+04
5.360000000000000000e+02,1.098900000000000000e+04
5.370000000000000000e+02,1.094600000000000000e+04
5.380000000000000000e+02,1.106600000000000000e+04
5.390000000000000000e+02,1.092000000000000000e+04
5.400000000000000000e+02,1.096600000000000000e+04
5.410000000000000000e+02,1.099500000000000000e+04
5.420000000000000000e+02,1.094200000000000000e+04
5.430000000000000000e+02,1.101500000000000000e+04
5.440000000000000000e+02,1.085500000000000000e+04
5.450000000000000000e+02,1.107900000000000000e+04
5.460000000000000000e+02,1.095000000000000000e+04
5.470000000000000000e+02,1.094600000000000000e+04
5.480000000000000000e+02,1.097800000000000000e+04
5.490000000000000000e+02,1.092800000000000000e+04
5.500000000000000000e+02,1.094400000000000000e+04
5.510000000000000000e+02,1.090900000000000000e+04
5.520000000000000000e+02,1.102200000000000000e+04
5.530000000000000000e+02,1.092300000000000000e+04
5.540000000000000000e+02,1.096600000000000000e+04
5.550000000000000000e+02,1.102700000000000000e+04
5.560000000000000000e+02,1.092900000000000000e+04
5.570000000000000000e+02,1.099600000000000000e+04
5.580000000000000000e+02,1.092800000000000000e+04
5.590000000000000000e+02,1.093800000000000000e+04
5.600000000000000000e+02,1.097000000000000000e+04
5.610000000000000000e+02,1.098700000000000000e+04
5.620000000000000000e+02,1.097900000000000000e+04
5.630000000000000000e+02,1.089800000000000000e+04
5.640000000000000000e+02,1.100500000000000000e+04
5.650000000000000000e+02,1.102400000000000000e+04
5.660000000000000000e+02,1.089400000000000000e+04
5.670000000000000000e+02,1.095200000000000000e+04
5.680000000000000000e+02,1.106400000000000000e+04
5.690000000000000000e+02,1.096500000000000000e+04
5.700000000000000000e+02,1.091300000000000000e+04
5.710000000000000000e+02,1.096400000000000000e+04
5.720000000000000000e+02,1.098300000000000000e+04
5.730000000000000000e+02,1.094600000000000000e+04
5.740000000000000000e+02,1.097400000000000000e+04
5.750000000000000000e+02,1.095800000000000000e+04
5.760000000000000000e+02,1.093300000000000000e+04
5.770000000000000000e+02,1.095600000000000000e+04
5.780000000000000000e+02,1.096600000000000000e+04
5.790000000000000000e+02,1.103000000000000000e+04
5.800000000000000000e+02,1.090600000000000000e+04
5.810000000000000000e+02,1.099500000000000000e+04
5.820000000000000000e+02,1.089900000000000000e+04
5.830000000000000000e+02,1.092400000000000000e+04
5.840000000000000000e+02,1.107600000000000000e+04
5.850000000000000000e+02,1.089800000000000000e+04
5.860000000000000000e+02,1.095500000000000000e+04
5.870000000000000000e+02,1.095300000000000000e+04
5.880000000000000000e+02,1.103300000000000000e+04
5.890000000000000000e+02,1.090000000000000000e+04
5.900000000000000000e+02,1.097400000000000000e+04
5.910000000000000000e+02,1.102400000000000000e+04
5.920000000000000000e+02,1.099500000000000000e+04
5.930000000000000000e+02,1.094600000000000000e+04
5.940000000000000000e+02,1.094300000000000000e+04
5.950000000000000000e+02,1.102400000000000000e+04
5.960000000000000000e+02,1.091400000000000000e+04
5.970000000000000000e+02,1.095500000000000000e+04
5.980000000000000000e+02,1.093300000000000000e+04
5.990000000000000000e+02,1.097800000000000000e+04
6.000000000000000000e+02,1.093000000000000000e+04
6.010000000000000000e+02,1.099300000000000000e+04
6.020000000000000000e+02,1.096900000000000000e+04
6.030000000000000000e+02,1.099300000000000000e+04
6.040000000000000000e+02,1.093600000000000000e+04
6.050000000000000000e+02,1.087700000000000000e+04
6.060000000000000000e+02,1.107200000000000000e+04
6.070000000000000000e+02,1.093900000000000000e+04
6.080000000000000000e+02,1.093700000000000000e+04
6.090000000000000000e+02,1.097200000000000000e+04
6.100000000000000000e+02,1.099300000000000000e+04
6.110000000000000000e+02,1.095200000000000000e+04
6.120000000000000000e+02,1.101800000000000000e+04
6.130000000000000000e+02,1.087900000000000000e+04
6.140000000000000000e+02,1.102200000000000000e+04
6.150000000000000000e+02,1.091200000000000000e+04
6.160000000000000000e+02,1.095900000000000000e+04
6.170000000000000000e+02,1.101100000000000000e+04
6.180000000000000000e+02,1.097200000000000000e+04
6.190000000000000000e+02,1.087900000000000000e+04
6.200000000000000000e+02,1.094300000000000000e+04
6.210000000000000000e+02,1.103800000000000000e+04
6.220000000000000000e+02,1.091400000000000000e+04
6.230000000000000000e+02,1.095800000000000000e+04
6.240000000000000000e+02,1.098400000000000000e+04
6.250000000000000000e+02,1.095400000000000000e+04
6.260000000000000000e+02,1.099300000000000000e+04
6.270000000000000000e+02,1.099100000000000000e+04
6.280000000000000000e+02,1.088100000000000000e+04
6.290000000000000000e+02,1.105000000000000000e+04
6.300000000000000000e+02,1.098900000000000000e+04
6.310000000000000000e+02,1.097000000000000000e+04
6.320000000000000000e+02,1.090500000000000000e+04
6.330000000000000000e+02,1.100400000000000000e+04
6.340000000000000000e+02,1.093200000000000000e+04
6.350000000000000000e+02,1.100500000000000000e+04
6.360000000000000000e+02,1.092700000000000000e+04
6.370000000000000000e+02,1.094700000000000000e+04
6.380000000000000000e+02,1.103400000000000000e+04
6.390000000000000000e+02,1.088000000000000000e+04
6.400000000000000000e+02,1.101800000000000000e+04
6.410000000000000000e+02,1.097200000000000000e+04
6.420000000000000000e+02,1.093200000000000000e+04
6.430000000000000000e+02,1.100200000000000000e+04
6.440000000000000000e+02,1.079500000000000000e+04
6.450000000000000000e+02,1.108500000000000000e+04
6.460000000000000000e+02,1.097600000000000000e+04
6.470000000000000000e+02,1.095200000000000000e+04
6.480000000000000000e+02,1.098100000000000000e+04
6.490000000000000000e+02,1.092800000000000000e+04
6.500000000000000000e+02,1.099300000000000000e+04
6.510000000000000000e+02,1.099500000000000000e+04
6.520000000000000000e+02,1.094100000000000000e+04
6.530000000000000000e+02,1.093000000000000000e+04
6.540000000000000000e+02,1.099200000000000000e+04
6.550000000000000000e+02,1.094800000000000000e+04
6.560000000000000000e+02,1.096300000000000000e+04
6.570000000000000000e+02,1.091800000000000000e+04
6.580000000000000000e+02,1.095000000000000000e+04
6.590000000000000000e+02,1.102800000000000000e+04
6.600000000000000000e+02,1.088800000000000000e+04
6.610000000000000000e+02,1.099800000000000000e+04
6.620000000000000000e+02,1.096000000000000000e+04
6.630000000000000000e+02,1.097000000000000000e+04
6.640000000000000000e+02,1.095800000000000000e+04
6.650000000000000000e+02,1.097600000000000000e+04
6.660000000000000000e+02,1.090700000000000000e+04
6.670000000000000000e+02,1.098500000000000000e+04
6.680000000000000000e+02,1.098500000000000000e+04
6.690000000000000000e+02,1.098200000000000000e+04
6.700000000000000000e+02,1.098100000000000000e+04
6.710000000000000000e+02,1.090400000000000000e+04
6.720000000000000000e+02,1.102300000000000000e+04
6.730000000000000000e+02,1.091700000000000000e+04
6.740000000000000000e+02,1.103600000000000000e+04
6.750000000000000000e+02,1.090100000000000000e+04
6.760000000000000000e+02,1.103900000000000000e+04
6.770000000000000000e+02,1.093000000000000000e+04
6.780000000000000000e+02,1.095100000000000000e+04
6.790000000000000000e+02,1.098200000000000000e+04
6.800000000000000000e+02,1.097900000000000000e+04
6.810000000000000000e+02,1.093900000000000000e+04
6.820000000000000000e+02,1.091800000000000000e+04
6.830000000000000000e+02,1.099300000000000000e+04
6.840000000000000000e+02,1.093900000000000000e+04
6.850000000000000000e+02,1.098600000000000000e+04
6.860000000000000000e+02,1.099600000000000000e+04
6.870000000000000000e+02,1.091600000000000000e+04
6.880000000000000000e+02,1.100600000000000000e+04
6.890000000000000000e+02,1.094200000000000000e+04
6.900000000000000000e+02,1.093000000000000000e+04
6.910000000000000000e+02,1.095000000000000000e+04
6.920000000000000000e+02,1.097400000000000000e+04
6.930000000000000000e+02,1.099400000000000000e+04
6.940000000000000000e+02,1.100700000000000000e+04
6.950000000000000000e+02,1.089700000000000000e+04
6.960000000000000000e+02,1.101500000000000000e+04
6.970000000000000000e+02,1.090500000000000000e+04
6.980000000000000000e+02,1.096400000000000000e+04
6.990000000000000000e+02,1.100300000000000000e+04
7.000000000000000000e+02,1.099100000000000000e+04
7.010000000000000000e+02,1.099300000000000000e+04
7.020000000000000000e+02,1.092000000000000000e+04
7.030000000000000000e+02,1.101600000000000000e+04
7.040000000000000000e+02,1.096300000000000000e+04
7.050000000000000000e+02,1.094800000000000000e+04
7.060000000000000000e+02,1.094900000000000000e+04
7.070000000000000000e+02,1.096100000000000000e+04
7.080000000000000000e+02,1.100900000000000000e+04
7.090000000000000000e+02,1.098800000000000000e+04
7.100000000000000000e+02,1.082700000000000000e+04
7.110000000000000000e+02,1.102400000000000000e+04
7.120000000000000000e+02,1.094500000000000000e+04
7.130000000000000000e+02,1.097900000000000000e+04
7.140000000000000000e+02,1.093900000000000000e+04
7.150000000000000000e+02,1.093700000000000000e+04
7.160000000000000000e+02,1.099500000000000000e+04
7.170000000000000000e+02,1.089800000000000000e+04
7.180000000000000000e+02,1.105600000000000000e+04
7.190000000000000000e+02,1.089100000000000000e+04
7.200000000000000000e+02,1.095200000000000000e+04
7.210000000000000000e+02,1.097700000000000000e+04
7.220000000000000000e+02,1.095900000000000000e+04
7.230000000000000000e+02,1.095900000000000000e+04
7.240000000000000000e+02,1.096300000000000000e+04
7.250000000000000000e+02,1.098700000000000000e+04
7.260000000000000000e+02,1.095500000000000000e+04
7.270000000000000000e+02,1.090900000000000000e+04
7.280000000000000000e+02,1.107700000000000000e+04
7.290000000000000000e+02,1.088100000000000000e+04
7.300000000000000000e+02,1.099400000000000000e+04
7.310000000000000000e+02,1.093200000000000000e+04
7.320000000000000000e+02,1.101900000000000000e+04
7.330000000000000000e+02,1.096300000000000000e+04
7.340000000000000000e+02,1.092600000000000000e+04
7.350000000000000000e+02,1.097300000000000000e+04
7.360000000000000000e+02,1.096000000000000000e+04
7.370000000000000000e+02,1.096100000000000000e+04
7.380000000000000000e+02,1.095500000000000000e+04
7.390000000000000000e+02,1.099200000000000000e+04
7.400000000000000000e+02,1.097200000000000000e+04
7.410000000000000000e+02,1.097800000000000000e+04
7.420000000000000000e+02,1.089600000000000000e+04
7.430000000000000000e+02,1.097800000000000000e+04
7.440000000000000000e+02,1.091400000000000000e+04
7.450000000000000000e+02,1.100400000000000000e+04
7.460000000000000000e+02,1.101400000000000000e+04
7.470000000000000000e+02,1.085700000000000000e+04
7.480000000000000000e+02,1.107400000000000000e+04
7.490000000000000000e+02,1.096300000000000000e+04
7.500000000000000000e+02,1.094000000000000000e+04
7.510000000000000000e+02,1.101300000000000000e+04
7.520000000000000000e+02,1.096100000000000000e+04
7.530000000000000000e+02,1.092000000000000000e+04
7.540000000000000000e+02,1.095800000000000000e+04
7.550000000000000000e+02,1.095000000000000000e+04
7.560000000000000000e+02,1.093900000000000000e+04
7.570000000000000000e+02,1.103200000000000000e+04
7.580000000000000000e+02,1.092900000000000000e+04
7.590000000000000000e+02,1.099900000000000000e+04
7.600000000000000000e+02,1.097500000000000000e+04
7.610000000000000000e+02,1.091700000000000000e+04
7.620000000000000000e+02,1.099800000000000000e+04
7.630000000000000000e+02,1.104400000000000000e+04
7.640000000000000000e+02,1.083700000000000000e+04
7.650000000000000000e+02,1.102800000000000000e+04
7.660000000000000000e+02,1.092400000000000000e+04
7.670000000000000000e+02,1.089500000000000000e+04
7.680000000000000000e+02,1.105000000000000000e+04
7.690000000000000000e+02,1.091600000000000000e+04
7.700000000000000000e+02,1.095500000000000000e+04
7.710000000000000000e+02,1.099900000000000000e+04
7.720000000000000000e+02,1.095200000000000000e+04
7.730000000000000000e+02,1.091400000000000000e+04
7.740000000000000000e+02,1.105900000000000000e+04
7.750000000000000000e+02,1.092500000000000000e+04
7.760000000000000000e+02,1.098100000000000000e+04
7.770000000000000000e+02,1.091200000000000000e+04
7.780000000000000000e+02,1.099200000000000000e+04
7.790000000000000000e+02,1.091500000000000000e+04
7.800000000000000000e+02,1.101700000000000000e+04
7.810000000000000000e+02,1.099300000000000000e+04
7.820000000000000000e+02,1.096100000000000000e+04
7.830000000000000000e+02,1.096800000000000000e+04
7.840000000000000000e+02,1.094800000000000000e+04
7.850000000000000000e+02,1.098300000000000000e+04
7.860000000000000000e+02,1.095000000000000000e+04
7.870000000000000000e+02,1.102300000000000000e+04
7.880000000000000000e+02,1.091900000000000000e+04
7.890000000000000000e+02,1.096100000000000000e+04
7.900000000000000000e+02,1.099300000000000000e+04
7.910000000000000000e+02,1.086600000000000000e+04
7.920000000000000000e+02,1.102600000000000000e+04
7.930000000000000000e+02,1.092500000000000000e+04
7.940000000000000000e+02,1.105800000000000000e+04
7.950000000000000000e+02,1.088000000000000000e+04
7.960000000000000000e+02,1.100700000000000000e+04
7.970000000000000000e+02,1.094000000000000000e+04
7.980000000000000000e+02,1.103700000000000000e+04
7.990000000000000000e+02,1.087600000000000000e+04
8.000000000000000000e+02,1.101700000000000000e+04
8.010000000000000000e+02,1.096600000000000000e+04
8.020000000000000000e+02,1.101400000000000000e+04
8.030000000000000000e+02,1.086500000000000000e+04
8.040000000000000000e+02,1.101100000000000000e+04
8.050000000000000000e+02,1.095600000000000000e+04
8.060000000000000000e+02,1.096900000000000000e+04
8.070000000000000000e+02,1.101400000000000000e+04
8.080000000000000000e+02,1.088200000000000000e+04
8.090000000000000000e+02,1.102700000000000000e+04
8.100000000000000000e+02,1.097600000000000000e+04
8.110000000000000000e+02,1.088200000000000000e+04
8.120000000000000000e+02,1.097200000000000000e+04
8.130000000000000000e+02,1.101500000000000000e+04
8.140000000000000000e+02,1.095700000000000000e+04
8.150000000000000000e+02,1.094500000000000000e+04
8.160000000000000000e+02,1.100700000000000000e+04
8.170000000000000000e+02,1.093000000000000000e+04
8.180000000000000000e+02,1.102200000000000000e+04
8.190000000000000000e+02,1.088700000000000000e+04
8.200000000000000000e+02,1.098300000000000000e+04
8.210000000000000000e+02,1.099600000000000000e+04
8.220000000000000000e+02,1.092000000000000000e+04
8.230000000000000000e+02,1.090400000000000000e+04
8.240000000000000000e+02,1.101200000000000000e+04
8.250000000000000000e+02,1.094700000000000000e+04
8.260000000000000000e+02,1.105300000000000000e+04
8.270000000000000000e+02,1.092200000000000000e+04
8.280000000000000000e+02,1.097000000000000000e+04
8.290000000000000000e+02,1.095500000000000000e+04
8.300000000000000000e+02,1.095300000000000000e+04
8.310000000000000000e+02,1.092800000000000000e+04
8.320000000000000000e+02,1.095400000000000000e+04
8.330000000000000000e+02,1.108800000000000000e+04
8.340000000000000000e+02,1.082600000000000000e+04
8.350000000000000000e+02,1.099200000000000000e+04
8.360000000000000000e+02,1.104100000000000000e+04
8.370000000000000000e+02,1.090300000000000000e+04
8.380000000000000000e+02,1.096900000000000000e+04
8.390000000000000000e+02,1.098300000000000000e+04
8.400000000000000000e+02,1.094800000000000000e+04
8.410000000000000000e+02,1.091800000000000000e+04
8.420000000000000000e+02,1.100000000000000000e+04
8.430000000000000000e+02,1.101500000000000000e+04
8.440000000000000000e+02,1.093400000000000000e+04
8.450000000000000000e+02,1.096000000000000000e+04
8.460000000000000000e+02,1.096300000000000000e+04
8.470000000000000000e+02,1.098800000000000000e+04
8.480000000000000000e+02,1.093600000000000000e+04
8.490000000000000000e+02,1.091500000000000000e+04
8.500000000000000000e+02,1.098300000000000000e+04
8.510000000000000000e+02,1.101300000000000000e+04
8.520000000000000000e+02,1.099000000000000000e+04
8.530000000000000000e+02,1.095600000000000000e+04
8.540000000000000000e+02,1.094700000000000000e+04
8.550000000000000000e+02,1.096200000000000000e+04
8.560000000000000000e+02,1.095700000000000000e+04
8.570000000000000000e+02,1.098300000000000000e+04
8.580000000000000000e+02,1.092400000000000000e+04
8.590000000000000000e+02,1.097000000000000000e+04
8.600000000000000000e+02,1.096500000000000000e+04
8.610000000000000000e+02,1.094800000000000000e+04
8.620000000000000000e+02,1.102200000000000000e+04
8.630000000000000000e+02,1.092600000000000000e+04
8.640000000000000000e+02,1.099400000000000000e+04
8.650000000000000000e+02,1.098700000000000000e+04
8.660000000000000000e+02,1.095200000000000000e+04
8.670000000000000000e+02,1.096400000000000000e+04
8.680000000000000000e+02,1.097900000000000000e+04
8.690000000000000000e+02,1.086200000000000000e+04
8.700000000000000000e+02,1.101500000000000000e+04
8.710000000000000000e+02,1.093200000000000000e+04
8.720000000000000000e+02,1.105800000000000000e+04
8.730000000000000000e+02,1.099100000000000000e+04
8.740000000000000000e+02,1.093800000000000000e+04
8.750000000000000000e+02,1.092700000000000000e+04
8.760000000000000000e+02,1.092400000000000000e+04
8.770000000000000000e+02,1.095600000000000000e+04
8.780000000000000000e+02,1.094300000000000000e+04
8.790000000000000000e+02,1.096800000000000000e+04
8.800000000000000000e+02,1.095500000000000000e+04
8.810000000000000000e+02,1.096300000000000000e+04
8.820000000000000000e+02,1.095400000000000000e+04
8.830000000000000000e+02,1.100400000000000000e+04
8.840000000000000000e+02,1.097600000000000000e+04
8.850000000000000000e+02,1.089400000000000000e+04
8.860000000000000000e+02,1.100100000000000000e+04
8.870000000000000000e+02,1.093800000000000000e+04
8.880000000000000000e+02,1.100000000000000000e+04
8.890000000000000000e+02,1.096200000000000000e+04
8.900000000000000000e+02,1.097400000000000000e+04
8.910000000000000000e+02,1.092000000000000000e+04
8.920000000000000000e+02,1.099700000000000000e+04
8.930000000000000000e+02,1.096600000000000000e+04
8.940000000000000000e+02,1.094300000000000000e+04
8.950000000000000000e+02,1.099500000000000000e+04
8.960000000000000000e+02,1.097600000000000000e+04
8.970000000000000000e+02,1.090200000000000000e+04
8.980000000000000000e+02,1.097800000000000000e+04
8.990000000000000000e+02,1.091300000000000000e+04
9.000000000000000000e+02,1.099600000000000000e+04
9.010000000000000000e+02,1.099800000000000000e+04
9.020000000000000000e+02,1.101900000000000000e+04
9.030000000000000000e+02,1.092800000000000000e+04
9.040000000000000000e+02,1.095800000000000000e+04
9.050000000000000000e+02,1.099300000000000000e+04
9.060000000000000000e+02,1.095400000000000000e+04
9.070000000000000000e+02,1.095000000000000000e+04
9.080000000000000000e+02,1.090100000000000000e+04
9.090000000000000000e+02,1.103300000000000000e+04
9.100000000000000000e+02,1.090700000000000000e+04
9.110000000000000000e+02,1.099500000000000000e+04
9.120000000000000000e+02,1.096000000000000000e+04
9.130000000000000000e+02,1.093000000000000000e+04
9.140000000000000000e+02,1.099200000000000000e+04
9.150000000000000000e+02,1.093500000000000000e+04
9.160000000000000000e+02,1.092800000000000000e+04
9.170000000000000000e+02,1.101500000000000000e+04
9.180000000000000000e+02,1.094000000000000000e+04
9.190000000000000000e+02,1.094200000000000000e+04
9.200000000000000000e+02,1.098600000000000000e+04
9.210000000000000000e+02,1.098400000000000000e+04
9.220000000000000000e+02,1.091900000000000000e+04
9.230000000000000000e+02,1.102500000000000000e+04
9.240000000000000000e+02,1.092400000000000000e+04
9.250000000000000000e+02,1.101800000000000000e+04
9.260000000000000000e+02,1.097500000000000000e+04
9.270000000000000000e+02,1.097100000000000000e+04
9.280000000000000000e+02,1.093200000000000000e+04
9.290000000000000000e+02,1.096400000000000000e+04
9.300000000000000000e+02,1.099600000000000000e+04
9.310000000000000000e+02,1.092300000000000000e+04
9.320000000000000000e+02,1.098300000000000000e+04
9.330000000000000000e+02,1.098900000000000000e+04
9.340000000000000000e+02,1.094200000000000000e+04
9.350000000000000000e+02,1.096800000000000000e+04
9.360000000000000000e+02,1.099100000000000000e+04
9.370000000000000000e+02,1.093700000000000000e+04
9.380000000000000000e+02,1.092900000000000000e+04
9.390000000000000000e+02,1.105700000000000000e+04
9.400000000000000000e+02,1.086900000000000000e+04
9.410000000000000000e+02,1.094200000000000000e+04
9.420000000000000000e+02,1.097000000000000000e+04
9.430000000000000000e+02,1.093500000000000000e+04
9.440000000000000000e+02,1.104900000000000000e+04
9.450000000000000000e+02,1.095700000000000000e+04
9.460000000000000000e+02,1.095900000000000000e+04
9.470000000000000000e+02,1.095300000000000000e+04
9.480000000000000000e+02,1.095700000000000000e+04
9.490000000000000000e+02,1.095500000000000000e+04
9.500000000000000000e+02,1.097900000000000000e+04
9.510000000000000000e+02,1.099500000000000000e+04
9.520000000000000000e+02,1.098000000000000000e+04
9.530000000000000000e+02,1.096900000000000000e+04
9.540000000000000000e+02,1.089500000000000000e+04
9.550000000000000000e+02,1.095900000000000000e+04
9.560000000000000000e+02,1.100100000000000000e+04
9.570000000000000000e+02,1.090500000000000000e+04
9.580000000000000000e+02,1.094300000000000000e+04
9.590000000000000000e+02,1.093000000000000000e+04
9.600000000000000000e+02,1.099500000000000000e+04
9.610000000000000000e+02,1.098400000000000000e+04
9.620000000000000000e+02,1.094400000000000000e+04
9.630000000000000000e+02,1.099600000000000000e+04
9.640000000000000000e+02,1.094800000000000000e+04
9.650000000000000000e+02,1.101800000000000000e+04
9.660000000000000000e+02,1.094500000000000000e+04
9.670000000000000000e+02,1.101700000000000000e+04
9.680000000000000000e+02,1.093800000000000000e+04
9.690000000000000000e+02,1.098600000000000000e+04
9.700000000000000000e+02,1.093200000000000000e+04
9.710000000000000000e+02,1.100500000000000000e+04
9.720000000000000000e+02,1.087200000000000000e+04
9.730000000000000000e+02,1.101800000000000000e+04
9.740000000000000000e+02,1.096800000000000000e+04
9.750000000000000000e+02,1.092000000000000000e+04
9.760000000000000000e+02,1.103500000000000000e+04
9.770000000000000000e+02,1.097100000000000000e+04
9.780000000000000000e+02,1.093300000000000000e+04
9.790000000000000000e+02,1.101500000000000000e+04
9.800000000000000000e+02,1.092700000000000000e+04
9.810000000000000000e+02,1.099700000000000000e+04
9.820000000000000000e+02,1.091700000000000000e+04
9.830000000000000000e+02,1.089400000000000000e+04
9.840000000000000000e+02,1.110200000000000000e+04
9.850000000000000000e+02,1.090300000000000000e+04
9.860000000000000000e+02,1.090700000000000000e+04
9.870000000000000000e+02,1.100600000000000000e+04
9.880000000000000000e+02,1.096200000000000000e+04
9.890000000000000000e+02,1.096500000000000000e+04
9.900000000000000000e+02,1.094400000000000000e+04
9.910000000000000000e+02,1.097100000000000000e+04
9.920000000000000000e+02,1.097300000000000000e+04
9.930000000000000000e+02,1.096200000000000000e+04
9.940000000000000000e+02,1.091200000000000000e+04
9.950000000000000000e+02,1.100100000000000000e+04
9.960000000000000000e+02,1.101200000000000000e+04
9.970000000000000000e+02,1.094700000000000000e+04
9.980000000000000000e+02,1.093800000000000000e+04
9.990000000000000000e+02,1.100600000000000000e+04
1.000000000000000000e+03,0.000000000000000000e+00
