#Bucket,PerfectCC-
1.000000000000000000e+03,0.000000000000000000e+00
1.001000000000000000e+03,0.000000000000000000e+00
1.002000000000000000e+03,0.000000000000000000e+00
1.003000000000000000e+03,0.000000000000000000e+00
1.004000000000000000e+03,0.000000000000000000e+00
1.005000000000000000e+03,0.000000000000000000e+00
1.006000000000000000e+03,0.000000000000000000e+00
1.007000000000000000e+03,0.000000000000000000e+00
1.008000000000000000e+03,0.000000000000000000e+00
1.009000000000000000e+03,0.000000000000000000e+00
1.010000000000000000e+03,0.000000000000000000e+00
1.011000000000000000e+03,0.000000000000000000e+00
1.012000000000000000e+03,0.000000000000000000e+00
1.013000000000000000e+03,0.000000000000000000e+00
1.014000000000000000e+03,0.000000000000000000e+00
1.015000000000000000e+03,0.000000000000000000e+00
1.016000000000000000e+03,0.000000000000000000e+00
1.017000000000000000e+03,8.866900000000000000e+04
1.018000000000000000e+03,8.829800000000000000e+04
1.019000000000000000e+03,8.697300000000000000e+04
1.020000000000000000e+03,9.195500000000000000e+04
1.021000000000000000e+03,8.978200000000000000e+04
1.022000000000000000e+03,8.972900000000000000e+04
1.023000000000000000e+03,8.872200000000000000e+04
1.024000000000000000e+03,8.994100000000000000e+04
1.025000000000000000e+03,8.904000000000000000e+04
1.026000000000000000e+03,9.131900000000000000e+04
1.027000000000000000e+03,8.718500000000000000e+04
1.028000000000000000e+03,8.957000000000000000e+04
1.029000000000000000e+03,8.925200000000000000e+04
1.030000000000000000e+03,9.105400000000000000e+04
1.031000000000000000e+03,8.750300000000000000e+04
1.032000000000000000e+03,8.707900000000000000e+04
1.033000000000000000e+03,9.211400000000000000e+04
1.034000000000000000e+03,8.564800000000000000e+04
1.035000000000000000e+03,8.898700000000000000e+04
1.036000000000000000e+03,8.893400000000000000e+04
1.037000000000000000e+03,9.179600000000000000e+04
1.038000000000000000e+03,8.681400000000000000e+04
1.039000000000000000e+03,9.052400000000000000e+04
1.040000000000000000e+03,8.617800000000000000e+04
1.041000000000000000e+03,8.866900000000000000e+04
1.042000000000000000e+03,9.084200000000000000e+04
1.043000000000000000e+03,8.856300000000000000e+04
1.044000000000000000e+03,9.052400000000000000e+04
1.045000000000000000e+03,8.845700000000000000e+04
1.046000000000000000e+03,8.925200000000000000e+04
1.047000000000000000e+03,8.946400000000000000e+04
1.048000000000000000e+03,8.994100000000000000e+04
1.049000000000000000e+03,8.851000000000000000e+04
1.050000000000000000e+03,8.925200000000000000e+04
1.051000000000000000e+03,9.063000000000000000e+04
1.052000000000000000e+03,9.100100000000000000e+04
1.053000000000000000e+03,8.617800000000000000e+04
1.054000000000000000e+03,9.057700000000000000e+04
1.055000000000000000e+03,8.554200000000000000e+04
1.056000000000000000e+03,9.084200000000000000e+04
1.057000000000000000e+03,9.004700000000000000e+04
1.058000000000000000e+03,9.078900000000000000e+04
1.059000000000000000e+03,8.702600000000000000e+04
1.060000000000000000e+03,8.628400000000000000e+04
1.061000000000000000e+03,8.930500000000000000e+04
1.062000000000000000e+03,8.872200000000000000e+04
1.063000000000000000e+03,8.829800000000000000e+04
1.064000000000000000e+03,8.951700000000000000e+04
1.065000000000000000e+03,9.264400000000000000e+04
1.066000000000000000e+03,8.909300000000000000e+04
1.067000000000000000e+03,9.179600000000000000e+04
1.068000000000000000e+03,9.020600000000000000e+04
1.069000000000000000e+03,8.904000000000000000e+04
1.070000000000000000e+03,9.322700000000000000e+04
1.071000000000000000e+03,9.142500000000000000e+04
1.072000000000000000e+03,8.994100000000000000e+04
1.073000000000000000e+03,9.131900000000000000e+04
1.074000000000000000e+03,8.919900000000000000e+04
1.075000000000000000e+03,8.898700000000000000e+04
1.076000000000000000e+03,8.930500000000000000e+04
1.077000000000000000e+03,8.750300000000000000e+04
1.078000000000000000e+03,9.057700000000000000e+04
1.079000000000000000e+03,9.211400000000000000e+04
1.080000000000000000e+03,9.047100000000000000e+04
1.081000000000000000e+03,8.819200000000000000e+04
1.082000000000000000e+03,8.983500000000000000e+04
1.083000000000000000e+03,9.094800000000000000e+04
1.084000000000000000e+03,8.798000000000000000e+04
1.085000000000000000e+03,9.057700000000000000e+04
1.086000000000000000e+03,8.877500000000000000e+04
1.087000000000000000e+03,9.004700000000000000e+04
1.088000000000000000e+03,8.851000000000000000e+04
1.089000000000000000e+03,9.025900000000000000e+04
1.090000000000000000e+03,8.803300000000000000e+04
1.091000000000000000e+03,8.925200000000000000e+04
1.092000000000000000e+03,9.094800000000000000e+04
1.093000000000000000e+03,8.851000000000000000e+04
1.094000000000000000e+03,8.941100000000000000e+04
1.095000000000000000e+03,9.031200000000000000e+04
1.096000000000000000e+03,9.036500000000000000e+04
1.097000000000000000e+03,8.819200000000000000e+04
1.098000000000000000e+03,8.898700000000000000e+04
1.099000000000000000e+03,8.697300000000000000e+04
1.100000000000000000e+03,8.813900000000000000e+04
1.101000000000000000e+03,9.142500000000000000e+04
1.102000000000000000e+03,8.829800000000000000e+04
1.103000000000000000e+03,8.978200000000000000e+04
1.104000000000000000e+03,9.195500000000000000e+04
1.105000000000000000e+03,8.601900000000000000e+04
1.106000000000000000e+03,9.153100000000000000e+04
1.107000000000000000e+03,9.031200000000000000e+04
1.108000000000000000e+03,8.994100000000000000e+04
1.109000000000000000e+03,9.174300000000000000e+04
1.110000000000000000e+03,9.068300000000000000e+04
1.111000000000000000e+03,8.904000000000000000e+04
1.112000000000000000e+03,9.333300000000000000e+04
1.113000000000000000e+03,8.861600000000000000e+04
1.114000000000000000e+03,8.925200000000000000e+04
1.115000000000000000e+03,8.866900000000000000e+04
1.116000000000000000e+03,8.872200000000000000e+04
1.117000000000000000e+03,8.824500000000000000e+04
1.118000000000000000e+03,8.972900000000000000e+04
1.119000000000000000e+03,8.782100000000000000e+04
1.120000000000000000e+03,9.089500000000000000e+04
1.121000000000000000e+03,8.925200000000000000e+04
1.122000000000000000e+03,8.962300000000000000e+04
1.123000000000000000e+03,8.718500000000000000e+04
1.124000000000000000e+03,8.872200000000000000e+04
1.125000000000000000e+03,8.946400000000000000e+04
1.126000000000000000e+03,9.047100000000000000e+04
1.127000000000000000e+03,8.872200000000000000e+04
1.128000000000000000e+03,9.222000000000000000e+04
1.129000000000000000e+03,8.792700000000000000e+04
1.130000000000000000e+03,9.153100000000000000e+04
1.131000000000000000e+03,8.925200000000000000e+04
1.132000000000000000e+03,8.914600000000000000e+04
1.133000000000000000e+03,8.957000000000000000e+04
1.134000000000000000e+03,8.893400000000000000e+04
1.135000000000000000e+03,9.153100000000000000e+04
1.136000000000000000e+03,8.994100000000000000e+04
1.137000000000000000e+03,9.041800000000000000e+04
1.138000000000000000e+03,8.967600000000000000e+04
1.139000000000000000e+03,8.856300000000000000e+04
1.140000000000000000e+03,9.100100000000000000e+04
1.141000000000000000e+03,8.904000000000000000e+04
1.142000000000000000e+03,9.110700000000000000e+04
1.143000000000000000e+03,8.914600000000000000e+04
1.144000000000000000e+03,8.988800000000000000e+04
1.145000000000000000e+03,8.824500000000000000e+04
1.146000000000000000e+03,8.898700000000000000e+04
1.147000000000000000e+03,8.872200000000000000e+04
1.148000000000000000e+03,9.015300000000000000e+04
1.149000000000000000e+03,8.925200000000000000e+04
1.150000000000000000e+03,9.063000000000000000e+04
1.151000000000000000e+03,8.835100000000000000e+04
1.152000000000000000e+03,9.110700000000000000e+04
1.153000000000000000e+03,8.930500000000000000e+04
1.154000000000000000e+03,9.169000000000000000e+04
1.155000000000000000e+03,8.829800000000000000e+04
1.156000000000000000e+03,9.137200000000000000e+04
1.157000000000000000e+03,9.041800000000000000e+04
1.158000000000000000e+03,9.015300000000000000e+04
1.159000000000000000e+03,8.941100000000000000e+04
1.160000000000000000e+03,8.983500000000000000e+04
1.161000000000000000e+03,9.031200000000000000e+04
1.162000000000000000e+03,8.946400000000000000e+04
1.163000000000000000e+03,8.707900000000000000e+04
1.164000000000000000e+03,8.803300000000000000e+04
1.165000000000000000e+03,9.147800000000000000e+04
1.166000000000000000e+03,8.755600000000000000e+04
1.167000000000000000e+03,8.776800000000000000e+04
1.168000000000000000e+03,8.909300000000000000e+04
1.169000000000000000e+03,8.718500000000000000e+04
1.170000000000000000e+03,9.020600000000000000e+04
1.171000000000000000e+03,8.813900000000000000e+04
1.172000000000000000e+03,8.792700000000000000e+04
1.173000000000000000e+03,8.771500000000000000e+04
1.174000000000000000e+03,8.957000000000000000e+04
1.175000000000000000e+03,8.718500000000000000e+04
1.176000000000000000e+03,8.983500000000000000e+04
1.177000000000000000e+03,8.861600000000000000e+04
1.178000000000000000e+03,9.068300000000000000e+04
1.179000000000000000e+03,8.760900000000000000e+04
1.180000000000000000e+03,8.935800000000000000e+04
1.181000000000000000e+03,8.819200000000000000e+04
1.182000000000000000e+03,8.988800000000000000e+04
1.183000000000000000e+03,8.877500000000000000e+04
1.184000000000000000e+03,8.813900000000000000e+04
1.185000000000000000e+03,8.988800000000000000e+04
1.186000000000000000e+03,8.962300000000000000e+04
1.187000000000000000e+03,8.480000000000000000e+04
1.188000000000000000e+03,9.068300000000000000e+04
1.189000000000000000e+03,8.861600000000000000e+04
1.190000000000000000e+03,8.957000000000000000e+04
1.191000000000000000e+03,8.713200000000000000e+04
1.192000000000000000e+03,8.819200000000000000e+04
1.193000000000000000e+03,9.036500000000000000e+04
1.194000000000000000e+03,9.100100000000000000e+04
1.195000000000000000e+03,8.861600000000000000e+04
1.196000000000000000e+03,8.946400000000000000e+04
1.197000000000000000e+03,8.967600000000000000e+04
1.198000000000000000e+03,8.803300000000000000e+04
1.199000000000000000e+03,8.813900000000000000e+04
1.200000000000000000e+03,9.137200000000000000e+04
1.201000000000000000e+03,8.882800000000000000e+04
1.202000000000000000e+03,9.047100000000000000e+04
1.203000000000000000e+03,8.771500000000000000e+04
1.204000000000000000e+03,9.078900000000000000e+04
1.205000000000000000e+03,8.845700000000000000e+04
1.206000000000000000e+03,9.094800000000000000e+04
1.207000000000000000e+03,8.983500000000000000e+04
1.208000000000000000e+03,8.617800000000000000e+04
1.209000000000000000e+03,8.898700000000000000e+04
1.210000000000000000e+03,8.872200000000000000e+04
1.211000000000000000e+03,8.670800000000000000e+04
1.212000000000000000e+03,9.073600000000000000e+04
1.213000000000000000e+03,8.967600000000000000e+04
1.214000000000000000e+03,9.068300000000000000e+04
1.215000000000000000e+03,8.745000000000000000e+04
1.216000000000000000e+03,9.041800000000000000e+04
1.217000000000000000e+03,8.776800000000000000e+04
1.218000000000000000e+03,9.031200000000000000e+04
1.219000000000000000e+03,8.718500000000000000e+04
1.220000000000000000e+03,9.259100000000000000e+04
1.221000000000000000e+03,8.835100000000000000e+04
1.222000000000000000e+03,8.941100000000000000e+04
1.223000000000000000e+03,8.734400000000000000e+04
1.224000000000000000e+03,8.930500000000000000e+04
1.225000000000000000e+03,8.978200000000000000e+04
1.226000000000000000e+03,8.697300000000000000e+04
1.227000000000000000e+03,9.169000000000000000e+04
1.228000000000000000e+03,8.935800000000000000e+04
1.229000000000000000e+03,9.084200000000000000e+04
1.230000000000000000e+03,8.845700000000000000e+04
1.231000000000000000e+03,9.015300000000000000e+04
1.232000000000000000e+03,8.739700000000000000e+04
1.233000000000000000e+03,9.004700000000000000e+04
1.234000000000000000e+03,8.548900000000000000e+04
1.235000000000000000e+03,8.925200000000000000e+04
1.236000000000000000e+03,8.946400000000000000e+04
1.237000000000000000e+03,8.692000000000000000e+04
1.238000000000000000e+03,8.856300000000000000e+04
1.239000000000000000e+03,8.904000000000000000e+04
1.240000000000000000e+03,8.877500000000000000e+04
1.241000000000000000e+03,8.813900000000000000e+04
1.242000000000000000e+03,9.105400000000000000e+04
1.243000000000000000e+03,8.792700000000000000e+04
1.244000000000000000e+03,8.930500000000000000e+04
1.245000000000000000e+03,8.888100000000000000e+04
1.246000000000000000e+03,8.872200000000000000e+04
1.247000000000000000e+03,8.829800000000000000e+04
1.248000000000000000e+03,8.925200000000000000e+04
1.249000000000000000e+03,9.031200000000000000e+04
1.250000000000000000e+03,9.174300000000000000e+04
1.251000000000000000e+03,8.978200000000000000e+04
1.252000000000000000e+03,8.872200000000000000e+04
1.253000000000000000e+03,9.131900000000000000e+04
1.254000000000000000e+03,8.527700000000000000e+04
1.255000000000000000e+03,8.999400000000000000e+04
1.256000000000000000e+03,9.015300000000000000e+04
1.257000000000000000e+03,8.633700000000000000e+04
1.258000000000000000e+03,9.084200000000000000e+04
1.259000000000000000e+03,8.819200000000000000e+04
1.260000000000000000e+03,9.052400000000000000e+04
1.261000000000000000e+03,8.914600000000000000e+04
1.262000000000000000e+03,8.755600000000000000e+04
1.263000000000000000e+03,9.010000000000000000e+04
1.264000000000000000e+03,8.851000000000000000e+04
1.265000000000000000e+03,8.766200000000000000e+04
1.266000000000000000e+03,8.909300000000000000e+04
1.267000000000000000e+03,9.158400000000000000e+04
1.268000000000000000e+03,8.877500000000000000e+04
1.269000000000000000e+03,9.015300000000000000e+04
1.270000000000000000e+03,8.803300000000000000e+04
1.271000000000000000e+03,9.137200000000000000e+04
1.272000000000000000e+03,8.798000000000000000e+04
1.273000000000000000e+03,9.078900000000000000e+04
1.274000000000000000e+03,8.617800000000000000e+04
1.275000000000000000e+03,9.142500000000000000e+04
1.276000000000000000e+03,8.866900000000000000e+04
1.277000000000000000e+03,8.909300000000000000e+04
1.278000000000000000e+03,8.898700000000000000e+04
1.279000000000000000e+03,8.888100000000000000e+04
1.280000000000000000e+03,8.856300000000000000e+04
1.281000000000000000e+03,9.158400000000000000e+04
1.282000000000000000e+03,9.052400000000000000e+04
1.283000000000000000e+03,9.195500000000000000e+04
1.284000000000000000e+03,8.787400000000000000e+04
1.285000000000000000e+03,8.824500000000000000e+04
1.286000000000000000e+03,8.808600000000000000e+04
1.287000000000000000e+03,8.808600000000000000e+04
1.288000000000000000e+03,9.121300000000000000e+04
1.289000000000000000e+03,8.919900000000000000e+04
1.290000000000000000e+03,8.935800000000000000e+04
1.291000000000000000e+03,8.962300000000000000e+04
1.292000000000000000e+03,8.580700000000000000e+04
1.293000000000000000e+03,9.354500000000000000e+04
1.294000000000000000e+03,9.200800000000000000e+04
1.295000000000000000e+03,8.872200000000000000e+04
1.296000000000000000e+03,8.930500000000000000e+04
1.297000000000000000e+03,8.962300000000000000e+04
1.298000000000000000e+03,8.824500000000000000e+04
1.299000000000000000e+03,8.819200000000000000e+04
1.300000000000000000e+03,8.888100000000000000e+04
1.301000000000000000e+03,8.702600000000000000e+04
1.302000000000000000e+03,9.036500000000000000e+04
1.303000000000000000e+03,9.020600000000000000e+04
1.304000000000000000e+03,8.707900000000000000e+04
1.305000000000000000e+03,8.999400000000000000e+04
1.306000000000000000e+03,9.025900000000000000e+04
1.307000000000000000e+03,9.004700000000000000e+04
1.308000000000000000e+03,8.898700000000000000e+04
1.309000000000000000e+03,9.025900000000000000e+04
1.310000000000000000e+03,8.919900000000000000e+04
1.311000000000000000e+03,8.967600000000000000e+04
1.312000000000000000e+03,8.713200000000000000e+04
1.313000000000000000e+03,8.967600000000000000e+04
1.314000000000000000e+03,8.946400000000000000e+04
1.315000000000000000e+03,8.988800000000000000e+04
1.316000000000000000e+03,8.930500000000000000e+04
1.317000000000000000e+03,8.681400000000000000e+04
1.318000000000000000e+03,8.893400000000000000e+04
1.319000000000000000e+03,8.697300000000000000e+04
1.320000000000000000e+03,9.020600000000000000e+04
1.321000000000000000e+03,9.036500000000000000e+04
1.322000000000000000e+03,8.930500000000000000e+04
1.323000000000000000e+03,9.020600000000000000e+04
1.324000000000000000e+03,8.755600000000000000e+04
1.325000000000000000e+03,9.004700000000000000e+04
1.326000000000000000e+03,8.835100000000000000e+04
1.327000000000000000e+03,8.813900000000000000e+04
1.328000000000000000e+03,9.153100000000000000e+04
1.329000000000000000e+03,8.745000000000000000e+04
1.330000000000000000e+03,9.190200000000000000e+04
1.331000000000000000e+03,8.543600000000000000e+04
1.332000000000000000e+03,9.073600000000000000e+04
1.333000000000000000e+03,8.474700000000000000e+04
1.334000000000000000e+03,9.184900000000000000e+04
1.335000000000000000e+03,8.389900000000000000e+04
1.336000000000000000e+03,9.010000000000000000e+04
1.337000000000000000e+03,9.047100000000000000e+04
1.338000000000000000e+03,9.041800000000000000e+04
1.339000000000000000e+03,8.776800000000000000e+04
1.340000000000000000e+03,8.803300000000000000e+04
1.341000000000000000e+03,8.639000000000000000e+04
1.342000000000000000e+03,8.962300000000000000e+04
1.343000000000000000e+03,8.856300000000000000e+04
1.344000000000000000e+03,9.068300000000000000e+04
1.345000000000000000e+03,9.110700000000000000e+04
1.346000000000000000e+03,8.835100000000000000e+04
1.347000000000000000e+03,8.994100000000000000e+04
1.348000000000000000e+03,8.866900000000000000e+04
1.349000000000000000e+03,8.755600000000000000e+04
1.350000000000000000e+03,9.137200000000000000e+04
1.351000000000000000e+03,8.919900000000000000e+04
1.352000000000000000e+03,8.941100000000000000e+04
1.353000000000000000e+03,8.745000000000000000e+04
1.354000000000000000e+03,9.010000000000000000e+04
1.355000000000000000e+03,9.200800000000000000e+04
1.356000000000000000e+03,8.660200000000000000e+04
1.357000000000000000e+03,9.131900000000000000e+04
1.358000000000000000e+03,8.771500000000000000e+04
1.359000000000000000e+03,8.734400000000000000e+04
1.360000000000000000e+03,8.872200000000000000e+04
1.361000000000000000e+03,9.073600000000000000e+04
1.362000000000000000e+03,9.068300000000000000e+04
1.363000000000000000e+03,8.967600000000000000e+04
1.364000000000000000e+03,8.766200000000000000e+04
1.365000000000000000e+03,9.010000000000000000e+04
1.366000000000000000e+03,8.856300000000000000e+04
1.367000000000000000e+03,8.713200000000000000e+04
1.368000000000000000e+03,8.877500000000000000e+04
1.369000000000000000e+03,8.919900000000000000e+04
1.370000000000000000e+03,8.888100000000000000e+04
1.371000000000000000e+03,9.063000000000000000e+04
1.372000000000000000e+03,8.988800000000000000e+04
1.373000000000000000e+03,9.031200000000000000e+04
1.374000000000000000e+03,8.829800000000000000e+04
1.375000000000000000e+03,8.946400000000000000e+04
1.376000000000000000e+03,8.904000000000000000e+04
1.377000000000000000e+03,8.575400000000000000e+04
1.378000000000000000e+03,8.962300000000000000e+04
1.379000000000000000e+03,8.723800000000000000e+04
1.380000000000000000e+03,8.729100000000000000e+04
1.381000000000000000e+03,8.782100000000000000e+04
1.382000000000000000e+03,8.882800000000000000e+04
1.383000000000000000e+03,8.697300000000000000e+04
1.384000000000000000e+03,9.084200000000000000e+04
1.385000000000000000e+03,8.782100000000000000e+04
1.386000000000000000e+03,9.020600000000000000e+04
1.387000000000000000e+03,8.808600000000000000e+04
1.388000000000000000e+03,9.094800000000000000e+04
1.389000000000000000e+03,8.803300000000000000e+04
1.390000000000000000e+03,8.490600000000000000e+04
1.391000000000000000e+03,8.978200000000000000e+04
1.392000000000000000e+03,8.787400000000000000e+04
1.393000000000000000e+03,8.904000000000000000e+04
1.394000000000000000e+03,8.919900000000000000e+04
1.395000000000000000e+03,8.649600000000000000e+04
1.396000000000000000e+03,9.227300000000000000e+04
1.397000000000000000e+03,8.914600000000000000e+04
1.398000000000000000e+03,8.819200000000000000e+04
1.399000000000000000e+03,8.983500000000000000e+04
1.400000000000000000e+03,8.951700000000000000e+04
1.401000000000000000e+03,8.877500000000000000e+04
1.402000000000000000e+03,8.872200000000000000e+04
1.403000000000000000e+03,9.063000000000000000e+04
1.404000000000000000e+03,8.692000000000000000e+04
1.405000000000000000e+03,8.941100000000000000e+04
1.406000000000000000e+03,8.967600000000000000e+04
1.407000000000000000e+03,9.147800000000000000e+04
1.408000000000000000e+03,9.068300000000000000e+04
1.409000000000000000e+03,8.967600000000000000e+04
1.410000000000000000e+03,9.190200000000000000e+04
1.411000000000000000e+03,9.142500000000000000e+04
1.412000000000000000e+03,8.819200000000000000e+04
1.413000000000000000e+03,9.031200000000000000e+04
1.414000000000000000e+03,8.904000000000000000e+04
1.415000000000000000e+03,8.835100000000000000e+04
1.416000000000000000e+03,8.941100000000000000e+04
1.417000000000000000e+03,8.840400000000000000e+04
1.418000000000000000e+03,8.951700000000000000e+04
1.419000000000000000e+03,8.983500000000000000e+04
1.420000000000000000e+03,8.649600000000000000e+04
1.421000000000000000e+03,8.946400000000000000e+04
1.422000000000000000e+03,8.766200000000000000e+04
1.423000000000000000e+03,9.031200000000000000e+04
1.424000000000000000e+03,8.866900000000000000e+04
1.425000000000000000e+03,8.882800000000000000e+04
1.426000000000000000e+03,8.861600000000000000e+04
1.427000000000000000e+03,8.813900000000000000e+04
1.428000000000000000e+03,8.888100000000000000e+04
1.429000000000000000e+03,8.951700000000000000e+04
1.430000000000000000e+03,8.760900000000000000e+04
1.431000000000000000e+03,9.200800000000000000e+04
1.432000000000000000e+03,9.153100000000000000e+04
1.433000000000000000e+03,9.169000000000000000e+04
1.434000000000000000e+03,8.994100000000000000e+04
1.435000000000000000e+03,9.100100000000000000e+04
1.436000000000000000e+03,9.200800000000000000e+04
1.437000000000000000e+03,8.702600000000000000e+04
1.438000000000000000e+03,9.036500000000000000e+04
1.439000000000000000e+03,8.681400000000000000e+04
1.440000000000000000e+03,9.126600000000000000e+04
1.441000000000000000e+03,9.174300000000000000e+04
1.442000000000000000e+03,8.946400000000000000e+04
1.443000000000000000e+03,9.004700000000000000e+04
1.444000000000000000e+03,9.015300000000000000e+04
1.445000000000000000e+03,9.110700000000000000e+04
1.446000000000000000e+03,8.835100000000000000e+04
1.447000000000000000e+03,8.755600000000000000e+04
1.448000000000000000e+03,8.707900000000000000e+04
1.449000000000000000e+03,9.227300000000000000e+04
1.450000000000000000e+03,9.068300000000000000e+04
1.451000000000000000e+03,8.776800000000000000e+04
1.452000000000000000e+03,8.946400000000000000e+04
1.453000000000000000e+03,8.946400000000000000e+04
1.454000000000000000e+03,8.904000000000000000e+04
1.455000000000000000e+03,8.914600000000000000e+04
1.456000000000000000e+03,9.137200000000000000e+04
1.457000000000000000e+03,8.686700000000000000e+04
1.458000000000000000e+03,8.972900000000000000e+04
1.459000000000000000e+03,8.670800000000000000e+04
1.460000000000000000e+03,8.898700000000000000e+04
1.461000000000000000e+03,8.866900000000000000e+04
1.462000000000000000e+03,9.089500000000000000e+04
1.463000000000000000e+03,8.951700000000000000e+04
1.464000000000000000e+03,8.829800000000000000e+04
1.465000000000000000e+03,8.845700000000000000e+04
1.466000000000000000e+03,8.686700000000000000e+04
1.467000000000000000e+03,9.110700000000000000e+04
1.468000000000000000e+03,9.105400000000000000e+04
1.469000000000000000e+03,8.978200000000000000e+04
1.470000000000000000e+03,8.994100000000000000e+04
1.471000000000000000e+03,9.232600000000000000e+04
1.472000000000000000e+03,8.819200000000000000e+04
1.473000000000000000e+03,8.861600000000000000e+04
1.474000000000000000e+03,9.158400000000000000e+04
1.475000000000000000e+03,8.676100000000000000e+04
1.476000000000000000e+03,8.935800000000000000e+04
1.477000000000000000e+03,8.877500000000000000e+04
1.478000000000000000e+03,8.787400000000000000e+04
1.479000000000000000e+03,8.845700000000000000e+04
1.480000000000000000e+03,8.866900000000000000e+04
1.481000000000000000e+03,8.983500000000000000e+04
1.482000000000000000e+03,8.713200000000000000e+04
1.483000000000000000e+03,8.957000000000000000e+04
1.484000000000000000e+03,8.840400000000000000e+04
1.485000000000000000e+03,8.729100000000000000e+04
1.486000000000000000e+03,8.739700000000000000e+04
1.487000000000000000e+03,8.946400000000000000e+04
1.488000000000000000e+03,8.713200000000000000e+04
1.489000000000000000e+03,9.063000000000000000e+04
1.490000000000000000e+03,8.676100000000000000e+04
1.491000000000000000e+03,8.882800000000000000e+04
1.492000000000000000e+03,8.856300000000000000e+04
1.493000000000000000e+03,8.856300000000000000e+04
1.494000000000000000e+03,8.914600000000000000e+04
1.495000000000000000e+03,8.654900000000000000e+04
1.496000000000000000e+03,9.036500000000000000e+04
1.497000000000000000e+03,8.840400000000000000e+04
1.498000000000000000e+03,9.047100000000000000e+04
1.499000000000000000e+03,8.919900000000000000e+04
1.500000000000000000e+03,8.861600000000000000e+04
1.501000000000000000e+03,9.094800000000000000e+04
1.502000000000000000e+03,8.623100000000000000e+04
1.503000000000000000e+03,9.073600000000000000e+04
1.504000000000000000e+03,8.734400000000000000e+04
1.505000000000000000e+03,9.047100000000000000e+04
1.506000000000000000e+03,9.116000000000000000e+04
1.507000000000000000e+03,9.036500000000000000e+04
1.508000000000000000e+03,8.935800000000000000e+04
1.509000000000000000e+03,9.036500000000000000e+04
1.510000000000000000e+03,8.888100000000000000e+04
1.511000000000000000e+03,9.116000000000000000e+04
1.512000000000000000e+03,9.052400000000000000e+04
1.513000000000000000e+03,8.919900000000000000e+04
1.514000000000000000e+03,8.866900000000000000e+04
1.515000000000000000e+03,9.089500000000000000e+04
1.516000000000000000e+03,8.909300000000000000e+04
1.517000000000000000e+03,9.078900000000000000e+04
1.518000000000000000e+03,8.702600000000000000e+04
1.519000000000000000e+03,8.904000000000000000e+04
1.520000000000000000e+03,8.919900000000000000e+04
1.521000000000000000e+03,8.941100000000000000e+04
1.522000000000000000e+03,8.856300000000000000e+04
1.523000000000000000e+03,8.988800000000000000e+04
1.524000000000000000e+03,8.925200000000000000e+04
1.525000000000000000e+03,9.084200000000000000e+04
1.526000000000000000e+03,8.930500000000000000e+04
1.527000000000000000e+03,8.941100000000000000e+04
1.528000000000000000e+03,8.697300000000000000e+04
1.529000000000000000e+03,8.766200000000000000e+04
1.530000000000000000e+03,8.983500000000000000e+04
1.531000000000000000e+03,8.723800000000000000e+04
1.532000000000000000e+03,8.957000000000000000e+04
1.533000000000000000e+03,8.925200000000000000e+04
1.534000000000000000e+03,8.829800000000000000e+04
1.535000000000000000e+03,8.559500000000000000e+04
1.536000000000000000e+03,8.829800000000000000e+04
1.537000000000000000e+03,8.829800000000000000e+04
1.538000000000000000e+03,9.100100000000000000e+04
1.539000000000000000e+03,8.872200000000000000e+04
1.540000000000000000e+03,8.681400000000000000e+04
1.541000000000000000e+03,9.020600000000000000e+04
1.542000000000000000e+03,8.967600000000000000e+04
1.543000000000000000e+03,8.851000000000000000e+04
1.544000000000000000e+03,8.729100000000000000e+04
1.545000000000000000e+03,8.904000000000000000e+04
1.546000000000000000e+03,8.856300000000000000e+04
1.547000000000000000e+03,9.073600000000000000e+04
1.548000000000000000e+03,9.089500000000000000e+04
1.549000000000000000e+03,9.094800000000000000e+04
1.550000000000000000e+03,9.253800000000000000e+04
1.551000000000000000e+03,8.930500000000000000e+04
1.552000000000000000e+03,8.930500000000000000e+04
1.553000000000000000e+03,9.285600000000000000e+04
1.554000000000000000e+03,8.951700000000000000e+04
1.555000000000000000e+03,9.094800000000000000e+04
1.556000000000000000e+03,9.206100000000000000e+04
1.557000000000000000e+03,9.169000000000000000e+04
1.558000000000000000e+03,8.935800000000000000e+04
1.559000000000000000e+03,8.686700000000000000e+04
1.560000000000000000e+03,9.015300000000000000e+04
1.561000000000000000e+03,8.904000000000000000e+04
1.562000000000000000e+03,8.723800000000000000e+04
1.563000000000000000e+03,8.866900000000000000e+04
1.564000000000000000e+03,8.760900000000000000e+04
1.565000000000000000e+03,8.734400000000000000e+04
1.566000000000000000e+03,9.025900000000000000e+04
1.567000000000000000e+03,8.517100000000000000e+04
1.568000000000000000e+03,8.893400000000000000e+04
1.569000000000000000e+03,9.116000000000000000e+04
1.570000000000000000e+03,9.047100000000000000e+04
1.571000000000000000e+03,8.972900000000000000e+04
1.572000000000000000e+03,8.866900000000000000e+04
1.573000000000000000e+03,8.951700000000000000e+04
1.574000000000000000e+03,9.131900000000000000e+04
1.575000000000000000e+03,8.617800000000000000e+04
1.576000000000000000e+03,8.951700000000000000e+04
1.577000000000000000e+03,8.898700000000000000e+04
1.578000000000000000e+03,8.919900000000000000e+04
1.579000000000000000e+03,8.962300000000000000e+04
1.580000000000000000e+03,8.882800000000000000e+04
1.581000000000000000e+03,8.951700000000000000e+04
1.582000000000000000e+03,8.570100000000000000e+04
1.583000000000000000e+03,8.957000000000000000e+04
1.584000000000000000e+03,8.734400000000000000e+04
1.585000000000000000e+03,8.925200000000000000e+04
1.586000000000000000e+03,8.819200000000000000e+04
1.587000000000000000e+03,9.126600000000000000e+04
1.588000000000000000e+03,8.787400000000000000e+04
1.589000000000000000e+03,8.919900000000000000e+04
1.590000000000000000e+03,8.925200000000000000e+04
1.591000000000000000e+03,8.845700000000000000e+04
1.592000000000000000e+03,9.073600000000000000e+04
1.593000000000000000e+03,9.020600000000000000e+04
1.594000000000000000e+03,8.988800000000000000e+04
1.595000000000000000e+03,8.909300000000000000e+04
1.596000000000000000e+03,8.845700000000000000e+04
1.597000000000000000e+03,9.047100000000000000e+04
1.598000000000000000e+03,8.957000000000000000e+04
1.599000000000000000e+03,8.893400000000000000e+04
1.600000000000000000e+03,9.052400000000000000e+04
1.601000000000000000e+03,8.851000000000000000e+04
1.602000000000000000e+03,8.787400000000000000e+04
1.603000000000000000e+03,9.142500000000000000e+04
1.604000000000000000e+03,9.073600000000000000e+04
1.605000000000000000e+03,8.919900000000000000e+04
1.606000000000000000e+03,8.941100000000000000e+04
1.607000000000000000e+03,8.766200000000000000e+04
1.608000000000000000e+03,9.078900000000000000e+04
1.609000000000000000e+03,8.713200000000000000e+04
1.610000000000000000e+03,9.163700000000000000e+04
1.611000000000000000e+03,8.543600000000000000e+04
1.612000000000000000e+03,8.957000000000000000e+04
1.613000000000000000e+03,8.946400000000000000e+04
1.614000000000000000e+03,9.047100000000000000e+04
1.615000000000000000e+03,8.904000000000000000e+04
1.616000000000000000e+03,8.766200000000000000e+04
1.617000000000000000e+03,8.946400000000000000e+04
1.618000000000000000e+03,9.200800000000000000e+04
1.619000000000000000e+03,9.078900000000000000e+04
1.620000000000000000e+03,8.851000000000000000e+04
1.621000000000000000e+03,9.126600000000000000e+04
1.622000000000000000e+03,8.787400000000000000e+04
1.623000000000000000e+03,8.988800000000000000e+04
1.624000000000000000e+03,8.893400000000000000e+04
1.625000000000000000e+03,8.861600000000000000e+04
1.626000000000000000e+03,9.306800000000000000e+04
1.627000000000000000e+03,8.734400000000000000e+04
1.628000000000000000e+03,8.808600000000000000e+04
1.629000000000000000e+03,8.972900000000000000e+04
1.630000000000000000e+03,8.877500000000000000e+04
1.631000000000000000e+03,8.766200000000000000e+04
1.632000000000000000e+03,8.946400000000000000e+04
1.633000000000000000e+03,8.962300000000000000e+04
1.634000000000000000e+03,8.803300000000000000e+04
1.635000000000000000e+03,8.787400000000000000e+04
1.636000000000000000e+03,8.824500000000000000e+04
1.637000000000000000e+03,8.972900000000000000e+04
1.638000000000000000e+03,8.983500000000000000e+04
1.639000000000000000e+03,8.819200000000000000e+04
1.640000000000000000e+03,8.851000000000000000e+04
1.641000000000000000e+03,9.004700000000000000e+04
1.642000000000000000e+03,9.052400000000000000e+04
1.643000000000000000e+03,9.131900000000000000e+04
1.644000000000000000e+03,8.951700000000000000e+04
1.645000000000000000e+03,8.967600000000000000e+04
1.646000000000000000e+03,8.935800000000000000e+04
1.647000000000000000e+03,8.925200000000000000e+04
1.648000000000000000e+03,8.718500000000000000e+04
1.649000000000000000e+03,9.078900000000000000e+04
1.650000000000000000e+03,9.094800000000000000e+04
1.651000000000000000e+03,8.941100000000000000e+04
1.652000000000000000e+03,8.819200000000000000e+04
1.653000000000000000e+03,8.660200000000000000e+04
1.654000000000000000e+03,8.941100000000000000e+04
1.655000000000000000e+03,8.972900000000000000e+04
1.656000000000000000e+03,8.962300000000000000e+04
1.657000000000000000e+03,8.957000000000000000e+04
1.658000000000000000e+03,8.904000000000000000e+04
1.659000000000000000e+03,9.041800000000000000e+04
1.660000000000000000e+03,8.808600000000000000e+04
1.661000000000000000e+03,9.025900000000000000e+04
1.662000000000000000e+03,9.036500000000000000e+04
1.663000000000000000e+03,8.840400000000000000e+04
1.664000000000000000e+03,8.851000000000000000e+04
1.665000000000000000e+03,9.195500000000000000e+04
1.666000000000000000e+03,8.808600000000000000e+04
1.667000000000000000e+03,8.813900000000000000e+04
1.668000000000000000e+03,8.824500000000000000e+04
1.669000000000000000e+03,9.078900000000000000e+04
1.670000000000000000e+03,8.607200000000000000e+04
1.671000000000000000e+03,9.020600000000000000e+04
1.672000000000000000e+03,8.739700000000000000e+04
1.673000000000000000e+03,8.983500000000000000e+04
1.674000000000000000e+03,9.243200000000000000e+04
1.675000000000000000e+03,8.840400000000000000e+04
1.676000000000000000e+03,9.142500000000000000e+04
1.677000000000000000e+03,8.808600000000000000e+04
1.678000000000000000e+03,8.904000000000000000e+04
1.679000000000000000e+03,8.813900000000000000e+04
1.680000000000000000e+03,8.591300000000000000e+04
1.681000000000000000e+03,8.951700000000000000e+04
1.682000000000000000e+03,8.596600000000000000e+04
1.683000000000000000e+03,9.243200000000000000e+04
1.684000000000000000e+03,8.824500000000000000e+04
1.685000000000000000e+03,8.718500000000000000e+04
1.686000000000000000e+03,9.163700000000000000e+04
1.687000000000000000e+03,8.782100000000000000e+04
1.688000000000000000e+03,8.676100000000000000e+04
1.689000000000000000e+03,9.063000000000000000e+04
1.690000000000000000e+03,8.930500000000000000e+04
1.691000000000000000e+03,9.041800000000000000e+04
1.692000000000000000e+03,8.776800000000000000e+04
1.693000000000000000e+03,9.015300000000000000e+04
1.694000000000000000e+03,8.427000000000000000e+04
1.695000000000000000e+03,9.047100000000000000e+04
1.696000000000000000e+03,8.957000000000000000e+04
1.697000000000000000e+03,8.877500000000000000e+04
1.698000000000000000e+03,8.930500000000000000e+04
1.699000000000000000e+03,8.957000000000000000e+04
1.700000000000000000e+03,8.803300000000000000e+04
1.701000000000000000e+03,9.047100000000000000e+04
1.702000000000000000e+03,8.718500000000000000e+04
1.703000000000000000e+03,9.232600000000000000e+04
1.704000000000000000e+03,8.649600000000000000e+04
1.705000000000000000e+03,9.010000000000000000e+04
1.706000000000000000e+03,8.919900000000000000e+04
1.707000000000000000e+03,9.116000000000000000e+04
1.708000000000000000e+03,8.835100000000000000e+04
1.709000000000000000e+03,8.946400000000000000e+04
1.710000000000000000e+03,9.094800000000000000e+04
1.711000000000000000e+03,8.692000000000000000e+04
1.712000000000000000e+03,9.031200000000000000e+04
1.713000000000000000e+03,9.031200000000000000e+04
1.714000000000000000e+03,8.909300000000000000e+04
1.715000000000000000e+03,9.073600000000000000e+04
1.716000000000000000e+03,8.898700000000000000e+04
1.717000000000000000e+03,8.994100000000000000e+04
1.718000000000000000e+03,8.707900000000000000e+04
1.719000000000000000e+03,9.089500000000000000e+04
1.720000000000000000e+03,8.957000000000000000e+04
1.721000000000000000e+03,9.025900000000000000e+04
1.722000000000000000e+03,8.866900000000000000e+04
1.723000000000000000e+03,8.835100000000000000e+04
1.724000000000000000e+03,8.999400000000000000e+04
1.725000000000000000e+03,8.819200000000000000e+04
1.726000000000000000e+03,9.015300000000000000e+04
1.727000000000000000e+03,9.063000000000000000e+04
1.728000000000000000e+03,9.078900000000000000e+04
1.729000000000000000e+03,8.861600000000000000e+04
1.730000000000000000e+03,8.835100000000000000e+04
1.731000000000000000e+03,8.957000000000000000e+04
1.732000000000000000e+03,8.681400000000000000e+04
1.733000000000000000e+03,8.882800000000000000e+04
1.734000000000000000e+03,9.010000000000000000e+04
1.735000000000000000e+03,8.792700000000000000e+04
1.736000000000000000e+03,9.078900000000000000e+04
1.737000000000000000e+03,9.015300000000000000e+04
1.738000000000000000e+03,8.930500000000000000e+04
1.739000000000000000e+03,8.819200000000000000e+04
1.740000000000000000e+03,8.882800000000000000e+04
1.741000000000000000e+03,8.925200000000000000e+04
1.742000000000000000e+03,8.935800000000000000e+04
1.743000000000000000e+03,8.909300000000000000e+04
1.744000000000000000e+03,8.782100000000000000e+04
1.745000000000000000e+03,9.105400000000000000e+04
1.746000000000000000e+03,8.739700000000000000e+04
1.747000000000000000e+03,9.025900000000000000e+04
1.748000000000000000e+03,8.707900000000000000e+04
1.749000000000000000e+03,8.972900000000000000e+04
1.750000000000000000e+03,8.951700000000000000e+04
1.751000000000000000e+03,8.776800000000000000e+04
1.752000000000000000e+03,8.713200000000000000e+04
1.753000000000000000e+03,8.808600000000000000e+04
1.754000000000000000e+03,9.158400000000000000e+04
1.755000000000000000e+03,8.782100000000000000e+04
1.756000000000000000e+03,8.967600000000000000e+04
1.757000000000000000e+03,8.962300000000000000e+04
1.758000000000000000e+03,8.877500000000000000e+04
1.759000000000000000e+03,8.962300000000000000e+04
1.760000000000000000e+03,8.845700000000000000e+04
1.761000000000000000e+03,9.142500000000000000e+04
1.762000000000000000e+03,8.511800000000000000e+04
1.763000000000000000e+03,9.068300000000000000e+04
1.764000000000000000e+03,8.935800000000000000e+04
1.765000000000000000e+03,9.015300000000000000e+04
1.766000000000000000e+03,8.914600000000000000e+04
1.767000000000000000e+03,8.957000000000000000e+04
1.768000000000000000e+03,9.052400000000000000e+04
1.769000000000000000e+03,9.211400000000000000e+04
1.770000000000000000e+03,8.840400000000000000e+04
1.771000000000000000e+03,8.856300000000000000e+04
1.772000000000000000e+03,9.216700000000000000e+04
1.773000000000000000e+03,8.957000000000000000e+04
1.774000000000000000e+03,8.866900000000000000e+04
1.775000000000000000e+03,9.126600000000000000e+04
1.776000000000000000e+03,9.121300000000000000e+04
1.777000000000000000e+03,8.782100000000000000e+04
1.778000000000000000e+03,9.057700000000000000e+04
1.779000000000000000e+03,8.803300000000000000e+04
1.780000000000000000e+03,9.047100000000000000e+04
1.781000000000000000e+03,8.983500000000000000e+04
1.782000000000000000e+03,8.925200000000000000e+04
1.783000000000000000e+03,9.089500000000000000e+04
1.784000000000000000e+03,8.686700000000000000e+04
1.785000000000000000e+03,9.190200000000000000e+04
1.786000000000000000e+03,8.951700000000000000e+04
1.787000000000000000e+03,8.909300000000000000e+04
1.788000000000000000e+03,8.771500000000000000e+04
1.789000000000000000e+03,8.771500000000000000e+04
1.790000000000000000e+03,9.147800000000000000e+04
1.791000000000000000e+03,8.893400000000000000e+04
1.792000000000000000e+03,9.031200000000000000e+04
1.793000000000000000e+03,8.739700000000000000e+04
1.794000000000000000e+03,8.845700000000000000e+04
1.795000000000000000e+03,9.025900000000000000e+04
1.796000000000000000e+03,8.686700000000000000e+04
1.797000000000000000e+03,9.158400000000000000e+04
1.798000000000000000e+03,8.893400000000000000e+04
1.799000000000000000e+03,8.951700000000000000e+04
1.800000000000000000e+03,9.105400000000000000e+04
1.801000000000000000e+03,9.084200000000000000e+04
1.802000000000000000e+03,9.163700000000000000e+04
1.803000000000000000e+03,9.084200000000000000e+04
1.804000000000000000e+03,9.248500000000000000e+04
1.805000000000000000e+03,9.020600000000000000e+04
1.806000000000000000e+03,9.063000000000000000e+04
1.807000000000000000e+03,9.206100000000000000e+04
1.808000000000000000e+03,8.686700000000000000e+04
1.809000000000000000e+03,9.137200000000000000e+04
1.810000000000000000e+03,8.813900000000000000e+04
1.811000000000000000e+03,9.137200000000000000e+04
1.812000000000000000e+03,8.988800000000000000e+04
1.813000000000000000e+03,8.893400000000000000e+04
1.814000000000000000e+03,9.063000000000000000e+04
1.815000000000000000e+03,9.010000000000000000e+04
1.816000000000000000e+03,8.904000000000000000e+04
1.817000000000000000e+03,8.591300000000000000e+04
1.818000000000000000e+03,9.015300000000000000e+04
1.819000000000000000e+03,8.808600000000000000e+04
1.820000000000000000e+03,9.211400000000000000e+04
1.821000000000000000e+03,9.036500000000000000e+04
1.822000000000000000e+03,9.137200000000000000e+04
1.823000000000000000e+03,9.317400000000000000e+04
1.824000000000000000e+03,8.872200000000000000e+04
1.825000000000000000e+03,9.179600000000000000e+04
1.826000000000000000e+03,9.020600000000000000e+04
1.827000000000000000e+03,8.718500000000000000e+04
1.828000000000000000e+03,9.052400000000000000e+04
1.829000000000000000e+03,8.851000000000000000e+04
1.830000000000000000e+03,8.972900000000000000e+04
1.831000000000000000e+03,8.877500000000000000e+04
1.832000000000000000e+03,8.999400000000000000e+04
1.833000000000000000e+03,8.851000000000000000e+04
1.834000000000000000e+03,8.983500000000000000e+04
1.835000000000000000e+03,8.994100000000000000e+04
1.836000000000000000e+03,8.718500000000000000e+04
1.837000000000000000e+03,8.538300000000000000e+04
1.838000000000000000e+03,8.845700000000000000e+04
1.839000000000000000e+03,9.147800000000000000e+04
1.840000000000000000e+03,8.601900000000000000e+04
1.841000000000000000e+03,8.983500000000000000e+04
1.842000000000000000e+03,8.792700000000000000e+04
1.843000000000000000e+03,9.004700000000000000e+04
1.844000000000000000e+03,8.755600000000000000e+04
1.845000000000000000e+03,8.851000000000000000e+04
1.846000000000000000e+03,9.031200000000000000e+04
1.847000000000000000e+03,8.866900000000000000e+04
1.848000000000000000e+03,9.020600000000000000e+04
1.849000000000000000e+03,8.904000000000000000e+04
1.850000000000000000e+03,8.935800000000000000e+04
1.851000000000000000e+03,8.803300000000000000e+04
1.852000000000000000e+03,8.983500000000000000e+04
1.853000000000000000e+03,8.872200000000000000e+04
1.854000000000000000e+03,8.840400000000000000e+04
1.855000000000000000e+03,9.184900000000000000e+04
1.856000000000000000e+03,8.882800000000000000e+04
1.857000000000000000e+03,8.882800000000000000e+04
1.858000000000000000e+03,8.739700000000000000e+04
1.859000000000000000e+03,9.031200000000000000e+04
1.860000000000000000e+03,8.898700000000000000e+04
1.861000000000000000e+03,8.882800000000000000e+04
1.862000000000000000e+03,8.919900000000000000e+04
1.863000000000000000e+03,8.967600000000000000e+04
1.864000000000000000e+03,9.100100000000000000e+04
1.865000000000000000e+03,9.068300000000000000e+04
1.866000000000000000e+03,9.158400000000000000e+04
1.867000000000000000e+03,9.031200000000000000e+04
1.868000000000000000e+03,8.623100000000000000e+04
1.869000000000000000e+03,8.914600000000000000e+04
1.870000000000000000e+03,8.877500000000000000e+04
1.871000000000000000e+03,8.978200000000000000e+04
1.872000000000000000e+03,8.575400000000000000e+04
1.873000000000000000e+03,9.216700000000000000e+04
1.874000000000000000e+03,8.951700000000000000e+04
1.875000000000000000e+03,9.169000000000000000e+04
1.876000000000000000e+03,8.935800000000000000e+04
1.877000000000000000e+03,9.020600000000000000e+04
1.878000000000000000e+03,8.856300000000000000e+04
1.879000000000000000e+03,9.211400000000000000e+04
1.880000000000000000e+03,9.041800000000000000e+04
1.881000000000000000e+03,8.925200000000000000e+04
1.882000000000000000e+03,9.084200000000000000e+04
1.883000000000000000e+03,8.803300000000000000e+04
1.884000000000000000e+03,8.994100000000000000e+04
1.885000000000000000e+03,9.057700000000000000e+04
1.886000000000000000e+03,9.089500000000000000e+04
1.887000000000000000e+03,9.004700000000000000e+04
1.888000000000000000e+03,9.301500000000000000e+04
1.889000000000000000e+03,8.840400000000000000e+04
1.890000000000000000e+03,9.057700000000000000e+04
1.891000000000000000e+03,8.861600000000000000e+04
1.892000000000000000e+03,8.792700000000000000e+04
1.893000000000000000e+03,8.951700000000000000e+04
1.894000000000000000e+03,8.988800000000000000e+04
1.895000000000000000e+03,8.877500000000000000e+04
1.896000000000000000e+03,8.723800000000000000e+04
1.897000000000000000e+03,9.078900000000000000e+04
1.898000000000000000e+03,8.877500000000000000e+04
1.899000000000000000e+03,9.010000000000000000e+04
1.900000000000000000e+03,8.787400000000000000e+04
1.901000000000000000e+03,9.142500000000000000e+04
1.902000000000000000e+03,8.686700000000000000e+04
1.903000000000000000e+03,9.078900000000000000e+04
1.904000000000000000e+03,8.570100000000000000e+04
1.905000000000000000e+03,9.073600000000000000e+04
1.906000000000000000e+03,8.909300000000000000e+04
1.907000000000000000e+03,9.025900000000000000e+04
1.908000000000000000e+03,8.946400000000000000e+04
1.909000000000000000e+03,8.935800000000000000e+04
1.910000000000000000e+03,8.919900000000000000e+04
1.911000000000000000e+03,9.068300000000000000e+04
1.912000000000000000e+03,9.010000000000000000e+04
1.913000000000000000e+03,8.978200000000000000e+04
1.914000000000000000e+03,8.872200000000000000e+04
1.915000000000000000e+03,9.068300000000000000e+04
1.916000000000000000e+03,9.142500000000000000e+04
1.917000000000000000e+03,8.957000000000000000e+04
1.918000000000000000e+03,8.861600000000000000e+04
1.919000000000000000e+03,9.073600000000000000e+04
1.920000000000000000e+03,8.766200000000000000e+04
1.921000000000000000e+03,9.089500000000000000e+04
1.922000000000000000e+03,8.861600000000000000e+04
1.923000000000000000e+03,9.047100000000000000e+04
1.924000000000000000e+03,8.909300000000000000e+04
1.925000000000000000e+03,9.084200000000000000e+04
1.926000000000000000e+03,9.105400000000000000e+04
1.927000000000000000e+03,9.094800000000000000e+04
1.928000000000000000e+03,8.808600000000000000e+04
1.929000000000000000e+03,9.285600000000000000e+04
1.930000000000000000e+03,8.972900000000000000e+04
1.931000000000000000e+03,8.787400000000000000e+04
1.932000000000000000e+03,9.047100000000000000e+04
1.933000000000000000e+03,8.692000000000000000e+04
1.934000000000000000e+03,9.068300000000000000e+04
1.935000000000000000e+03,8.988800000000000000e+04
1.936000000000000000e+03,8.861600000000000000e+04
1.937000000000000000e+03,8.962300000000000000e+04
1.938000000000000000e+03,8.866900000000000000e+04
1.939000000000000000e+03,8.904000000000000000e+04
1.940000000000000000e+03,8.904000000000000000e+04
1.941000000000000000e+03,8.962300000000000000e+04
1.942000000000000000e+03,8.925200000000000000e+04
1.943000000000000000e+03,8.904000000000000000e+04
1.944000000000000000e+03,8.782100000000000000e+04
1.945000000000000000e+03,8.983500000000000000e+04
1.946000000000000000e+03,8.946400000000000000e+04
1.947000000000000000e+03,9.057700000000000000e+04
1.948000000000000000e+03,8.861600000000000000e+04
1.949000000000000000e+03,8.946400000000000000e+04
1.950000000000000000e+03,9.025900000000000000e+04
1.951000000000000000e+03,8.601900000000000000e+04
1.952000000000000000e+03,8.999400000000000000e+04
1.953000000000000000e+03,8.665500000000000000e+04
1.954000000000000000e+03,9.052400000000000000e+04
1.955000000000000000e+03,8.639000000000000000e+04
1.956000000000000000e+03,9.063000000000000000e+04
1.957000000000000000e+03,8.877500000000000000e+04
1.958000000000000000e+03,8.766200000000000000e+04
1.959000000000000000e+03,8.904000000000000000e+04
1.960000000000000000e+03,8.760900000000000000e+04
1.961000000000000000e+03,8.994100000000000000e+04
1.962000000000000000e+03,8.972900000000000000e+04
1.963000000000000000e+03,8.941100000000000000e+04
1.964000000000000000e+03,8.633700000000000000e+04
1.965000000000000000e+03,9.047100000000000000e+04
1.966000000000000000e+03,8.851000000000000000e+04
1.967000000000000000e+03,8.660200000000000000e+04
1.968000000000000000e+03,8.776800000000000000e+04
1.969000000000000000e+03,9.206100000000000000e+04
1.970000000000000000e+03,8.776800000000000000e+04
1.971000000000000000e+03,8.957000000000000000e+04
1.972000000000000000e+03,8.951700000000000000e+04
1.973000000000000000e+03,9.158400000000000000e+04
1.974000000000000000e+03,8.946400000000000000e+04
1.975000000000000000e+03,9.041800000000000000e+04
1.976000000000000000e+03,8.803300000000000000e+04
1.977000000000000000e+03,8.580700000000000000e+04
1.978000000000000000e+03,8.893400000000000000e+04
1.979000000000000000e+03,8.856300000000000000e+04
1.980000000000000000e+03,8.914600000000000000e+04
1.981000000000000000e+03,8.760900000000000000e+04
1.982000000000000000e+03,8.988800000000000000e+04
1.983000000000000000e+03,9.036500000000000000e+04
1.984000000000000000e+03,9.073600000000000000e+04
1.985000000000000000e+03,8.543600000000000000e+04
1.986000000000000000e+03,8.978200000000000000e+04
1.987000000000000000e+03,8.596600000000000000e+04
1.988000000000000000e+03,9.169000000000000000e+04
1.989000000000000000e+03,8.755600000000000000e+04
1.990000000000000000e+03,9.126600000000000000e+04
1.991000000000000000e+03,8.697300000000000000e+04
1.992000000000000000e+03,9.100100000000000000e+04
1.993000000000000000e+03,8.946400000000000000e+04
1.994000000000000000e+03,8.994100000000000000e+04
1.995000000000000000e+03,8.972900000000000000e+04
1.996000000000000000e+03,8.904000000000000000e+04
1.997000000000000000e+03,9.131900000000000000e+04
1.998000000000000000e+03,8.882800000000000000e+04
1.999000000000000000e+03,8.755600000000000000e+04
2.000000000000000000e+03,0.000000000000000000e+00
