#Bucket,QLearnCC-
1.800000000000000000e+01,9.573000000000000400e+00
1.900000000000000000e+01,1.040100000000000000e+01
2.000000000000000000e+01,1.133000000000000000e+01
2.100000000000000000e+01,1.150799999999999900e+01
2.200000000000000000e+01,9.131999999999999700e+00
2.300000000000000000e+01,1.121500000000000000e+01
2.400000000000000000e+01,9.785000000000000100e+00
2.500000000000000000e+01,9.348000000000000800e+00
2.600000000000000000e+01,1.074499999999999900e+01
2.700000000000000000e+01,1.073400000000000000e+01
2.800000000000000000e+01,9.135999999999999200e+00
2.900000000000000000e+01,7.501000000000000300e+00
3.000000000000000000e+01,7.950000000000000200e+00
3.100000000000000000e+01,7.910999999999999600e+00
3.200000000000000000e+01,9.349000000000000200e+00
3.300000000000000000e+01,1.074200000000000100e+01
3.400000000000000000e+01,8.436999999999999400e+00
3.500000000000000000e+01,7.780999999999999700e+00
3.600000000000000000e+01,8.378999999999999600e+00
3.700000000000000000e+01,9.730000000000000400e+00
3.800000000000000000e+01,9.757999999999999100e+00
3.900000000000000000e+01,7.956999999999999900e+00
4.000000000000000000e+01,1.039300000000000100e+01
4.100000000000000000e+01,1.040199999999999900e+01
4.200000000000000000e+01,1.229800000000000000e+01
4.300000000000000000e+01,9.432999999999999800e+00
4.400000000000000000e+01,1.099600000000000000e+01
4.500000000000000000e+01,1.085100000000000100e+01
4.600000000000000000e+01,1.315400000000000000e+01
4.700000000000000000e+01,8.582000000000000700e+00
4.800000000000000000e+01,1.105500000000000000e+01
4.900000000000000000e+01,9.602999999999999800e+00
5.000000000000000000e+01,9.009000000000000300e+00
5.100000000000000000e+01,8.282999999999999500e+00
5.200000000000000000e+01,7.142999999999999800e+00
5.300000000000000000e+01,7.352999999999999800e+00
5.400000000000000000e+01,8.492000000000000900e+00
5.500000000000000000e+01,8.060999999999999900e+00
5.600000000000000000e+01,7.790000000000000000e+00
5.700000000000000000e+01,8.650999999999999800e+00
5.800000000000000000e+01,8.499000000000000600e+00
5.900000000000000000e+01,6.711000000000000300e+00
6.000000000000000000e+01,9.612000000000000100e+00
6.100000000000000000e+01,1.263700000000000000e+01
6.200000000000000000e+01,8.207000000000000700e+00
6.300000000000000000e+01,1.043000000000000000e+01
6.400000000000000000e+01,1.025600000000000000e+01
6.500000000000000000e+01,9.718000000000000000e+00
6.600000000000000000e+01,7.812999999999999700e+00
6.700000000000000000e+01,8.494999999999999200e+00
6.800000000000000000e+01,9.092000000000000500e+00
6.900000000000000000e+01,8.069000000000000800e+00
7.000000000000000000e+01,8.208999999999999600e+00
7.100000000000000000e+01,9.233000000000000500e+00
7.200000000000000000e+01,7.057999999999999800e+00
7.300000000000000000e+01,9.272999999999999700e+00
7.400000000000000000e+01,7.418000000000000100e+00
7.500000000000000000e+01,6.283000000000000400e+00
7.600000000000000000e+01,8.669000000000000500e+00
7.700000000000000000e+01,7.823999999999999800e+00
7.800000000000000000e+01,1.034900000000000000e+01
7.900000000000000000e+01,9.638999999999999300e+00
8.000000000000000000e+01,1.011700000000000100e+01
8.100000000000000000e+01,1.104899999999999900e+01
8.200000000000000000e+01,1.036600000000000000e+01
8.300000000000000000e+01,7.661999999999999900e+00
8.400000000000000000e+01,1.023100000000000000e+01
8.500000000000000000e+01,9.586000000000000300e+00
8.600000000000000000e+01,1.040700000000000000e+01
8.700000000000000000e+01,9.788999999999999700e+00
8.800000000000000000e+01,8.311999999999999400e+00
8.900000000000000000e+01,8.012999999999999900e+00
9.000000000000000000e+01,7.384999999999999800e+00
9.100000000000000000e+01,7.726000000000000000e+00
9.200000000000000000e+01,8.907000000000000000e+00
9.300000000000000000e+01,9.320000000000000300e+00
9.400000000000000000e+01,1.229400000000000000e+01
9.500000000000000000e+01,9.590999999999999300e+00
9.600000000000000000e+01,1.050600000000000000e+01
9.700000000000000000e+01,1.002999999999999900e+01
9.800000000000000000e+01,1.112599999999999900e+01
9.900000000000000000e+01,9.930999999999999200e+00
1.000000000000000000e+02,9.096999999999999500e+00
1.010000000000000000e+02,1.099300000000000000e+01
1.020000000000000000e+02,1.192600000000000000e+01
1.030000000000000000e+02,1.215900000000000100e+01
1.040000000000000000e+02,1.044300000000000000e+01
1.050000000000000000e+02,1.209399999999999900e+01
1.060000000000000000e+02,1.334300000000000000e+01
1.070000000000000000e+02,1.596000000000000100e+01
1.080000000000000000e+02,1.182700000000000000e+01
1.090000000000000000e+02,1.324400000000000000e+01
1.100000000000000000e+02,1.028900000000000000e+01
1.110000000000000000e+02,7.500000000000000000e+00
1.120000000000000000e+02,7.020999999999999900e+00
1.130000000000000000e+02,6.575000000000000200e+00
1.140000000000000000e+02,7.432000000000000400e+00
1.150000000000000000e+02,8.432999999999999800e+00
1.160000000000000000e+02,8.593999999999999400e+00
1.170000000000000000e+02,7.378000000000000100e+00
1.180000000000000000e+02,7.073000000000000400e+00
1.190000000000000000e+02,7.346000000000000100e+00
1.200000000000000000e+02,6.107999999999999700e+00
1.210000000000000000e+02,7.240999999999999700e+00
1.220000000000000000e+02,6.083999999999999600e+00
1.230000000000000000e+02,7.288999999999999700e+00
1.240000000000000000e+02,6.472000000000000400e+00
1.250000000000000000e+02,7.113999999999999900e+00
1.260000000000000000e+02,7.277000000000000100e+00
1.270000000000000000e+02,6.971000000000000100e+00
1.280000000000000000e+02,6.666999999999999800e+00
1.290000000000000000e+02,7.069000000000000000e+00
1.300000000000000000e+02,8.342000000000000500e+00
1.310000000000000000e+02,7.371000000000000400e+00
1.320000000000000000e+02,6.357000000000000200e+00
1.330000000000000000e+02,5.509000000000000300e+00
1.340000000000000000e+02,8.131999999999999700e+00
1.350000000000000000e+02,8.130000000000000800e+00
1.360000000000000000e+02,6.242000000000000000e+00
1.370000000000000000e+02,6.107000000000000200e+00
1.380000000000000000e+02,6.819000000000000000e+00
1.390000000000000000e+02,6.985999999999999800e+00
1.400000000000000000e+02,7.392999999999999800e+00
1.410000000000000000e+02,6.083000000000000200e+00
1.420000000000000000e+02,6.035999999999999600e+00
1.430000000000000000e+02,7.085000000000000000e+00
1.440000000000000000e+02,6.557999999999999800e+00
1.450000000000000000e+02,7.004999999999999900e+00
1.460000000000000000e+02,7.822000000000000100e+00
1.470000000000000000e+02,8.199999999999999300e+00
1.480000000000000000e+02,7.770999999999999900e+00
1.490000000000000000e+02,7.205000000000000100e+00
1.500000000000000000e+02,7.338000000000000100e+00
1.510000000000000000e+02,9.282999999999999500e+00
1.520000000000000000e+02,7.219000000000000300e+00
1.530000000000000000e+02,7.187000000000000300e+00
1.540000000000000000e+02,7.285000000000000100e+00
1.550000000000000000e+02,8.284000000000000700e+00
1.560000000000000000e+02,5.918999999999999600e+00
1.570000000000000000e+02,6.285000000000000100e+00
1.580000000000000000e+02,7.524000000000000000e+00
1.590000000000000000e+02,6.078999999999999700e+00
1.600000000000000000e+02,6.312999999999999700e+00
1.610000000000000000e+02,8.188000000000000600e+00
1.620000000000000000e+02,5.384999999999999800e+00
1.630000000000000000e+02,6.246999999999999900e+00
1.640000000000000000e+02,7.985999999999999800e+00
1.650000000000000000e+02,8.531000000000000600e+00
1.660000000000000000e+02,8.555999999999999200e+00
1.670000000000000000e+02,8.740000000000000200e+00
1.680000000000000000e+02,7.682999999999999800e+00
1.690000000000000000e+02,8.015000000000000600e+00
1.700000000000000000e+02,8.612000000000000100e+00
1.710000000000000000e+02,8.968000000000000000e+00
1.720000000000000000e+02,5.809000000000000200e+00
1.730000000000000000e+02,5.060999999999999900e+00
1.740000000000000000e+02,6.493999999999999800e+00
1.750000000000000000e+02,6.900000000000000400e+00
1.760000000000000000e+02,5.416999999999999800e+00
1.770000000000000000e+02,6.232999999999999700e+00
1.780000000000000000e+02,6.636999999999999600e+00
1.790000000000000000e+02,7.831000000000000400e+00
1.800000000000000000e+02,6.974000000000000200e+00
1.810000000000000000e+02,7.149000000000000000e+00
1.820000000000000000e+02,6.929000000000000300e+00
1.830000000000000000e+02,7.200000000000000200e+00
1.840000000000000000e+02,6.838000000000000100e+00
1.850000000000000000e+02,7.027999999999999600e+00
1.860000000000000000e+02,6.702000000000000000e+00
1.870000000000000000e+02,5.939000000000000100e+00
1.880000000000000000e+02,7.282000000000000000e+00
1.890000000000000000e+02,6.538000000000000300e+00
1.900000000000000000e+02,6.578999999999999700e+00
1.910000000000000000e+02,6.253999999999999600e+00
1.920000000000000000e+02,7.309000000000000200e+00
1.930000000000000000e+02,7.541000000000000400e+00
1.940000000000000000e+02,6.128999999999999600e+00
1.950000000000000000e+02,6.772000000000000200e+00
1.960000000000000000e+02,7.123000000000000200e+00
1.970000000000000000e+02,7.493999999999999800e+00
1.980000000000000000e+02,6.190999999999999800e+00
1.990000000000000000e+02,5.998999999999999700e+00
2.000000000000000000e+02,0.000000000000000000e+00
