#Bucket,QLearnCC-
9.950000000000000000e+03,4.000000000000000000e+00
9.951000000000000000e+03,1.700000000000000000e+01
9.952000000000000000e+03,1.100000000000000000e+01
9.953000000000000000e+03,0.000000000000000000e+00
9.954000000000000000e+03,6.000000000000000000e+00
9.955000000000000000e+03,1.600000000000000000e+01
9.956000000000000000e+03,9.000000000000000000e+00
9.957000000000000000e+03,8.000000000000000000e+00
9.958000000000000000e+03,4.000000000000000000e+00
9.959000000000000000e+03,4.000000000000000000e+00
9.960000000000000000e+03,7.000000000000000000e+00
9.961000000000000000e+03,2.000000000000000000e+00
9.962000000000000000e+03,1.000000000000000000e+00
9.963000000000000000e+03,5.000000000000000000e+00
9.964000000000000000e+03,7.000000000000000000e+00
9.965000000000000000e+03,9.000000000000000000e+00
9.966000000000000000e+03,9.000000000000000000e+00
9.967000000000000000e+03,3.000000000000000000e+00
9.968000000000000000e+03,6.000000000000000000e+00
9.969000000000000000e+03,0.000000000000000000e+00
9.970000000000000000e+03,7.000000000000000000e+00
9.971000000000000000e+03,6.000000000000000000e+00
9.972000000000000000e+03,8.000000000000000000e+00
9.973000000000000000e+03,1.500000000000000000e+01
9.974000000000000000e+03,4.000000000000000000e+00
9.975000000000000000e+03,6.000000000000000000e+00
9.976000000000000000e+03,1.200000000000000000e+01
9.977000000000000000e+03,5.000000000000000000e+00
9.978000000000000000e+03,7.000000000000000000e+00
9.979000000000000000e+03,5.000000000000000000e+00
9.980000000000000000e+03,2.300000000000000000e+01
9.981000000000000000e+03,1.100000000000000000e+01
9.982000000000000000e+03,5.000000000000000000e+00
9.983000000000000000e+03,9.000000000000000000e+00
9.984000000000000000e+03,2.000000000000000000e+01
9.985000000000000000e+03,7.000000000000000000e+00
9.986000000000000000e+03,7.000000000000000000e+00
9.987000000000000000e+03,4.000000000000000000e+00
9.988000000000000000e+03,6.000000000000000000e+00
9.989000000000000000e+03,7.000000000000000000e+00
9.990000000000000000e+03,8.000000000000000000e+00
9.991000000000000000e+03,9.000000000000000000e+00
9.992000000000000000e+03,1.400000000000000000e+01
9.993000000000000000e+03,1.000000000000000000e+00
9.994000000000000000e+03,1.400000000000000000e+01
9.995000000000000000e+03,5.000000000000000000e+00
9.996000000000000000e+03,1.000000000000000000e+01
9.997000000000000000e+03,1.100000000000000000e+01
9.998000000000000000e+03,2.000000000000000000e+00
9.999000000000000000e+03,1.900000000000000000e+01
1.000000000000000000e+04,1.700000000000000000e+01
1.000100000000000000e+04,7.570000000000000000e+02
1.000200000000000000e+04,6.320000000000000000e+02
1.000300000000000000e+04,6.500000000000000000e+02
1.000400000000000000e+04,6.620000000000000000e+02
1.000500000000000000e+04,6.640000000000000000e+02
1.000600000000000000e+04,6.280000000000000000e+02
1.000700000000000000e+04,6.660000000000000000e+02
1.000800000000000000e+04,5.940000000000000000e+02
1.000900000000000000e+04,6.210000000000000000e+02
1.001000000000000000e+04,6.290000000000000000e+02
1.001100000000000000e+04,6.490000000000000000e+02
1.001200000000000000e+04,6.120000000000000000e+02
1.001300000000000000e+04,6.040000000000000000e+02
1.001400000000000000e+04,6.030000000000000000e+02
1.001500000000000000e+04,6.150000000000000000e+02
1.001600000000000000e+04,6.200000000000000000e+02
1.001700000000000000e+04,5.790000000000000000e+02
1.001800000000000000e+04,5.700000000000000000e+02
1.001900000000000000e+04,5.440000000000000000e+02
1.002000000000000000e+04,5.480000000000000000e+02
1.002100000000000000e+04,5.650000000000000000e+02
1.002200000000000000e+04,5.310000000000000000e+02
1.002300000000000000e+04,5.420000000000000000e+02
1.002400000000000000e+04,5.520000000000000000e+02
1.002500000000000000e+04,5.450000000000000000e+02
1.002600000000000000e+04,5.330000000000000000e+02
1.002700000000000000e+04,5.670000000000000000e+02
1.002800000000000000e+04,5.160000000000000000e+02
1.002900000000000000e+04,5.120000000000000000e+02
1.003000000000000000e+04,5.180000000000000000e+02
1.003100000000000000e+04,5.030000000000000000e+02
1.003200000000000000e+04,5.140000000000000000e+02
1.003300000000000000e+04,5.210000000000000000e+02
1.003400000000000000e+04,4.700000000000000000e+02
1.003500000000000000e+04,4.810000000000000000e+02
1.003600000000000000e+04,4.690000000000000000e+02
1.003700000000000000e+04,5.000000000000000000e+02
1.003800000000000000e+04,4.750000000000000000e+02
1.003900000000000000e+04,4.510000000000000000e+02
1.004000000000000000e+04,4.780000000000000000e+02
1.004100000000000000e+04,4.900000000000000000e+02
1.004200000000000000e+04,4.410000000000000000e+02
1.004300000000000000e+04,4.680000000000000000e+02
1.004400000000000000e+04,4.090000000000000000e+02
1.004500000000000000e+04,4.340000000000000000e+02
1.004600000000000000e+04,4.550000000000000000e+02
1.004700000000000000e+04,3.800000000000000000e+02
1.004800000000000000e+04,4.180000000000000000e+02
1.004900000000000000e+04,4.160000000000000000e+02
1.005000000000000000e+04,3.930000000000000000e+02
1.005100000000000000e+04,4.230000000000000000e+02
1.005200000000000000e+04,3.860000000000000000e+02
1.005300000000000000e+04,3.930000000000000000e+02
1.005400000000000000e+04,3.560000000000000000e+02
1.005500000000000000e+04,3.940000000000000000e+02
1.005600000000000000e+04,3.480000000000000000e+02
1.005700000000000000e+04,3.820000000000000000e+02
1.005800000000000000e+04,3.200000000000000000e+02
1.005900000000000000e+04,3.500000000000000000e+02
1.006000000000000000e+04,3.120000000000000000e+02
1.006100000000000000e+04,3.630000000000000000e+02
1.006200000000000000e+04,3.280000000000000000e+02
1.006300000000000000e+04,2.990000000000000000e+02
1.006400000000000000e+04,3.500000000000000000e+02
1.006500000000000000e+04,3.210000000000000000e+02
1.006600000000000000e+04,2.930000000000000000e+02
1.006700000000000000e+04,3.010000000000000000e+02
1.006800000000000000e+04,2.850000000000000000e+02
1.006900000000000000e+04,2.730000000000000000e+02
1.007000000000000000e+04,2.620000000000000000e+02
1.007100000000000000e+04,2.690000000000000000e+02
1.007200000000000000e+04,3.040000000000000000e+02
1.007300000000000000e+04,2.700000000000000000e+02
1.007400000000000000e+04,2.930000000000000000e+02
1.007500000000000000e+04,2.530000000000000000e+02
1.007600000000000000e+04,2.560000000000000000e+02
1.007700000000000000e+04,2.460000000000000000e+02
1.007800000000000000e+04,2.710000000000000000e+02
1.007900000000000000e+04,2.340000000000000000e+02
1.008000000000000000e+04,2.630000000000000000e+02
1.008100000000000000e+04,2.410000000000000000e+02
1.008200000000000000e+04,2.020000000000000000e+02
1.008300000000000000e+04,2.330000000000000000e+02
1.008400000000000000e+04,2.140000000000000000e+02
1.008500000000000000e+04,2.030000000000000000e+02
1.008600000000000000e+04,2.300000000000000000e+02
1.008700000000000000e+04,1.810000000000000000e+02
1.008800000000000000e+04,2.440000000000000000e+02
1.008900000000000000e+04,2.060000000000000000e+02
1.009000000000000000e+04,2.260000000000000000e+02
1.009100000000000000e+04,1.890000000000000000e+02
1.009200000000000000e+04,1.860000000000000000e+02
1.009300000000000000e+04,2.000000000000000000e+02
1.009400000000000000e+04,2.180000000000000000e+02
1.009500000000000000e+04,1.870000000000000000e+02
1.009600000000000000e+04,1.950000000000000000e+02
1.009700000000000000e+04,2.130000000000000000e+02
1.009800000000000000e+04,1.710000000000000000e+02
1.009900000000000000e+04,1.920000000000000000e+02
1.010000000000000000e+04,1.550000000000000000e+02
1.010100000000000000e+04,1.710000000000000000e+02
1.010200000000000000e+04,1.860000000000000000e+02
1.010300000000000000e+04,1.450000000000000000e+02
1.010400000000000000e+04,1.700000000000000000e+02
1.010500000000000000e+04,1.540000000000000000e+02
1.010600000000000000e+04,1.390000000000000000e+02
1.010700000000000000e+04,1.520000000000000000e+02
1.010800000000000000e+04,1.500000000000000000e+02
1.010900000000000000e+04,1.400000000000000000e+02
1.011000000000000000e+04,1.280000000000000000e+02
1.011100000000000000e+04,1.720000000000000000e+02
1.011200000000000000e+04,1.490000000000000000e+02
1.011300000000000000e+04,1.310000000000000000e+02
1.011400000000000000e+04,1.610000000000000000e+02
1.011500000000000000e+04,1.080000000000000000e+02
1.011600000000000000e+04,1.350000000000000000e+02
1.011700000000000000e+04,1.150000000000000000e+02
1.011800000000000000e+04,1.190000000000000000e+02
1.011900000000000000e+04,1.530000000000000000e+02
1.012000000000000000e+04,1.260000000000000000e+02
1.012100000000000000e+04,1.260000000000000000e+02
1.012200000000000000e+04,1.010000000000000000e+02
1.012300000000000000e+04,1.290000000000000000e+02
1.012400000000000000e+04,1.300000000000000000e+02
1.012500000000000000e+04,8.800000000000000000e+01
1.012600000000000000e+04,1.210000000000000000e+02
1.012700000000000000e+04,9.300000000000000000e+01
1.012800000000000000e+04,1.150000000000000000e+02
1.012900000000000000e+04,9.100000000000000000e+01
1.013000000000000000e+04,1.090000000000000000e+02
1.013100000000000000e+04,9.700000000000000000e+01
1.013200000000000000e+04,9.500000000000000000e+01
1.013300000000000000e+04,1.100000000000000000e+02
1.013400000000000000e+04,9.100000000000000000e+01
1.013500000000000000e+04,1.150000000000000000e+02
1.013600000000000000e+04,9.300000000000000000e+01
1.013700000000000000e+04,1.140000000000000000e+02
1.013800000000000000e+04,1.040000000000000000e+02
1.013900000000000000e+04,1.090000000000000000e+02
1.014000000000000000e+04,9.700000000000000000e+01
1.014100000000000000e+04,1.110000000000000000e+02
1.014200000000000000e+04,9.600000000000000000e+01
1.014300000000000000e+04,9.500000000000000000e+01
1.014400000000000000e+04,8.300000000000000000e+01
1.014500000000000000e+04,8.300000000000000000e+01
1.014600000000000000e+04,6.700000000000000000e+01
1.014700000000000000e+04,7.900000000000000000e+01
1.014800000000000000e+04,8.400000000000000000e+01
1.014900000000000000e+04,9.300000000000000000e+01
1.015000000000000000e+04,7.600000000000000000e+01
1.015100000000000000e+04,7.100000000000000000e+01
1.015200000000000000e+04,8.000000000000000000e+01
1.015300000000000000e+04,7.400000000000000000e+01
1.015400000000000000e+04,7.900000000000000000e+01
1.015500000000000000e+04,7.600000000000000000e+01
1.015600000000000000e+04,7.600000000000000000e+01
1.015700000000000000e+04,5.800000000000000000e+01
1.015800000000000000e+04,6.700000000000000000e+01
1.015900000000000000e+04,7.900000000000000000e+01
1.016000000000000000e+04,6.200000000000000000e+01
1.016100000000000000e+04,6.900000000000000000e+01
1.016200000000000000e+04,5.000000000000000000e+01
1.016300000000000000e+04,5.600000000000000000e+01
1.016400000000000000e+04,8.100000000000000000e+01
1.016500000000000000e+04,8.100000000000000000e+01
1.016600000000000000e+04,6.500000000000000000e+01
1.016700000000000000e+04,6.700000000000000000e+01
1.016800000000000000e+04,6.900000000000000000e+01
1.016900000000000000e+04,6.400000000000000000e+01
1.017000000000000000e+04,6.000000000000000000e+01
1.017100000000000000e+04,4.200000000000000000e+01
1.017200000000000000e+04,6.800000000000000000e+01
1.017300000000000000e+04,6.800000000000000000e+01
1.017400000000000000e+04,5.300000000000000000e+01
1.017500000000000000e+04,7.300000000000000000e+01
1.017600000000000000e+04,4.900000000000000000e+01
1.017700000000000000e+04,4.800000000000000000e+01
1.017800000000000000e+04,6.200000000000000000e+01
1.017900000000000000e+04,5.800000000000000000e+01
1.018000000000000000e+04,2.700000000000000000e+01
1.018100000000000000e+04,5.000000000000000000e+01
1.018200000000000000e+04,5.400000000000000000e+01
1.018300000000000000e+04,6.000000000000000000e+01
1.018400000000000000e+04,3.600000000000000000e+01
1.018500000000000000e+04,3.800000000000000000e+01
1.018600000000000000e+04,4.800000000000000000e+01
1.018700000000000000e+04,4.100000000000000000e+01
1.018800000000000000e+04,5.200000000000000000e+01
1.018900000000000000e+04,4.300000000000000000e+01
1.019000000000000000e+04,4.800000000000000000e+01
1.019100000000000000e+04,5.100000000000000000e+01
1.019200000000000000e+04,4.300000000000000000e+01
1.019300000000000000e+04,2.700000000000000000e+01
1.019400000000000000e+04,3.900000000000000000e+01
1.019500000000000000e+04,5.700000000000000000e+01
1.019600000000000000e+04,4.200000000000000000e+01
1.019700000000000000e+04,3.500000000000000000e+01
1.019800000000000000e+04,4.500000000000000000e+01
1.019900000000000000e+04,3.600000000000000000e+01
1.020000000000000000e+04,2.100000000000000000e+01
1.020100000000000000e+04,3.600000000000000000e+01
1.020200000000000000e+04,3.800000000000000000e+01
1.020300000000000000e+04,2.900000000000000000e+01
1.020400000000000000e+04,2.400000000000000000e+01
1.020500000000000000e+04,4.200000000000000000e+01
1.020600000000000000e+04,3.400000000000000000e+01
1.020700000000000000e+04,3.800000000000000000e+01
1.020800000000000000e+04,3.600000000000000000e+01
1.020900000000000000e+04,2.500000000000000000e+01
1.021000000000000000e+04,1.700000000000000000e+01
1.021100000000000000e+04,3.700000000000000000e+01
1.021200000000000000e+04,3.900000000000000000e+01
1.021300000000000000e+04,2.500000000000000000e+01
1.021400000000000000e+04,2.500000000000000000e+01
1.021500000000000000e+04,1.800000000000000000e+01
1.021600000000000000e+04,2.500000000000000000e+01
1.021700000000000000e+04,3.800000000000000000e+01
1.021800000000000000e+04,2.200000000000000000e+01
1.021900000000000000e+04,3.500000000000000000e+01
1.022000000000000000e+04,2.800000000000000000e+01
1.022100000000000000e+04,3.500000000000000000e+01
1.022200000000000000e+04,3.400000000000000000e+01
1.022300000000000000e+04,3.900000000000000000e+01
1.022400000000000000e+04,2.800000000000000000e+01
1.022500000000000000e+04,3.000000000000000000e+01
1.022600000000000000e+04,2.700000000000000000e+01
1.022700000000000000e+04,2.000000000000000000e+01
1.022800000000000000e+04,4.000000000000000000e+01
1.022900000000000000e+04,3.000000000000000000e+01
1.023000000000000000e+04,3.800000000000000000e+01
1.023100000000000000e+04,3.400000000000000000e+01
1.023200000000000000e+04,2.800000000000000000e+01
1.023300000000000000e+04,1.600000000000000000e+01
1.023400000000000000e+04,1.700000000000000000e+01
1.023500000000000000e+04,4.000000000000000000e+01
1.023600000000000000e+04,1.800000000000000000e+01
1.023700000000000000e+04,2.800000000000000000e+01
1.023800000000000000e+04,3.900000000000000000e+01
1.023900000000000000e+04,2.100000000000000000e+01
1.024000000000000000e+04,2.600000000000000000e+01
1.024100000000000000e+04,2.800000000000000000e+01
1.024200000000000000e+04,2.300000000000000000e+01
1.024300000000000000e+04,2.500000000000000000e+01
1.024400000000000000e+04,1.600000000000000000e+01
1.024500000000000000e+04,3.000000000000000000e+01
1.024600000000000000e+04,1.100000000000000000e+01
1.024700000000000000e+04,1.300000000000000000e+01
1.024800000000000000e+04,8.000000000000000000e+00
1.024900000000000000e+04,2.500000000000000000e+01
1.025000000000000000e+04,1.600000000000000000e+01
1.025100000000000000e+04,1.600000000000000000e+01
1.025200000000000000e+04,9.000000000000000000e+00
1.025300000000000000e+04,2.200000000000000000e+01
1.025400000000000000e+04,1.500000000000000000e+01
1.025500000000000000e+04,1.600000000000000000e+01
1.025600000000000000e+04,1.800000000000000000e+01
1.025700000000000000e+04,1.400000000000000000e+01
1.025800000000000000e+04,7.000000000000000000e+00
1.025900000000000000e+04,2.600000000000000000e+01
1.026000000000000000e+04,8.000000000000000000e+00
1.026100000000000000e+04,1.800000000000000000e+01
1.026200000000000000e+04,1.000000000000000000e+01
1.026300000000000000e+04,1.000000000000000000e+01
1.026400000000000000e+04,4.000000000000000000e+00
1.026500000000000000e+04,1.300000000000000000e+01
1.026600000000000000e+04,1.500000000000000000e+01
1.026700000000000000e+04,1.600000000000000000e+01
1.026800000000000000e+04,1.400000000000000000e+01
1.026900000000000000e+04,1.400000000000000000e+01
1.027000000000000000e+04,9.000000000000000000e+00
1.027100000000000000e+04,3.000000000000000000e+01
1.027200000000000000e+04,4.000000000000000000e+00
1.027300000000000000e+04,8.000000000000000000e+00
1.027400000000000000e+04,1.600000000000000000e+01
1.027500000000000000e+04,3.400000000000000000e+01
1.027600000000000000e+04,2.200000000000000000e+01
1.027700000000000000e+04,4.000000000000000000e+00
1.027800000000000000e+04,1.700000000000000000e+01
1.027900000000000000e+04,1.000000000000000000e+00
1.028000000000000000e+04,1.300000000000000000e+01
1.028100000000000000e+04,1.400000000000000000e+01
1.028200000000000000e+04,6.000000000000000000e+00
1.028300000000000000e+04,0.000000000000000000e+00
1.028400000000000000e+04,1.800000000000000000e+01
1.028500000000000000e+04,1.200000000000000000e+01
1.028600000000000000e+04,1.000000000000000000e+01
1.028700000000000000e+04,9.000000000000000000e+00
1.028800000000000000e+04,1.300000000000000000e+01
1.028900000000000000e+04,8.000000000000000000e+00
1.029000000000000000e+04,8.000000000000000000e+00
1.029100000000000000e+04,6.000000000000000000e+00
1.029200000000000000e+04,0.000000000000000000e+00
1.029300000000000000e+04,9.000000000000000000e+00
1.029400000000000000e+04,1.600000000000000000e+01
1.029500000000000000e+04,1.200000000000000000e+01
1.029600000000000000e+04,1.200000000000000000e+01
1.029700000000000000e+04,2.200000000000000000e+01
1.029800000000000000e+04,6.000000000000000000e+00
1.029900000000000000e+04,7.000000000000000000e+00
1.030000000000000000e+04,7.000000000000000000e+00
1.030100000000000000e+04,2.100000000000000000e+01
1.030200000000000000e+04,8.000000000000000000e+00
1.030300000000000000e+04,5.000000000000000000e+00
1.030400000000000000e+04,3.000000000000000000e+00
1.030500000000000000e+04,1.700000000000000000e+01
1.030600000000000000e+04,0.000000000000000000e+00
1.030700000000000000e+04,1.700000000000000000e+01
1.030800000000000000e+04,6.000000000000000000e+00
1.030900000000000000e+04,5.000000000000000000e+00
1.031000000000000000e+04,1.500000000000000000e+01
1.031100000000000000e+04,1.000000000000000000e+00
1.031200000000000000e+04,1.000000000000000000e+01
1.031300000000000000e+04,1.400000000000000000e+01
1.031400000000000000e+04,1.200000000000000000e+01
1.031500000000000000e+04,2.200000000000000000e+01
1.031600000000000000e+04,1.000000000000000000e+01
1.031700000000000000e+04,1.600000000000000000e+01
1.031800000000000000e+04,9.000000000000000000e+00
1.031900000000000000e+04,5.000000000000000000e+00
1.032000000000000000e+04,1.500000000000000000e+01
1.032100000000000000e+04,9.000000000000000000e+00
1.032200000000000000e+04,4.000000000000000000e+00
1.032300000000000000e+04,1.100000000000000000e+01
1.032400000000000000e+04,5.000000000000000000e+00
1.032500000000000000e+04,5.000000000000000000e+00
1.032600000000000000e+04,0.000000000000000000e+00
1.032700000000000000e+04,2.000000000000000000e+00
1.032800000000000000e+04,1.700000000000000000e+01
1.032900000000000000e+04,1.600000000000000000e+01
1.033000000000000000e+04,1.100000000000000000e+01
1.033100000000000000e+04,1.000000000000000000e+00
1.033200000000000000e+04,8.000000000000000000e+00
1.033300000000000000e+04,1.000000000000000000e+00
1.033400000000000000e+04,1.200000000000000000e+01
1.033500000000000000e+04,9.000000000000000000e+00
1.033600000000000000e+04,1.600000000000000000e+01
1.033700000000000000e+04,3.000000000000000000e+00
1.033800000000000000e+04,0.000000000000000000e+00
1.033900000000000000e+04,0.000000000000000000e+00
1.034000000000000000e+04,6.000000000000000000e+00
1.034100000000000000e+04,5.000000000000000000e+00
1.034200000000000000e+04,1.100000000000000000e+01
1.034300000000000000e+04,7.000000000000000000e+00
1.034400000000000000e+04,1.600000000000000000e+01
1.034500000000000000e+04,1.000000000000000000e+01
1.034600000000000000e+04,1.400000000000000000e+01
1.034700000000000000e+04,1.000000000000000000e+01
1.034800000000000000e+04,1.000000000000000000e+00
1.034900000000000000e+04,7.000000000000000000e+00
1.035000000000000000e+04,1.000000000000000000e+00
1.035100000000000000e+04,2.000000000000000000e+00
1.035200000000000000e+04,7.000000000000000000e+00
1.035300000000000000e+04,6.000000000000000000e+00
1.035400000000000000e+04,0.000000000000000000e+00
1.035500000000000000e+04,1.000000000000000000e+00
1.035600000000000000e+04,1.400000000000000000e+01
1.035700000000000000e+04,1.300000000000000000e+01
1.035800000000000000e+04,4.000000000000000000e+00
1.035900000000000000e+04,1.200000000000000000e+01
1.036000000000000000e+04,6.000000000000000000e+00
1.036100000000000000e+04,1.300000000000000000e+01
1.036200000000000000e+04,5.000000000000000000e+00
1.036300000000000000e+04,1.400000000000000000e+01
1.036400000000000000e+04,1.000000000000000000e+01
1.036500000000000000e+04,1.000000000000000000e+01
1.036600000000000000e+04,1.400000000000000000e+01
1.036700000000000000e+04,4.000000000000000000e+00
1.036800000000000000e+04,1.300000000000000000e+01
1.036900000000000000e+04,3.000000000000000000e+00
1.037000000000000000e+04,1.400000000000000000e+01
1.037100000000000000e+04,1.800000000000000000e+01
1.037200000000000000e+04,1.300000000000000000e+01
1.037300000000000000e+04,2.500000000000000000e+01
1.037400000000000000e+04,1.300000000000000000e+01
1.037500000000000000e+04,1.000000000000000000e+01
1.037600000000000000e+04,5.000000000000000000e+00
1.037700000000000000e+04,9.000000000000000000e+00
1.037800000000000000e+04,8.000000000000000000e+00
1.037900000000000000e+04,9.000000000000000000e+00
1.038000000000000000e+04,1.000000000000000000e+01
1.038100000000000000e+04,6.000000000000000000e+00
1.038200000000000000e+04,1.800000000000000000e+01
1.038300000000000000e+04,1.500000000000000000e+01
1.038400000000000000e+04,1.000000000000000000e+01
1.038500000000000000e+04,4.000000000000000000e+00
1.038600000000000000e+04,1.700000000000000000e+01
1.038700000000000000e+04,9.000000000000000000e+00
1.038800000000000000e+04,2.900000000000000000e+01
1.038900000000000000e+04,1.200000000000000000e+01
1.039000000000000000e+04,1.400000000000000000e+01
1.039100000000000000e+04,1.300000000000000000e+01
1.039200000000000000e+04,1.300000000000000000e+01
1.039300000000000000e+04,1.600000000000000000e+01
1.039400000000000000e+04,2.900000000000000000e+01
1.039500000000000000e+04,1.300000000000000000e+01
1.039600000000000000e+04,2.400000000000000000e+01
1.039700000000000000e+04,1.700000000000000000e+01
1.039800000000000000e+04,1.700000000000000000e+01
1.039900000000000000e+04,1.500000000000000000e+01
1.040000000000000000e+04,1.200000000000000000e+01
