version 2
run BasicCC-0-20100908-18:45:38-3920
attr configname BasicCC
attr datetime 20100908-18:45:38
attr experiment BasicCC
attr inifile D:/Developement/Oversim2/multic/simulations/omnetpp.ini
attr iterationvars ""
attr iterationvars2 $repetition=0
attr measurement ""
attr network oversim.underlay.simpleunderlay.SimpleUnderlayNetwork
attr processid 3920
attr repetition 0
attr replication #0
attr resultdir results
attr runnumber 0
attr seedset 0

vector 1  SimpleUnderlayNetwork.globalObserver.globalStatistics  incoming_bytes  ETV
vector 2  SimpleUnderlayNetwork.globalObserver.globalStatistics  drops  ETV
vector 3  SimpleUnderlayNetwork.globalObserver.globalStatistics  delayed_acks  ETV
vector 4  SimpleUnderlayNetwork.globalObserver.globalStatistics  "GlobalNodeList: Number of nodes"  ETV
vector 5  SimpleUnderlayNetwork.globalObserver.globalStatistics  "GlobalNodeList: Number of bootstrapped malicious nodes"  ETV
1	4250	17	0
1	114524	18	2120
1	225377	19	5883
1	336900	20	7738
1	448489	21	5459
1	559920	22	4134
1	671292	23	4399
1	782897	24	4187
1	894326	25	3498
1	1005897	26	3869
1	1117319	27	3922
1	1228860	28	3286
1	1340294	29	5088
1	1451851	30	3551
1	1563355	31	4399
1	1674924	32	4134
1	1786429	33	4187
1	1897915	34	3498
1	2009143	35	3975
1	2120804	36	3498
1	2232213	37	4929
1	2343776	38	3975
1	2455253	39	4399
1	2566718	40	4187
1	2678213	41	3710
1	2789817	42	3975
1	2901278	43	4293
1	3012774	44	4717
1	3124228	45	3657
1	3235646	46	4028
1	3347293	47	4187
1	3458745	48	4611
1	3570174	49	5088
1	3681690	50	4505
1	3793069	51	4558
1	3904664	52	3657
1	4016254	53	4982
1	4127738	54	3975
1	4239215	55	4293
1	4350676	56	4664
1	4462114	57	3975
1	4573833	58	4346
1	4685233	59	3392
1	4796675	60	3286
1	4908144	61	3763
1	5019765	62	4399
1	5131134	63	5194
1	5242611	64	4028
1	5354240	65	4346
1	5465838	66	3445
1	5577115	67	3763
1	5688616	68	3551
1	5800202	69	4134
1	5911612	70	3180
1	6023118	71	4293
1	6134599	72	4028
1	6246069	73	4346
1	6357632	74	3445
1	6469030	75	3074
1	6580580	76	3869
1	6692009	77	4293
1	6803444	78	4399
1	6915038	79	3392
1	7026709	80	4452
1	7138048	81	2809
1	7249482	82	4452
1	7360956	83	4187
1	7472410	84	4240
1	7584149	85	4081
1	7695512	86	4611
1	7806962	87	3975
1	7918500	88	3180
1	8029986	89	5035
1	8141530	90	4876
1	8253065	91	4240
1	8364498	92	3922
1	8475928	93	4240
1	8587455	94	3975
1	8698974	95	4081
1	8810471	96	5300
1	8921880	97	3710
1	9033363	98	4770
1	9145004	99	4134
1	9256391	100	3975
1	9368058	101	3922
1	9479464	102	4982
1	9591003	103	3975
1	9702312	104	3392
1	9813873	105	4134
1	9925395	106	3922
1	10036897	107	3604
1	10148346	108	3180
1	10259856	109	3498
1	10371285	110	3922
1	10482893	111	3922
1	10594377	112	4240
1	10705823	113	4558
1	10817342	114	4187
1	10928854	115	4611
1	11040338	116	3074
1	11151734	117	4028
1	11263346	118	4346
1	11374785	119	4346
1	11486276	120	4452
1	11597748	121	3763
1	11709249	122	3339
1	11820779	123	3922
1	11932205	124	4982
1	12043800	125	4028
1	12155228	126	3604
1	12266689	127	3233
1	12378241	128	4187
1	12489711	129	3710
1	12601229	130	4505
1	12712775	131	5141
1	12824158	132	3657
1	12935632	133	4664
1	13047069	134	4028
1	13158588	135	4452
1	13270294	136	4081
1	13381685	137	3551
1	13493080	138	3763
1	13604668	139	3763
1	13716136	140	3551
1	13827656	141	4876
1	13939064	142	4717
1	14050659	143	4346
1	14162115	144	4823
1	14273661	145	4081
1	14385039	146	4717
1	14496634	147	3551
1	14608169	148	3392
1	14719547	149	4293
1	14831244	150	4505
1	14942726	151	4929
1	15054187	152	4558
1	15165575	153	3604
1	15277155	154	3975
1	15388615	155	3922
1	15500110	156	4505
1	15611552	157	4081
1	15723190	158	4982
1	15834616	159	4558
1	15946216	160	4187
1	16057621	161	3763
1	16169122	162	4187
1	16280663	163	3657
1	16392040	164	4346
1	16503636	165	3604
1	16614941	166	4134
1	16726567	167	3021
1	16838048	168	3816
1	16949557	169	4664
1	17060968	170	4399
1	17172422	171	4134
1	17283996	172	4346
1	17395535	173	4293
1	17506995	174	4770
1	17618609	175	2915
1	17730005	176	4134
1	17841535	177	4134
1	17953028	178	3816
1	18064493	179	3763
1	18175830	180	4134
1	18287285	181	4187
1	18398991	182	4240
1	18510639	183	4717
1	18622053	184	4346
1	18733441	185	3657
1	18844946	186	4611
1	18956485	187	4876
1	19068020	188	4452
1	19179427	189	4028
1	19290962	190	4293
1	19402348	191	4028
1	19513966	192	4028
1	19625463	193	4876
1	19737033	194	3710
1	19848474	195	3763
1	19959861	196	4134
1	20071390	197	4611
1	20182899	198	4187
1	20294348	199	3657
1	20405752	200	3498
1	20517435	201	4028
1	20628847	202	3763
1	20740431	203	4929
1	20851829	204	3869
1	20963466	205	4028
1	21074849	206	4770
1	21186355	207	4028
1	21297905	208	4240
1	21409328	209	4240
1	21520893	210	3551
1	21632337	211	4240
1	21743852	212	3869
1	21855326	213	3710
1	21966846	214	3763
1	22078323	215	4187
1	22189817	216	4611
1	22301375	217	4664
1	22412929	218	3604
1	22524244	219	4452
1	22635791	220	5459
1	22747350	221	4028
1	22858838	222	4558
1	22970253	223	4134
1	23081740	224	4240
1	23193257	225	3975
1	23304656	226	3710
1	23416325	227	4558
1	23527692	228	4134
1	23639267	229	4982
1	23750653	230	4187
1	23862224	231	3763
1	23973733	232	4452
1	24085333	233	4558
1	24196816	234	4028
1	24308217	235	4240
1	24419738	236	3286
1	24531234	237	4717
1	24642717	238	3551
1	24754222	239	4611
1	24865675	240	3763
1	24977242	241	3392
1	25088758	242	3498
1	25200234	243	3127
1	25311752	244	4346
1	25423096	245	3710
1	25534684	246	4717
1	25646203	247	4452
1	25757586	248	4346
1	25869086	249	4929
1	25980501	250	4399
1	26092144	251	3604
1	26203737	252	4293
1	26315218	253	3392
1	26426636	254	3763
1	26538197	255	4399
1	26649581	256	3657
1	26761149	257	3657
1	26872585	258	4028
1	26984095	259	3816
1	27095520	260	4187
1	27206976	261	3816
1	27318603	262	4028
1	27430173	263	3869
1	27541536	264	3657
1	27652941	265	3710
1	27764527	266	3498
1	27876127	267	4081
1	27987534	268	4399
1	28098854	269	3233
1	28210433	270	3445
1	28321964	271	5512
1	28433448	272	3657
1	28544929	273	4134
1	28656497	274	4823
1	28767998	275	4929
1	28879397	276	3180
1	28990920	277	3975
1	29102214	278	3286
1	29213892	279	3339
1	29325411	280	4399
1	29436926	281	4134
1	29548433	282	3551
1	29659835	283	4187
1	29771373	284	3551
1	29882816	285	4240
1	29994410	286	3975
1	30105832	287	5035
1	30217226	288	3975
1	30328827	289	4293
1	30440280	290	4134
1	30551833	291	4187
1	30663212	292	3869
1	30774876	293	3551
1	30886300	294	3816
1	30997723	295	4452
1	31109287	296	3551
1	31220724	297	3763
1	31332266	298	3975
1	31443845	299	3975
1	31555232	300	4293
1	31666838	301	3604
1	31778205	302	3551
1	31889741	303	3657
1	32001074	304	4505
1	32112593	305	3657
1	32224138	306	4240
1	32335761	307	4717
1	32447225	308	4505
1	32558719	309	2915
1	32670237	310	4240
1	32781746	311	3657
1	32893171	312	4081
1	33004646	313	4028
1	33116140	314	4028
1	33227679	315	3922
1	33339106	316	3869
1	33450535	317	4187
1	33562201	318	3763
1	33673481	319	4028
1	33785053	320	3869
1	33896496	321	3445
1	34007988	322	3657
1	34119481	323	3657
1	34231046	324	4823
1	34342504	325	3975
1	34454090	326	3763
1	34565526	327	4240
1	34677041	328	2809
1	34788556	329	4346
1	34900038	330	4452
1	35011440	331	4134
1	35123049	332	4982
1	35234413	333	3975
1	35346062	334	4664
1	35457477	335	3551
1	35568879	336	4134
1	35680420	337	4399
1	35792083	338	4770
1	35903441	339	4558
1	36014934	340	3233
1	36126336	341	4505
1	36237949	342	3975
1	36349438	343	4028
1	36460940	344	3763
1	36572549	345	4823
1	36684039	346	3975
1	36795394	347	4134
1	36906941	348	4399
1	37018431	349	4558
1	37129864	350	3498
1	37241303	351	3763
1	37352975	352	4452
1	37464360	353	3657
1	37575975	354	4028
1	37687402	355	4081
1	37798806	356	4452
1	37910392	357	4346
1	38021829	358	4399
1	38133308	359	4187
1	38244929	360	4346
1	38356520	361	3657
1	38467832	362	4240
1	38579316	363	4293
1	38690837	364	4876
1	38802241	365	4293
1	38913934	366	5565
1	39025443	367	4399
1	39136836	368	4240
1	39248239	369	3604
1	39359834	370	4134
1	39471302	371	3657
1	39582822	372	4346
1	39694268	373	4982
1	39805906	374	3551
1	39917285	375	4028
1	40028823	376	3922
1	40140230	377	3869
1	40251772	378	4611
1	40363367	379	3339
1	40474704	380	3286
1	40586256	381	3710
1	40697854	382	4505
1	40809210	383	3339
1	40920790	384	4081
1	41032209	385	4028
1	41143679	386	3710
1	41255188	387	4134
1	41366674	388	4717
1	41478093	389	4399
1	41589735	390	4187
1	41701224	391	4028
1	41812787	392	4452
1	41924184	393	3551
1	42035650	394	4028
1	42147158	395	4399
1	42258576	396	3922
1	42370123	397	4028
1	42481731	398	4346
1	42593155	399	4187
1	42704771	400	4293
1	42816096	401	3710
1	42927635	402	3763
1	43039089	403	4134
1	43150565	404	3922
1	43262076	405	4505
1	43373633	406	3816
1	43485052	407	4240
1	43596533	408	2862
1	43708189	409	5247
1	43819593	410	3286
1	43931067	411	3445
1	44042635	412	4558
1	44153998	413	4770
1	44265514	414	4399
1	44377153	415	3816
1	44488559	416	4240
1	44600103	417	3975
1	44711529	418	3445
1	44822973	419	4399
1	44934542	420	4505
1	45045898	421	4081
1	45157468	422	4028
1	45269047	423	3869
1	45380400	424	4664
1	45492013	425	3551
1	45603488	426	4770
1	45714950	427	4558
1	45826438	428	4664
1	45938033	429	4664
1	46049519	430	3975
1	46161007	431	3816
1	46272492	432	3922
1	46383870	433	3127
1	46495362	434	2862
1	46606845	435	4081
1	46718484	436	4876
1	46829756	437	3763
1	46941366	438	4187
1	47052981	439	4611
1	47164398	440	4081
1	47275911	441	3922
1	47387461	442	4399
1	47498822	443	4505
1	47610506	444	3975
1	47721857	445	4929
1	47833343	446	4028
1	47944917	447	3710
1	48056414	448	4399
1	48167888	449	3710
1	48279317	450	4505
1	48390888	451	4028
1	48502388	452	3922
1	48613833	453	3763
1	48725344	454	4187
1	48836809	455	4399
1	48948409	456	4134
1	49059797	457	3657
1	49171357	458	4028
1	49282900	459	3233
1	49394240	460	3657
1	49505770	461	4134
1	49617292	462	4399
1	49728703	463	3763
1	49840146	464	3710
1	49951675	465	3922
1	50063242	466	4505
1	50174674	467	3710
1	50286175	468	3816
1	50397819	469	3816
1	50509192	470	4134
1	50620728	471	4134
1	50732100	472	3233
1	50843627	473	2756
1	50955191	474	3975
1	51066573	475	3657
1	51178098	476	3710
1	51289630	477	3710
1	51401131	478	4823
1	51512499	479	5194
1	51624043	480	3922
1	51735620	481	4187
1	51847141	482	3392
1	51958565	483	4399
1	52070130	484	4240
1	52181514	485	4134
1	52293085	486	4876
1	52404602	487	3869
1	52516077	488	4876
1	52627546	489	4876
1	52739160	490	4134
1	52850608	491	3445
1	52961962	492	3233
1	53073504	493	3604
1	53184918	494	3816
1	53296525	495	4558
1	53408009	496	4770
1	53519506	497	3551
1	53630977	498	4028
1	53742603	499	4876
1	53854028	500	4399
1	53965599	501	3392
1	54077109	502	4293
1	54188457	503	3657
1	54299976	504	3922
1	54411472	505	4187
1	54522922	506	3551
1	54634482	507	4399
1	54745846	508	4187
1	54857464	509	4240
1	54968941	510	3286
1	55080341	511	4240
1	55191847	512	4452
1	55303519	513	4558
1	55414932	514	3551
1	55526479	515	4293
1	55637823	516	3922
1	55749344	517	4770
1	55860824	518	3975
1	55972443	519	3975
1	56083794	520	4558
1	56195430	521	4929
1	56306970	522	3074
1	56418299	523	4187
1	56529897	524	3763
1	56641432	525	4452
1	56752807	526	3763
1	56864363	527	3869
1	56975834	528	4611
1	57087376	529	4717
1	57198856	530	4293
1	57310154	531	4187
1	57421844	532	4028
1	57533392	533	4028
1	57644828	534	3498
1	57756288	535	3975
1	57867687	536	3763
1	57979210	537	3339
1	58090815	538	4452
1	58202214	539	3816
1	58313693	540	3551
1	58425321	541	3710
1	58536731	542	3869
1	58648302	543	4611
1	58759734	544	4293
1	58871154	545	4346
1	58982847	546	4505
1	59094158	547	4717
1	59205577	548	4293
1	59317214	549	4452
1	59428840	550	4399
1	59540214	551	4240
1	59651739	552	3816
1	59763058	553	4505
1	59874711	554	3657
1	59986240	555	3975
1	60097658	556	4346
1	60209020	557	4028
1	60320681	558	4399
1	60432147	559	3551
1	60543619	560	4505
1	60655269	561	3180
1	60766691	562	4664
1	60878133	563	4346
1	60989678	564	3816
1	61101070	565	4028
1	61212624	566	3763
1	61324111	567	4028
1	61435673	568	3604
1	61547015	569	4028
1	61658463	570	3869
1	61770020	571	5671
1	61881515	572	3392
1	61993011	573	5194
1	62104609	574	3392
1	62216192	575	4717
1	62327563	576	4293
1	62439146	577	4611
1	62550712	578	4717
1	62662160	579	3180
1	62773439	580	4505
1	62885075	581	3710
1	62996582	582	4505
1	63108137	583	4293
1	63219455	584	3498
1	63331020	585	4399
1	63442577	586	4293
1	63553958	587	4028
1	63665436	588	4558
1	63777111	589	3445
1	63888435	590	3975
1	64000024	591	3869
1	64111355	592	3816
1	64222917	593	3816
1	64334572	594	4187
1	64446078	595	4293
1	64557384	596	4187
1	64668901	597	4505
1	64780453	598	3657
1	64891779	599	3975
1	65003490	600	3551
1	65114982	601	3975
1	65226425	602	4346
1	65337943	603	4240
1	65449399	604	4611
1	65560793	605	4134
1	65672415	606	3816
1	65783904	607	4452
1	65895421	608	4452
1	66006972	609	4664
1	66118305	610	3657
1	66229855	611	4187
1	66341498	612	4187
1	66452882	613	4081
1	66564488	614	4187
1	66675889	615	4611
1	66787391	616	4399
1	66898894	617	4134
1	67010415	618	4187
1	67121949	619	3922
1	67233346	620	3763
1	67344753	621	4028
1	67456213	622	4134
1	67567832	623	4399
1	67679344	624	3657
1	67790743	625	4134
1	67902318	626	3975
1	68013850	627	4346
1	68125382	628	3816
1	68236696	629	3392
1	68348278	630	3551
1	68459775	631	4240
1	68571234	632	4028
1	68682738	633	3922
1	68794132	634	3286
1	68905602	635	3869
1	69017138	636	4770
1	69128640	637	4293
1	69240159	638	4929
1	69351676	639	4611
1	69463113	640	4346
1	69574703	641	4187
1	69686252	642	4452
1	69797678	643	3551
1	69909178	644	4134
1	70020637	645	4505
1	70132227	646	4134
1	70243741	647	4346
1	70355148	648	3975
1	70466606	649	4611
1	70578161	650	3445
1	70689758	651	4823
1	70801302	652	3233
1	70912598	653	3975
1	71024084	654	4770
1	71135483	655	3975
1	71247241	656	4187
1	71358588	657	4558
1	71470105	658	4505
1	71581681	659	4399
1	71693028	660	4187
1	71804671	661	3763
1	71916162	662	4187
1	72027517	663	4187
1	72139041	664	3445
1	72250615	665	5671
1	72362048	666	4558
1	72473743	667	4134
1	72585074	668	4028
1	72696687	669	3498
1	72808059	670	3498
1	72919609	671	4187
1	73030971	672	3763
1	73142596	673	3922
1	73254101	674	4717
1	73365594	675	3074
1	73477013	676	3710
1	73588546	677	4611
1	73700037	678	3710
1	73811603	679	4452
1	73922958	680	3498
1	74034437	681	5194
1	74145965	682	3869
1	74257402	683	5088
1	74369073	684	4240
1	74480518	685	4982
1	74592084	686	3975
1	74703460	687	3233
1	74815014	688	4505
1	74926556	689	3922
1	75037984	690	4187
1	75149303	691	4293
1	75260924	692	4028
1	75372573	693	3763
1	75484084	694	4028
1	75595488	695	4187
1	75706954	696	3233
1	75818396	697	4558
1	75929949	698	3233
1	76041283	699	3869
1	76152838	700	3021
1	76264305	701	4293
1	76375893	702	4293
1	76487455	703	4293
1	76598934	704	3975
1	76710386	705	3816
1	76821940	706	4346
1	76933232	707	3657
1	77044875	708	4187
1	77156393	709	4770
1	77267861	710	4293
1	77379354	711	4770
1	77490885	712	4240
1	77602264	713	4240
1	77713803	714	3604
1	77825261	715	4134
1	77936804	716	4081
1	78048339	717	4823
1	78159849	718	4293
1	78271169	719	4028
1	78382896	720	4982
1	78494389	721	5300
1	78605794	722	4823
1	78717382	723	3604
1	78828913	724	5035
1	78940233	725	3604
1	79051768	726	3710
1	79163236	727	4240
1	79274778	728	3763
1	79386267	729	4399
1	79497902	730	4081
1	79609307	731	4293
1	79720832	732	3710
1	79832186	733	3657
1	79943744	734	4611
1	80055330	735	3869
1	80166780	736	4293
1	80278225	737	4240
1	80389766	738	4293
1	80501178	739	4399
1	80612813	740	3392
1	80724187	741	3869
1	80835755	742	4346
1	80947213	743	4717
1	81058678	744	3869
1	81170180	745	4558
1	81281614	746	3763
1	81393196	747	4293
1	81504706	748	4028
1	81616227	749	3445
1	81727694	750	3763
1	81839193	751	3869
1	81950698	752	4081
1	82062148	753	4664
1	82173723	754	3869
1	82285089	755	3604
1	82396574	756	4240
1	82508126	757	4081
1	82619567	758	3975
1	82731043	759	3710
1	82842643	760	3975
1	82954066	761	4505
1	83065645	762	4293
1	83177131	763	3657
1	83288508	764	4293
1	83400057	765	3975
1	83511570	766	4876
1	83623123	767	4823
1	83734629	768	3710
1	83845970	769	3816
1	83957562	770	4664
1	84069098	771	3604
1	84180478	772	4452
1	84291964	773	3975
1	84403590	774	4187
1	84514934	775	3975
1	84626434	776	4081
1	84737922	777	4664
1	84849502	778	3710
1	84960960	779	3445
1	85072460	780	4293
1	85183970	781	3657
1	85295337	782	3922
1	85406955	783	4505
1	85518426	784	3392
1	85629960	785	3975
1	85741401	786	4240
1	85852998	787	4081
1	85964434	788	4081
1	86075840	789	4770
1	86187596	790	3975
1	86298794	791	3816
1	86410582	792	4664
1	86521767	793	4293
1	86633337	794	3710
1	86744836	795	3392
1	86856485	796	3975
1	86967918	797	3975
1	87079275	798	4028
1	87190824	799	3127
1	87302286	800	3604
1	87413675	801	3710
1	87525389	802	4505
1	87636756	803	3763
1	87748265	804	5141
1	87859695	805	3498
1	87971282	806	4399
1	88082851	807	3869
1	88194133	808	4240
1	88305761	809	3869
1	88417242	810	4187
1	88528827	811	4929
1	88640210	812	3763
1	88751736	813	3975
1	88863210	814	3551
1	88974713	815	4611
1	89086334	816	4717
1	89197844	817	3445
1	89309135	818	3551
1	89420636	819	4293
1	89532174	820	4346
1	89643737	821	4134
1	89755217	822	4982
1	89866699	823	5035
1	89978234	824	3551
1	90089654	825	3339
1	90201167	826	3339
1	90312699	827	4346
1	90424258	828	4187
1	90535653	829	3233
1	90647094	830	4452
1	90758728	831	4664
1	90870226	832	4399
1	90981646	833	3763
1	91093136	834	3763
1	91204596	835	4081
1	91316081	836	3922
1	91427620	837	4717
1	91539106	838	4611
1	91650592	839	3922
1	91762134	840	3710
1	91873560	841	4134
1	91984996	842	3763
1	92096540	843	3869
1	92207974	844	3392
1	92319585	845	4876
1	92431103	846	3975
1	92542459	847	4293
1	92654109	848	4770
1	92765618	849	4611
1	92877022	850	4505
1	92988637	851	4346
1	93100020	852	3551
1	93211519	853	3498
1	93322999	854	4611
1	93434428	855	3392
1	93546016	856	4134
1	93657475	857	4452
1	93769065	858	3763
1	93880487	859	3869
1	93991886	860	3233
1	94103455	861	4081
1	94214867	862	4028
1	94326530	863	4664
1	94438014	864	4240
1	94549527	865	3604
1	94660975	866	5088
1	94772441	867	3710
1	94883986	868	4293
1	94995353	869	4240
1	95106834	870	3445
1	95218459	871	4399
1	95329945	872	4081
1	95441513	873	4293
1	95552937	874	3710
1	95664347	875	4240
1	95775967	876	3922
1	95887403	877	4823
1	95998794	878	5194
1	96110367	879	4187
1	96221981	880	4293
1	96333271	881	4240
1	96444810	882	5194
1	96556480	883	4081
1	96667778	884	2915
1	96779362	885	4028
1	96890894	886	5088
1	97002404	887	4293
1	97113861	888	4028
1	97225402	889	3816
1	97336864	890	4081
1	97448410	891	4399
1	97559817	892	4081
1	97671323	893	4293
1	97782813	894	4081
1	97894375	895	3763
1	98005706	896	4187
1	98117315	897	4611
1	98228852	898	3975
1	98340231	899	4346
1	98451849	900	4399
1	98563426	901	3710
1	98674816	902	3127
1	98786285	903	4240
1	98897824	904	4346
1	99009201	905	3180
1	99120758	906	4081
1	99232299	907	4240
1	99343789	908	3975
1	99455285	909	4929
1	99566698	910	3869
1	99678169	911	4823
1	99789795	912	4611
1	99901254	913	4823
1	100012689	914	4134
1	100124196	915	4558
1	100235624	916	3339
1	100347168	917	4028
1	100458925	918	4240
1	100570252	919	3975
1	100681666	920	4399
1	100793106	921	3551
1	100904678	922	4399
1	101016275	923	3922
1	101127619	924	4505
1	101239137	925	3286
1	101350721	926	4134
1	101462237	927	3869
1	101573538	928	3180
1	101685118	929	4081
1	101796543	930	3551
1	101908108	931	3869
1	102019627	932	4187
1	102131140	933	3551
1	102242596	934	3922
1	102354049	935	4770
1	102465623	936	4346
1	102577090	937	4664
1	102688624	938	4505
1	102800003	939	3551
1	102911430	940	3922
1	103023095	941	4611
1	103134480	942	3710
1	103245976	943	3975
1	103357540	944	4876
1	103469103	945	3551
1	103580557	946	4611
1	103692037	947	3710
1	103803537	948	5088
1	103915049	949	3710
1	104026342	950	4558
1	104137918	951	3710
1	104249564	952	4346
1	104361004	953	4081
1	104472470	954	4664
1	104584071	955	5035
1	104695503	956	4505
1	104807055	957	4134
1	104918501	958	4558
1	105030034	959	3869
1	105141439	960	4240
1	105253036	961	4346
1	105364501	962	3445
1	105476076	963	3074
1	105587487	964	3445
1	105698878	965	3392
1	105810465	966	4452
1	105921999	967	4028
1	106033350	968	3975
1	106145034	969	3763
1	106256404	970	4028
1	106368006	971	4717
1	106479306	972	3498
1	106590893	973	3763
1	106702244	974	3922
1	106813730	975	4134
1	106925297	976	3816
1	107036897	977	4823
1	107148403	978	4081
1	107259963	979	4293
1	107371292	980	3763
1	107482830	981	3657
1	107594350	982	4982
1	107705721	983	3763
1	107817316	984	4346
1	107928751	985	4399
1	108040232	986	4081
1	108151761	987	4081
1	108263272	988	4293
1	108374794	989	4028
1	108486367	990	4505
1	108597767	991	3710
1	108709275	992	3763
1	108820695	993	4187
1	108932283	994	4187
1	109043706	995	4187
1	109155292	996	4293
1	109266893	997	4240
1	109378259	998	3816
1	109489818	999	4876
2	4250	17	0
2	114524	18	6120
2	225377	19	10555
2	336900	20	10826
2	448489	21	11003
2	559920	22	10901
2	671292	23	10929
2	782897	24	10996
2	894326	25	10960
2	1005897	26	10970
2	1117319	27	10939
2	1228860	28	11010
2	1340294	29	10993
2	1451851	30	10891
2	1563355	31	10981
2	1674924	32	10945
2	1786429	33	11006
2	1897915	34	10987
2	2009143	35	10941
2	2120804	36	10976
2	2232213	37	10971
2	2343776	38	10957
2	2455253	39	10926
2	2566718	40	10969
2	2678213	41	11043
2	2789817	42	10895
2	2901278	43	10886
2	3012774	44	11006
2	3124228	45	11012
2	3235646	46	10992
2	3347293	47	10936
2	3458745	48	10945
2	3570174	49	10957
2	3681690	50	10963
2	3793069	51	10958
2	3904664	52	10989
2	4016254	53	10948
2	4127738	54	11015
2	4239215	55	10858
2	4350676	56	11011
2	4462114	57	10944
2	4573833	58	10943
2	4685233	59	10955
2	4796675	60	10994
2	4908144	61	10992
2	5019765	62	10956
2	5131134	63	10917
2	5242611	64	10984
2	5354240	65	10978
2	5465838	66	10982
2	5577115	67	10959
2	5688616	68	10980
2	5800202	69	10946
2	5911612	70	10967
2	6023118	71	10930
2	6134599	72	11012
2	6246069	73	10946
2	6357632	74	10957
2	6469030	75	11038
2	6580580	76	10917
2	6692009	77	10989
2	6803444	78	10905
2	6915038	79	11080
2	7026709	80	10933
2	7138048	81	10923
2	7249482	82	10976
2	7360956	83	11046
2	7472410	84	10895
2	7584149	85	11010
2	7695512	86	10899
2	7806962	87	10977
2	7918500	88	11007
2	8029986	89	10920
2	8141530	90	10964
2	8253065	91	10932
2	8364498	92	11000
2	8475928	93	10901
2	8587455	94	10982
2	8698974	95	10974
2	8810471	96	10951
2	8921880	97	10938
2	9033363	98	11019
2	9145004	99	10957
2	9256391	100	10940
2	9368058	101	10979
2	9479464	102	10949
2	9591003	103	10991
2	9702312	104	10926
2	9813873	105	10977
2	9925395	106	10987
2	10036897	107	10928
2	10148346	108	10951
2	10259856	109	11023
2	10371285	110	10941
2	10482893	111	10993
2	10594377	112	10989
2	10705823	113	10909
2	10817342	114	10971
2	10928854	115	10943
2	11040338	116	11027
2	11151734	117	10914
2	11263346	118	11014
2	11374785	119	10916
2	11486276	120	11047
2	11597748	121	10977
2	11709249	122	10935
2	11820779	123	10990
2	11932205	124	10852
2	12043800	125	11006
2	12155228	126	10960
2	12266689	127	10982
2	12378241	128	11031
2	12489711	129	10891
2	12601229	130	10940
2	12712775	131	10968
2	12824158	132	11005
2	12935632	133	10942
2	13047069	134	10981
2	13158588	135	10920
2	13270294	136	10980
2	13381685	137	10985
2	13493080	138	10954
2	13604668	139	11014
2	13716136	140	10956
2	13827656	141	10934
2	13939064	142	10921
2	14050659	143	11036
2	14162115	144	10890
2	14273661	145	10915
2	14385039	146	11046
2	14496634	147	10994
2	14608169	148	10908
2	14719547	149	10983
2	14831244	150	10977
2	14942726	151	10955
2	15054187	152	10930
2	15165575	153	10991
2	15277155	154	10953
2	15388615	155	10871
2	15500110	156	11025
2	15611552	157	10953
2	15723190	158	11023
2	15834616	159	10914
2	15946216	160	10921
2	16057621	161	11025
2	16169122	162	10998
2	16280663	163	10959
2	16392040	164	10987
2	16503636	165	10954
2	16614941	166	10904
2	16726567	167	11047
2	16838048	168	10928
2	16949557	169	10904
2	17060968	170	11025
2	17172422	171	10874
2	17283996	172	11058
2	17395535	173	10981
2	17506995	174	10838
2	17618609	175	11018
2	17730005	176	11010
2	17841535	177	10960
2	17953028	178	10947
2	18064493	179	10977
2	18175830	180	10946
2	18287285	181	10943
2	18398991	182	11006
2	18510639	183	10962
2	18622053	184	10927
2	18733441	185	10982
2	18844946	186	10952
2	18956485	187	10949
2	19068020	188	11003
2	19179427	189	10936
2	19290962	190	10899
2	19402348	191	10978
2	19513966	192	10980
2	19625463	193	10955
2	19737033	194	11007
2	19848474	195	10935
2	19959861	196	10996
2	20071390	197	10910
2	20182899	198	10981
2	20294348	199	10964
2	20405752	200	10979
2	20517435	201	10954
2	20628847	202	10977
2	20740431	203	10972
2	20851829	204	10927
2	20963466	205	11028
2	21074849	206	10924
2	21186355	207	10960
2	21297905	208	10977
2	21409328	209	10986
2	21520893	210	10934
2	21632337	211	10927
2	21743852	212	11047
2	21855326	213	10980
2	21966846	214	10893
2	22078323	215	10971
2	22189817	216	11011
2	22301375	217	10915
2	22412929	218	10981
2	22524244	219	10917
2	22635791	220	11040
2	22747350	221	10904
2	22858838	222	10975
2	22970253	223	10944
2	23081740	224	10973
2	23193257	225	10964
2	23304656	226	10927
2	23416325	227	10956
2	23527692	228	10976
2	23639267	229	10982
2	23750653	230	10882
2	23862224	231	10991
2	23973733	232	10973
2	24085333	233	10992
2	24196816	234	10890
2	24308217	235	11099
2	24419738	236	10882
2	24531234	237	10988
2	24642717	238	10990
2	24754222	239	10901
2	24865675	240	11001
2	24977242	241	10996
2	25088758	242	10974
2	25200234	243	10981
2	25311752	244	10955
2	25423096	245	10987
2	25534684	246	10968
2	25646203	247	10915
2	25757586	248	10918
2	25869086	249	10957
2	25980501	250	10954
2	26092144	251	11033
2	26203737	252	10897
2	26315218	253	11016
2	26426636	254	10922
2	26538197	255	11016
2	26649581	256	10903
2	26761149	257	10976
2	26872585	258	11060
2	26984095	259	10912
2	27095520	260	10996
2	27206976	261	10932
2	27318603	262	10993
2	27430173	263	11007
2	27541536	264	10911
2	27652941	265	10975
2	27764527	266	10994
2	27876127	267	10995
2	27987534	268	10904
2	28098854	269	10939
2	28210433	270	11034
2	28321964	271	10915
2	28433448	272	11009
2	28544929	273	10925
2	28656497	274	10983
2	28767998	275	10914
2	28879397	276	10989
2	28990920	277	10989
2	29102214	278	10956
2	29213892	279	10971
2	29325411	280	10939
2	29436926	281	10942
2	29548433	282	11013
2	29659835	283	10978
2	29771373	284	10949
2	29882816	285	11011
2	29994410	286	10945
2	30105832	287	10963
2	30217226	288	10988
2	30328827	289	10953
2	30440280	290	10914
2	30551833	291	11012
2	30663212	292	10926
2	30774876	293	10982
2	30886300	294	11039
2	30997723	295	10930
2	31109287	296	10914
2	31220724	297	10987
2	31332266	298	10979
2	31443845	299	11022
2	31555232	300	10939
2	31666838	301	10900
2	31778205	302	11009
2	31889741	303	11008
2	32001074	304	10966
2	32112593	305	10920
2	32224138	306	10963
2	32335761	307	10943
2	32447225	308	10987
2	32558719	309	10948
2	32670237	310	11015
2	32781746	311	10969
2	32893171	312	10909
2	33004646	313	10989
2	33116140	314	10990
2	33227679	315	10963
2	33339106	316	10956
2	33450535	317	10956
2	33562201	318	11010
2	33673481	319	10929
2	33785053	320	10915
2	33896496	321	11017
2	34007988	322	11005
2	34119481	323	10937
2	34231046	324	11012
2	34342504	325	10880
2	34454090	326	10982
2	34565526	327	10940
2	34677041	328	11060
2	34788556	329	10954
2	34900038	330	10951
2	35011440	331	10966
2	35123049	332	11013
2	35234413	333	10907
2	35346062	334	10935
2	35457477	335	11003
2	35568879	336	10899
2	35680420	337	10974
2	35792083	338	11016
2	35903441	339	10910
2	36014934	340	10974
2	36126336	341	10956
2	36237949	342	10964
2	36349438	343	10984
2	36460940	344	10991
2	36572549	345	10917
2	36684039	346	10986
2	36795394	347	10952
2	36906941	348	10955
2	37018431	349	10935
2	37129864	350	10986
2	37241303	351	10910
2	37352975	352	11008
2	37464360	353	10976
2	37575975	354	10998
2	37687402	355	10947
2	37798806	356	10903
2	37910392	357	11033
2	38021829	358	10907
2	38133308	359	10954
2	38244929	360	10968
2	38356520	361	10972
2	38467832	362	10992
2	38579316	363	10940
2	38690837	364	11021
2	38802241	365	10918
2	38913934	366	10884
2	39025443	367	11009
2	39136836	368	10968
2	39248239	369	11003
2	39359834	370	10908
2	39471302	371	11010
2	39582822	372	10907
2	39694268	373	10868
2	39805906	374	11032
2	39917285	375	11051
2	40028823	376	10908
2	40140230	377	11011
2	40251772	378	10900
2	40363367	379	10968
2	40474704	380	10943
2	40586256	381	11019
2	40697854	382	10992
2	40809210	383	10987
2	40920790	384	10898
2	41032209	385	10970
2	41143679	386	11017
2	41255188	387	11014
2	41366674	388	10894
2	41478093	389	10960
2	41589735	390	10989
2	41701224	391	10936
2	41812787	392	10957
2	41924184	393	10970
2	42035650	394	11001
2	42147158	395	10907
2	42258576	396	10997
2	42370123	397	10971
2	42481731	398	10942
2	42593155	399	10928
2	42704771	400	11005
2	42816096	401	10976
2	42927635	402	10915
2	43039089	403	11028
2	43150565	404	10867
2	43262076	405	10988
2	43373633	406	11015
2	43485052	407	10918
2	43596533	408	11048
2	43708189	409	10988
2	43819593	410	10894
2	43931067	411	10977
2	44042635	412	10989
2	44153998	413	10956
2	44265514	414	10938
2	44377153	415	10957
2	44488559	416	11009
2	44600103	417	10937
2	44711529	418	10948
2	44822973	419	10950
2	44934542	420	11035
2	45045898	421	10922
2	45157468	422	10920
2	45269047	423	11040
2	45380400	424	10913
2	45492013	425	11048
2	45603488	426	10844
2	45714950	427	10969
2	45826438	428	10933
2	45938033	429	11036
2	46049519	430	10912
2	46161007	431	10927
2	46272492	432	11029
2	46383870	433	10927
2	46495362	434	11076
2	46606845	435	10935
2	46718484	436	10918
2	46829756	437	10978
2	46941366	438	10973
2	47052981	439	10951
2	47164398	440	11031
2	47275911	441	10932
2	47387461	442	11013
2	47498822	443	10931
2	47610506	444	10917
2	47721857	445	11029
2	47833343	446	10908
2	47944917	447	10943
2	48056414	448	10994
2	48167888	449	10965
2	48279317	450	10969
2	48390888	451	10911
2	48502388	452	10984
2	48613833	453	10967
2	48725344	454	11055
2	48836809	455	10857
2	48948409	456	10998
2	49059797	457	10944
2	49171357	458	10981
2	49282900	459	10989
2	49394240	460	10980
2	49505770	461	10939
2	49617292	462	10950
2	49728703	463	10987
2	49840146	464	10990
2	49951675	465	10901
2	50063242	466	10981
2	50174674	467	10944
2	50286175	468	10980
2	50397819	469	11051
2	50509192	470	10913
2	50620728	471	11008
2	50732100	472	10996
2	50843627	473	10900
2	50955191	474	11034
2	51066573	475	10959
2	51178098	476	10983
2	51289630	477	10961
2	51401131	478	10903
2	51512499	479	10963
2	51624043	480	10967
2	51735620	481	10962
2	51847141	482	10987
2	51958565	483	10946
2	52070130	484	11031
2	52181514	485	10917
2	52293085	486	10943
2	52404602	487	10938
2	52516077	488	10985
2	52627546	489	10946
2	52739160	490	10994
2	52850608	491	10976
2	52961962	492	10893
2	53073504	493	11024
2	53184918	494	10947
2	53296525	495	10997
2	53408009	496	10941
2	53519506	497	10918
2	53630977	498	10983
2	53742603	499	10892
2	53854028	500	11012
2	53965599	501	10988
2	54077109	502	11005
2	54188457	503	10935
2	54299976	504	10983
2	54411472	505	10938
2	54522922	506	11019
2	54634482	507	10891
2	54745846	508	11004
2	54857464	509	10920
2	54968941	510	10950
2	55080341	511	10983
2	55191847	512	11005
2	55303519	513	10977
2	55414932	514	10979
2	55526479	515	10961
2	55637823	516	10945
2	55749344	517	10955
2	55860824	518	10911
2	55972443	519	10991
2	56083794	520	10948
2	56195430	521	10974
2	56306970	522	10983
2	56418299	523	10922
2	56529897	524	11048
2	56641432	525	10859
2	56752807	526	11047
2	56864363	527	10982
2	56975834	528	10905
2	57087376	529	10973
2	57198856	530	10911
2	57310154	531	11024
2	57421844	532	10969
2	57533392	533	10930
2	57644828	534	10955
2	57756288	535	10932
2	57867687	536	10989
2	57979210	537	10946
2	58090815	538	11066
2	58202214	539	10920
2	58313693	540	10966
2	58425321	541	10995
2	58536731	542	10942
2	58648302	543	11015
2	58759734	544	10855
2	58871154	545	11079
2	58982847	546	10950
2	59094158	547	10946
2	59205577	548	10978
2	59317214	549	10928
2	59428840	550	10944
2	59540214	551	10909
2	59651739	552	11022
2	59763058	553	10923
2	59874711	554	10966
2	59986240	555	11027
2	60097658	556	10929
2	60209020	557	10996
2	60320681	558	10928
2	60432147	559	10938
2	60543619	560	10970
2	60655269	561	10987
2	60766691	562	10979
2	60878133	563	10898
2	60989678	564	11005
2	61101070	565	11024
2	61212624	566	10894
2	61324111	567	10952
2	61435673	568	11064
2	61547015	569	10965
2	61658463	570	10913
2	61770020	571	10964
2	61881515	572	10983
2	61993011	573	10946
2	62104609	574	10974
2	62216192	575	10958
2	62327563	576	10933
2	62439146	577	10956
2	62550712	578	10966
2	62662160	579	11030
2	62773439	580	10906
2	62885075	581	10995
2	62996582	582	10899
2	63108137	583	10924
2	63219455	584	11076
2	63331020	585	10898
2	63442577	586	10955
2	63553958	587	10953
2	63665436	588	11033
2	63777111	589	10900
2	63888435	590	10974
2	64000024	591	11024
2	64111355	592	10995
2	64222917	593	10946
2	64334572	594	10943
2	64446078	595	11024
2	64557384	596	10914
2	64668901	597	10955
2	64780453	598	10933
2	64891779	599	10978
2	65003490	600	10930
2	65114982	601	10993
2	65226425	602	10969
2	65337943	603	10993
2	65449399	604	10936
2	65560793	605	10877
2	65672415	606	11072
2	65783904	607	10939
2	65895421	608	10937
2	66006972	609	10972
2	66118305	610	10993
2	66229855	611	10952
2	66341498	612	11018
2	66452882	613	10879
2	66564488	614	11022
2	66675889	615	10912
2	66787391	616	10959
2	66898894	617	11011
2	67010415	618	10972
2	67121949	619	10879
2	67233346	620	10943
2	67344753	621	11038
2	67456213	622	10914
2	67567832	623	10958
2	67679344	624	10984
2	67790743	625	10954
2	67902318	626	10993
2	68013850	627	10991
2	68125382	628	10881
2	68236696	629	11050
2	68348278	630	10989
2	68459775	631	10970
2	68571234	632	10905
2	68682738	633	11004
2	68794132	634	10932
2	68905602	635	11005
2	69017138	636	10927
2	69128640	637	10947
2	69240159	638	11034
2	69351676	639	10880
2	69463113	640	11018
2	69574703	641	10972
2	69686252	642	10932
2	69797678	643	11002
2	69909178	644	10795
2	70020637	645	11085
2	70132227	646	10976
2	70243741	647	10952
2	70355148	648	10981
2	70466606	649	10928
2	70578161	650	10993
2	70689758	651	10995
2	70801302	652	10941
2	70912598	653	10930
2	71024084	654	10992
2	71135483	655	10948
2	71247241	656	10963
2	71358588	657	10918
2	71470105	658	10950
2	71581681	659	11028
2	71693028	660	10888
2	71804671	661	10998
2	71916162	662	10960
2	72027517	663	10970
2	72139041	664	10958
2	72250615	665	10976
2	72362048	666	10907
2	72473743	667	10985
2	72585074	668	10985
2	72696687	669	10982
2	72808059	670	10981
2	72919609	671	10904
2	73030971	672	11023
2	73142596	673	10917
2	73254101	674	11036
2	73365594	675	10901
2	73477013	676	11039
2	73588546	677	10930
2	73700037	678	10951
2	73811603	679	10982
2	73922958	680	10979
2	74034437	681	10939
2	74145965	682	10918
2	74257402	683	10993
2	74369073	684	10939
2	74480518	685	10986
2	74592084	686	10996
2	74703460	687	10916
2	74815014	688	11006
2	74926556	689	10942
2	75037984	690	10930
2	75149303	691	10950
2	75260924	692	10974
2	75372573	693	10994
2	75484084	694	11007
2	75595488	695	10897
2	75706954	696	11015
2	75818396	697	10905
2	75929949	698	10964
2	76041283	699	11003
2	76152838	700	10991
2	76264305	701	10993
2	76375893	702	10920
2	76487455	703	11016
2	76598934	704	10963
2	76710386	705	10948
2	76821940	706	10949
2	76933232	707	10961
2	77044875	708	11009
2	77156393	709	10988
2	77267861	710	10827
2	77379354	711	11024
2	77490885	712	10945
2	77602264	713	10979
2	77713803	714	10939
2	77825261	715	10937
2	77936804	716	10995
2	78048339	717	10898
2	78159849	718	11056
2	78271169	719	10891
2	78382896	720	10952
2	78494389	721	10977
2	78605794	722	10959
2	78717382	723	10959
2	78828913	724	10963
2	78940233	725	10987
2	79051768	726	10955
2	79163236	727	10909
2	79274778	728	11077
2	79386267	729	10881
2	79497902	730	10994
2	79609307	731	10932
2	79720832	732	11019
2	79832186	733	10963
2	79943744	734	10926
2	80055330	735	10973
2	80166780	736	10960
2	80278225	737	10961
2	80389766	738	10955
2	80501178	739	10992
2	80612813	740	10972
2	80724187	741	10978
2	80835755	742	10896
2	80947213	743	10978
2	81058678	744	10914
2	81170180	745	11004
2	81281614	746	11014
2	81393196	747	10857
2	81504706	748	11074
2	81616227	749	10963
2	81727694	750	10940
2	81839193	751	11013
2	81950698	752	10961
2	82062148	753	10920
2	82173723	754	10958
2	82285089	755	10950
2	82396574	756	10939
2	82508126	757	11032
2	82619567	758	10929
2	82731043	759	10999
2	82842643	760	10975
2	82954066	761	10917
2	83065645	762	10998
2	83177131	763	11044
2	83288508	764	10837
2	83400057	765	11028
2	83511570	766	10924
2	83623123	767	10895
2	83734629	768	11050
2	83845970	769	10916
2	83957562	770	10955
2	84069098	771	10999
2	84180478	772	10952
2	84291964	773	10914
2	84403590	774	11059
2	84514934	775	10925
2	84626434	776	10981
2	84737922	777	10912
2	84849502	778	10992
2	84960960	779	10915
2	85072460	780	11017
2	85183970	781	10993
2	85295337	782	10961
2	85406955	783	10968
2	85518426	784	10948
2	85629960	785	10983
2	85741401	786	10950
2	85852998	787	11023
2	85964434	788	10919
2	86075840	789	10961
2	86187596	790	10993
2	86298794	791	10866
2	86410582	792	11026
2	86521767	793	10925
2	86633337	794	11058
2	86744836	795	10880
2	86856485	796	11007
2	86967918	797	10940
2	87079275	798	11037
2	87190824	799	10876
2	87302286	800	11017
2	87413675	801	10966
2	87525389	802	11014
2	87636756	803	10865
2	87748265	804	11011
2	87859695	805	10956
2	87971282	806	10969
2	88082851	807	11014
2	88194133	808	10882
2	88305761	809	11027
2	88417242	810	10976
2	88528827	811	10882
2	88640210	812	10972
2	88751736	813	11015
2	88863210	814	10957
2	88974713	815	10945
2	89086334	816	11007
2	89197844	817	10930
2	89309135	818	11022
2	89420636	819	10887
2	89532174	820	10983
2	89643737	821	10996
2	89755217	822	10920
2	89866699	823	10904
2	89978234	824	11012
2	90089654	825	10947
2	90201167	826	11053
2	90312699	827	10922
2	90424258	828	10970
2	90535653	829	10955
2	90647094	830	10953
2	90758728	831	10928
2	90870226	832	10954
2	90981646	833	11088
2	91093136	834	10826
2	91204596	835	10992
2	91316081	836	11041
2	91427620	837	10903
2	91539106	838	10969
2	91650592	839	10983
2	91762134	840	10948
2	91873560	841	10918
2	91984996	842	11000
2	92096540	843	11015
2	92207974	844	10934
2	92319585	845	10960
2	92431103	846	10963
2	92542459	847	10988
2	92654109	848	10936
2	92765618	849	10915
2	92877022	850	10983
2	92988637	851	11013
2	93100020	852	10990
2	93211519	853	10956
2	93322999	854	10947
2	93434428	855	10962
2	93546016	856	10957
2	93657475	857	10983
2	93769065	858	10924
2	93880487	859	10970
2	93991886	860	10965
2	94103455	861	10948
2	94214867	862	11022
2	94326530	863	10926
2	94438014	864	10994
2	94549527	865	10987
2	94660975	866	10952
2	94772441	867	10964
2	94883986	868	10979
2	94995353	869	10862
2	95106834	870	11015
2	95218459	871	10932
2	95329945	872	11058
2	95441513	873	10991
2	95552937	874	10938
2	95664347	875	10927
2	95775967	876	10924
2	95887403	877	10956
2	95998794	878	10943
2	96110367	879	10968
2	96221981	880	10955
2	96333271	881	10963
2	96444810	882	10954
2	96556480	883	11004
2	96667778	884	10976
2	96779362	885	10894
2	96890894	886	11001
2	97002404	887	10938
2	97113861	888	11000
2	97225402	889	10962
2	97336864	890	10974
2	97448410	891	10920
2	97559817	892	10997
2	97671323	893	10966
2	97782813	894	10943
2	97894375	895	10995
2	98005706	896	10976
2	98117315	897	10902
2	98228852	898	10978
2	98340231	899	10913
2	98451849	900	10996
2	98563426	901	10998
2	98674816	902	11019
2	98786285	903	10928
2	98897824	904	10958
2	99009201	905	10993
2	99120758	906	10954
2	99232299	907	10950
2	99343789	908	10901
2	99455285	909	11033
2	99566698	910	10907
2	99678169	911	10995
2	99789795	912	10960
2	99901254	913	10930
2	100012689	914	10992
2	100124196	915	10935
2	100235624	916	10928
2	100347168	917	11015
2	100458925	918	10940
2	100570252	919	10942
2	100681666	920	10986
2	100793106	921	10984
2	100904678	922	10919
2	101016275	923	11025
2	101127619	924	10924
2	101239137	925	11018
2	101350721	926	10975
2	101462237	927	10971
2	101573538	928	10932
2	101685118	929	10964
2	101796543	930	10996
2	101908108	931	10923
2	102019627	932	10983
2	102131140	933	10989
2	102242596	934	10942
2	102354049	935	10968
2	102465623	936	10991
2	102577090	937	10937
2	102688624	938	10929
2	102800003	939	11057
2	102911430	940	10869
2	103023095	941	10942
2	103134480	942	10970
2	103245976	943	10935
2	103357540	944	11049
2	103469103	945	10957
2	103580557	946	10959
2	103692037	947	10953
2	103803537	948	10957
2	103915049	949	10955
2	104026342	950	10979
2	104137918	951	10995
2	104249564	952	10980
2	104361004	953	10969
2	104472470	954	10895
2	104584071	955	10959
2	104695503	956	11001
2	104807055	957	10905
2	104918501	958	10943
2	105030034	959	10930
2	105141439	960	10995
2	105253036	961	10984
2	105364501	962	10944
2	105476076	963	10996
2	105587487	964	10948
2	105698878	965	11018
2	105810465	966	10945
2	105921999	967	11017
2	106033350	968	10938
2	106145034	969	10986
2	106256404	970	10932
2	106368006	971	11005
2	106479306	972	10872
2	106590893	973	11018
2	106702244	974	10968
2	106813730	975	10920
2	106925297	976	11035
2	107036897	977	10971
2	107148403	978	10933
2	107259963	979	11015
2	107371292	980	10927
2	107482830	981	10997
2	107594350	982	10917
2	107705721	983	10894
2	107817316	984	11102
2	107928751	985	10903
2	108040232	986	10907
2	108151761	987	11006
2	108263272	988	10962
2	108374794	989	10965
2	108486367	990	10944
2	108597767	991	10971
2	108709275	992	10973
2	108820695	993	10962
2	108932283	994	10912
2	109043706	995	11001
2	109155292	996	11012
2	109266893	997	10947
2	109378259	998	10938
2	109489818	999	11006
3	4250	17	0
3	114524	18	0
3	225377	19	0
3	336900	20	0
3	448489	21	0
3	559920	22	0
3	671292	23	0
3	782897	24	0
3	894326	25	0
3	1005897	26	0
3	1117319	27	0
3	1228860	28	0
3	1340294	29	0
3	1451851	30	0
3	1563355	31	0
3	1674924	32	0
3	1786429	33	0
3	1897915	34	0
3	2009143	35	0
3	2120804	36	0
3	2232213	37	0
3	2343776	38	0
3	2455253	39	0
3	2566718	40	0
3	2678213	41	0
3	2789817	42	0
3	2901278	43	0
3	3012774	44	0
3	3124228	45	0
3	3235646	46	0
3	3347293	47	0
3	3458745	48	0
3	3570174	49	0
3	3681690	50	0
3	3793069	51	0
3	3904664	52	0
3	4016254	53	0
3	4127738	54	0
3	4239215	55	0
3	4350676	56	0
3	4462114	57	0
3	4573833	58	0
3	4685233	59	0
3	4796675	60	0
3	4908144	61	0
3	5019765	62	0
3	5131134	63	0
3	5242611	64	0
3	5354240	65	0
3	5465838	66	0
3	5577115	67	0
3	5688616	68	0
3	5800202	69	0
3	5911612	70	0
3	6023118	71	0
3	6134599	72	0
3	6246069	73	0
3	6357632	74	0
3	6469030	75	0
3	6580580	76	0
3	6692009	77	0
3	6803444	78	0
3	6915038	79	0
3	7026709	80	0
3	7138048	81	0
3	7249482	82	0
3	7360956	83	0
3	7472410	84	0
3	7584149	85	0
3	7695512	86	0
3	7806962	87	0
3	7918500	88	0
3	8029986	89	0
3	8141530	90	0
3	8253065	91	0
3	8364498	92	0
3	8475928	93	0
3	8587455	94	0
3	8698974	95	0
3	8810471	96	0
3	8921880	97	0
3	9033363	98	0
3	9145004	99	0
3	9256391	100	0
3	9368058	101	0
3	9479464	102	0
3	9591003	103	0
3	9702312	104	0
3	9813873	105	0
3	9925395	106	0
3	10036897	107	0
3	10148346	108	0
3	10259856	109	0
3	10371285	110	0
3	10482893	111	0
3	10594377	112	0
3	10705823	113	0
3	10817342	114	0
3	10928854	115	0
3	11040338	116	0
3	11151734	117	0
3	11263346	118	0
3	11374785	119	0
3	11486276	120	0
3	11597748	121	0
3	11709249	122	0
3	11820779	123	0
3	11932205	124	0
3	12043800	125	0
3	12155228	126	0
3	12266689	127	0
3	12378241	128	0
3	12489711	129	0
3	12601229	130	0
3	12712775	131	0
3	12824158	132	0
3	12935632	133	0
3	13047069	134	0
3	13158588	135	0
3	13270294	136	0
3	13381685	137	0
3	13493080	138	0
3	13604668	139	0
3	13716136	140	0
3	13827656	141	0
3	13939064	142	0
3	14050659	143	0
3	14162115	144	0
3	14273661	145	0
3	14385039	146	0
3	14496634	147	0
3	14608169	148	0
3	14719547	149	0
3	14831244	150	0
3	14942726	151	0
3	15054187	152	0
3	15165575	153	0
3	15277155	154	0
3	15388615	155	0
3	15500110	156	0
3	15611552	157	0
3	15723190	158	0
3	15834616	159	0
3	15946216	160	0
3	16057621	161	0
3	16169122	162	0
3	16280663	163	0
3	16392040	164	0
3	16503636	165	0
3	16614941	166	0
3	16726567	167	0
3	16838048	168	0
3	16949557	169	0
3	17060968	170	0
3	17172422	171	0
3	17283996	172	0
3	17395535	173	0
3	17506995	174	0
3	17618609	175	0
3	17730005	176	0
3	17841535	177	0
3	17953028	178	0
3	18064493	179	0
3	18175830	180	0
3	18287285	181	0
3	18398991	182	0
3	18510639	183	0
3	18622053	184	0
3	18733441	185	0
3	18844946	186	0
3	18956485	187	0
3	19068020	188	0
3	19179427	189	0
3	19290962	190	0
3	19402348	191	0
3	19513966	192	0
3	19625463	193	0
3	19737033	194	0
3	19848474	195	0
3	19959861	196	0
3	20071390	197	0
3	20182899	198	0
3	20294348	199	0
3	20405752	200	0
3	20517435	201	0
3	20628847	202	0
3	20740431	203	0
3	20851829	204	0
3	20963466	205	0
3	21074849	206	0
3	21186355	207	0
3	21297905	208	0
3	21409328	209	0
3	21520893	210	0
3	21632337	211	0
3	21743852	212	0
3	21855326	213	0
3	21966846	214	0
3	22078323	215	0
3	22189817	216	0
3	22301375	217	0
3	22412929	218	0
3	22524244	219	0
3	22635791	220	0
3	22747350	221	0
3	22858838	222	0
3	22970253	223	0
3	23081740	224	0
3	23193257	225	0
3	23304656	226	0
3	23416325	227	0
3	23527692	228	0
3	23639267	229	0
3	23750653	230	0
3	23862224	231	0
3	23973733	232	0
3	24085333	233	0
3	24196816	234	0
3	24308217	235	0
3	24419738	236	0
3	24531234	237	0
3	24642717	238	0
3	24754222	239	0
3	24865675	240	0
3	24977242	241	0
3	25088758	242	0
3	25200234	243	0
3	25311752	244	0
3	25423096	245	0
3	25534684	246	0
3	25646203	247	0
3	25757586	248	0
3	25869086	249	0
3	25980501	250	0
3	26092144	251	0
3	26203737	252	0
3	26315218	253	0
3	26426636	254	0
3	26538197	255	0
3	26649581	256	0
3	26761149	257	0
3	26872585	258	0
3	26984095	259	0
3	27095520	260	0
3	27206976	261	0
3	27318603	262	0
3	27430173	263	0
3	27541536	264	0
3	27652941	265	0
3	27764527	266	0
3	27876127	267	0
3	27987534	268	0
3	28098854	269	0
3	28210433	270	0
3	28321964	271	0
3	28433448	272	0
3	28544929	273	0
3	28656497	274	0
3	28767998	275	0
3	28879397	276	0
3	28990920	277	0
3	29102214	278	0
3	29213892	279	0
3	29325411	280	0
3	29436926	281	0
3	29548433	282	0
3	29659835	283	0
3	29771373	284	0
3	29882816	285	0
3	29994410	286	0
3	30105832	287	0
3	30217226	288	0
3	30328827	289	0
3	30440280	290	0
3	30551833	291	0
3	30663212	292	0
3	30774876	293	0
3	30886300	294	0
3	30997723	295	0
3	31109287	296	0
3	31220724	297	0
3	31332266	298	0
3	31443845	299	0
3	31555232	300	0
3	31666838	301	0
3	31778205	302	0
3	31889741	303	0
3	32001074	304	0
3	32112593	305	0
3	32224138	306	0
3	32335761	307	0
3	32447225	308	0
3	32558719	309	0
3	32670237	310	0
3	32781746	311	0
3	32893171	312	0
3	33004646	313	0
3	33116140	314	0
3	33227679	315	0
3	33339106	316	0
3	33450535	317	0
3	33562201	318	0
3	33673481	319	0
3	33785053	320	0
3	33896496	321	0
3	34007988	322	0
3	34119481	323	0
3	34231046	324	0
3	34342504	325	0
3	34454090	326	0
3	34565526	327	0
3	34677041	328	0
3	34788556	329	0
3	34900038	330	0
3	35011440	331	0
3	35123049	332	0
3	35234413	333	0
3	35346062	334	0
3	35457477	335	0
3	35568879	336	0
3	35680420	337	0
3	35792083	338	0
3	35903441	339	0
3	36014934	340	0
3	36126336	341	0
3	36237949	342	0
3	36349438	343	0
3	36460940	344	0
3	36572549	345	0
3	36684039	346	0
3	36795394	347	0
3	36906941	348	0
3	37018431	349	0
3	37129864	350	0
3	37241303	351	0
3	37352975	352	0
3	37464360	353	0
3	37575975	354	0
3	37687402	355	0
3	37798806	356	0
3	37910392	357	0
3	38021829	358	0
3	38133308	359	0
3	38244929	360	0
3	38356520	361	0
3	38467832	362	0
3	38579316	363	0
3	38690837	364	0
3	38802241	365	0
3	38913934	366	0
3	39025443	367	0
3	39136836	368	0
3	39248239	369	0
3	39359834	370	0
3	39471302	371	0
3	39582822	372	0
3	39694268	373	0
3	39805906	374	0
3	39917285	375	0
3	40028823	376	0
3	40140230	377	0
3	40251772	378	0
3	40363367	379	0
3	40474704	380	0
3	40586256	381	0
3	40697854	382	0
3	40809210	383	0
3	40920790	384	0
3	41032209	385	0
3	41143679	386	0
3	41255188	387	0
3	41366674	388	0
3	41478093	389	0
3	41589735	390	0
3	41701224	391	0
3	41812787	392	0
3	41924184	393	0
3	42035650	394	0
3	42147158	395	0
3	42258576	396	0
3	42370123	397	0
3	42481731	398	0
3	42593155	399	0
3	42704771	400	0
3	42816096	401	0
3	42927635	402	0
3	43039089	403	0
3	43150565	404	0
3	43262076	405	0
3	43373633	406	0
3	43485052	407	0
3	43596533	408	0
3	43708189	409	0
3	43819593	410	0
3	43931067	411	0
3	44042635	412	0
3	44153998	413	0
3	44265514	414	0
3	44377153	415	0
3	44488559	416	0
3	44600103	417	0
3	44711529	418	0
3	44822973	419	0
3	44934542	420	0
3	45045898	421	0
3	45157468	422	0
3	45269047	423	0
3	45380400	424	0
3	45492013	425	0
3	45603488	426	0
3	45714950	427	0
3	45826438	428	0
3	45938033	429	0
3	46049519	430	0
3	46161007	431	0
3	46272492	432	0
3	46383870	433	0
3	46495362	434	0
3	46606845	435	0
3	46718484	436	0
3	46829756	437	0
3	46941366	438	0
3	47052981	439	0
3	47164398	440	0
3	47275911	441	0
3	47387461	442	0
3	47498822	443	0
3	47610506	444	0
3	47721857	445	0
3	47833343	446	0
3	47944917	447	0
3	48056414	448	0
3	48167888	449	0
3	48279317	450	0
3	48390888	451	0
3	48502388	452	0
3	48613833	453	0
3	48725344	454	0
3	48836809	455	0
3	48948409	456	0
3	49059797	457	0
3	49171357	458	0
3	49282900	459	0
3	49394240	460	0
3	49505770	461	0
3	49617292	462	0
3	49728703	463	0
3	49840146	464	0
3	49951675	465	0
3	50063242	466	0
3	50174674	467	0
3	50286175	468	0
3	50397819	469	0
3	50509192	470	0
3	50620728	471	0
3	50732100	472	0
3	50843627	473	0
3	50955191	474	0
3	51066573	475	0
3	51178098	476	0
3	51289630	477	0
3	51401131	478	0
3	51512499	479	0
3	51624043	480	0
3	51735620	481	0
3	51847141	482	0
3	51958565	483	0
3	52070130	484	0
3	52181514	485	0
3	52293085	486	0
3	52404602	487	0
3	52516077	488	0
3	52627546	489	0
3	52739160	490	0
3	52850608	491	0
3	52961962	492	0
3	53073504	493	0
3	53184918	494	0
3	53296525	495	0
3	53408009	496	0
3	53519506	497	0
3	53630977	498	0
3	53742603	499	0
3	53854028	500	0
3	53965599	501	0
3	54077109	502	0
3	54188457	503	0
3	54299976	504	0
3	54411472	505	0
3	54522922	506	0
3	54634482	507	0
3	54745846	508	0
3	54857464	509	0
3	54968941	510	0
3	55080341	511	0
3	55191847	512	0
3	55303519	513	0
3	55414932	514	0
3	55526479	515	0
3	55637823	516	0
3	55749344	517	0
3	55860824	518	0
3	55972443	519	0
3	56083794	520	0
3	56195430	521	0
3	56306970	522	0
3	56418299	523	0
3	56529897	524	0
3	56641432	525	0
3	56752807	526	0
3	56864363	527	0
3	56975834	528	0
3	57087376	529	0
3	57198856	530	0
3	57310154	531	0
3	57421844	532	0
3	57533392	533	0
3	57644828	534	0
3	57756288	535	0
3	57867687	536	0
3	57979210	537	0
3	58090815	538	0
3	58202214	539	0
3	58313693	540	0
3	58425321	541	0
3	58536731	542	0
3	58648302	543	0
3	58759734	544	0
3	58871154	545	0
3	58982847	546	0
3	59094158	547	0
3	59205577	548	0
3	59317214	549	0
3	59428840	550	0
3	59540214	551	0
3	59651739	552	0
3	59763058	553	0
3	59874711	554	0
3	59986240	555	0
3	60097658	556	0
3	60209020	557	0
3	60320681	558	0
3	60432147	559	0
3	60543619	560	0
3	60655269	561	0
3	60766691	562	0
3	60878133	563	0
3	60989678	564	0
3	61101070	565	0
3	61212624	566	0
3	61324111	567	0
3	61435673	568	0
3	61547015	569	0
3	61658463	570	0
3	61770020	571	0
3	61881515	572	0
3	61993011	573	0
3	62104609	574	0
3	62216192	575	0
3	62327563	576	0
3	62439146	577	0
3	62550712	578	0
3	62662160	579	0
3	62773439	580	0
3	62885075	581	0
3	62996582	582	0
3	63108137	583	0
3	63219455	584	0
3	63331020	585	0
3	63442577	586	0
3	63553958	587	0
3	63665436	588	0
3	63777111	589	0
3	63888435	590	0
3	64000024	591	0
3	64111355	592	0
3	64222917	593	0
3	64334572	594	0
3	64446078	595	0
3	64557384	596	0
3	64668901	597	0
3	64780453	598	0
3	64891779	599	0
3	65003490	600	0
3	65114982	601	0
3	65226425	602	0
3	65337943	603	0
3	65449399	604	0
3	65560793	605	0
3	65672415	606	0
3	65783904	607	0
3	65895421	608	0
3	66006972	609	0
3	66118305	610	0
3	66229855	611	0
3	66341498	612	0
3	66452882	613	0
3	66564488	614	0
3	66675889	615	0
3	66787391	616	0
3	66898894	617	0
3	67010415	618	0
3	67121949	619	0
3	67233346	620	0
3	67344753	621	0
3	67456213	622	0
3	67567832	623	0
3	67679344	624	0
3	67790743	625	0
3	67902318	626	0
3	68013850	627	0
3	68125382	628	0
3	68236696	629	0
3	68348278	630	0
3	68459775	631	0
3	68571234	632	0
3	68682738	633	0
3	68794132	634	0
3	68905602	635	0
3	69017138	636	0
3	69128640	637	0
3	69240159	638	0
3	69351676	639	0
3	69463113	640	0
3	69574703	641	0
3	69686252	642	0
3	69797678	643	0
3	69909178	644	0
3	70020637	645	0
3	70132227	646	0
3	70243741	647	0
3	70355148	648	0
3	70466606	649	0
3	70578161	650	0
3	70689758	651	0
3	70801302	652	0
3	70912598	653	0
3	71024084	654	0
3	71135483	655	0
3	71247241	656	0
3	71358588	657	0
3	71470105	658	0
3	71581681	659	0
3	71693028	660	0
3	71804671	661	0
3	71916162	662	0
3	72027517	663	0
3	72139041	664	0
3	72250615	665	0
3	72362048	666	0
3	72473743	667	0
3	72585074	668	0
3	72696687	669	0
3	72808059	670	0
3	72919609	671	0
3	73030971	672	0
3	73142596	673	0
3	73254101	674	0
3	73365594	675	0
3	73477013	676	0
3	73588546	677	0
3	73700037	678	0
3	73811603	679	0
3	73922958	680	0
3	74034437	681	0
3	74145965	682	0
3	74257402	683	0
3	74369073	684	0
3	74480518	685	0
3	74592084	686	0
3	74703460	687	0
3	74815014	688	0
3	74926556	689	0
3	75037984	690	0
3	75149303	691	0
3	75260924	692	0
3	75372573	693	0
3	75484084	694	0
3	75595488	695	0
3	75706954	696	0
3	75818396	697	0
3	75929949	698	0
3	76041283	699	0
3	76152838	700	0
3	76264305	701	0
3	76375893	702	0
3	76487455	703	0
3	76598934	704	0
3	76710386	705	0
3	76821940	706	0
3	76933232	707	0
3	77044875	708	0
3	77156393	709	0
3	77267861	710	0
3	77379354	711	0
3	77490885	712	0
3	77602264	713	0
3	77713803	714	0
3	77825261	715	0
3	77936804	716	0
3	78048339	717	0
3	78159849	718	0
3	78271169	719	0
3	78382896	720	0
3	78494389	721	0
3	78605794	722	0
3	78717382	723	0
3	78828913	724	0
3	78940233	725	0
3	79051768	726	0
3	79163236	727	0
3	79274778	728	0
3	79386267	729	0
3	79497902	730	0
3	79609307	731	0
3	79720832	732	0
3	79832186	733	0
3	79943744	734	0
3	80055330	735	0
3	80166780	736	0
3	80278225	737	0
3	80389766	738	0
3	80501178	739	0
3	80612813	740	0
3	80724187	741	0
3	80835755	742	0
3	80947213	743	0
3	81058678	744	0
3	81170180	745	0
3	81281614	746	0
3	81393196	747	0
3	81504706	748	0
3	81616227	749	0
3	81727694	750	0
3	81839193	751	0
3	81950698	752	0
3	82062148	753	0
3	82173723	754	0
3	82285089	755	0
3	82396574	756	0
3	82508126	757	0
3	82619567	758	0
3	82731043	759	0
3	82842643	760	0
3	82954066	761	0
3	83065645	762	0
3	83177131	763	0
3	83288508	764	0
3	83400057	765	0
3	83511570	766	0
3	83623123	767	0
3	83734629	768	0
3	83845970	769	0
3	83957562	770	0
3	84069098	771	0
3	84180478	772	0
3	84291964	773	0
3	84403590	774	0
3	84514934	775	0
3	84626434	776	0
3	84737922	777	0
3	84849502	778	0
3	84960960	779	0
3	85072460	780	0
3	85183970	781	0
3	85295337	782	0
3	85406955	783	0
3	85518426	784	0
3	85629960	785	0
3	85741401	786	0
3	85852998	787	0
3	85964434	788	0
3	86075840	789	0
3	86187596	790	0
3	86298794	791	0
3	86410582	792	0
3	86521767	793	0
3	86633337	794	0
3	86744836	795	0
3	86856485	796	0
3	86967918	797	0
3	87079275	798	0
3	87190824	799	0
3	87302286	800	0
3	87413675	801	0
3	87525389	802	0
3	87636756	803	0
3	87748265	804	0
3	87859695	805	0
3	87971282	806	0
3	88082851	807	0
3	88194133	808	0
3	88305761	809	0
3	88417242	810	0
3	88528827	811	0
3	88640210	812	0
3	88751736	813	0
3	88863210	814	0
3	88974713	815	0
3	89086334	816	0
3	89197844	817	0
3	89309135	818	0
3	89420636	819	0
3	89532174	820	0
3	89643737	821	0
3	89755217	822	0
3	89866699	823	0
3	89978234	824	0
3	90089654	825	0
3	90201167	826	0
3	90312699	827	0
3	90424258	828	0
3	90535653	829	0
3	90647094	830	0
3	90758728	831	0
3	90870226	832	0
3	90981646	833	0
3	91093136	834	0
3	91204596	835	0
3	91316081	836	0
3	91427620	837	0
3	91539106	838	0
3	91650592	839	0
3	91762134	840	0
3	91873560	841	0
3	91984996	842	0
3	92096540	843	0
3	92207974	844	0
3	92319585	845	0
3	92431103	846	0
3	92542459	847	0
3	92654109	848	0
3	92765618	849	0
3	92877022	850	0
3	92988637	851	0
3	93100020	852	0
3	93211519	853	0
3	93322999	854	0
3	93434428	855	0
3	93546016	856	0
3	93657475	857	0
3	93769065	858	0
3	93880487	859	0
3	93991886	860	0
3	94103455	861	0
3	94214867	862	0
3	94326530	863	0
3	94438014	864	0
3	94549527	865	0
3	94660975	866	0
3	94772441	867	0
3	94883986	868	0
3	94995353	869	0
3	95106834	870	0
3	95218459	871	0
3	95329945	872	0
3	95441513	873	0
3	95552937	874	0
3	95664347	875	0
3	95775967	876	0
3	95887403	877	0
3	95998794	878	0
3	96110367	879	0
3	96221981	880	0
3	96333271	881	0
3	96444810	882	0
3	96556480	883	0
3	96667778	884	0
3	96779362	885	0
3	96890894	886	0
3	97002404	887	0
3	97113861	888	0
3	97225402	889	0
3	97336864	890	0
3	97448410	891	0
3	97559817	892	0
3	97671323	893	0
3	97782813	894	0
3	97894375	895	0
3	98005706	896	0
3	98117315	897	0
3	98228852	898	0
3	98340231	899	0
3	98451849	900	0
3	98563426	901	0
3	98674816	902	0
3	98786285	903	0
3	98897824	904	0
3	99009201	905	0
3	99120758	906	0
3	99232299	907	0
3	99343789	908	0
3	99455285	909	0
3	99566698	910	0
3	99678169	911	0
3	99789795	912	0
3	99901254	913	0
3	100012689	914	0
3	100124196	915	0
3	100235624	916	0
3	100347168	917	0
3	100458925	918	0
3	100570252	919	0
3	100681666	920	0
3	100793106	921	0
3	100904678	922	0
3	101016275	923	0
3	101127619	924	0
3	101239137	925	0
3	101350721	926	0
3	101462237	927	0
3	101573538	928	0
3	101685118	929	0
3	101796543	930	0
3	101908108	931	0
3	102019627	932	0
3	102131140	933	0
3	102242596	934	0
3	102354049	935	0
3	102465623	936	0
3	102577090	937	0
3	102688624	938	0
3	102800003	939	0
3	102911430	940	0
3	103023095	941	0
3	103134480	942	0
3	103245976	943	0
3	103357540	944	0
3	103469103	945	0
3	103580557	946	0
3	103692037	947	0
3	103803537	948	0
3	103915049	949	0
3	104026342	950	0
3	104137918	951	0
3	104249564	952	0
3	104361004	953	0
3	104472470	954	0
3	104584071	955	0
3	104695503	956	0
3	104807055	957	0
3	104918501	958	0
3	105030034	959	0
3	105141439	960	0
3	105253036	961	0
3	105364501	962	0
3	105476076	963	0
3	105587487	964	0
3	105698878	965	0
3	105810465	966	0
3	105921999	967	0
3	106033350	968	0
3	106145034	969	0
3	106256404	970	0
3	106368006	971	0
3	106479306	972	0
3	106590893	973	0
3	106702244	974	0
3	106813730	975	0
3	106925297	976	0
3	107036897	977	0
3	107148403	978	0
3	107259963	979	0
3	107371292	980	0
3	107482830	981	0
3	107594350	982	0
3	107705721	983	0
3	107817316	984	0
3	107928751	985	0
3	108040232	986	0
3	108151761	987	0
3	108263272	988	0
3	108374794	989	0
3	108486367	990	0
3	108597767	991	0
3	108709275	992	0
3	108820695	993	0
3	108932283	994	0
3	109043706	995	0
3	109155292	996	0
3	109266893	997	0
3	109378259	998	0
3	109489818	999	0
4	3681688	50	20
4	9256389	100	20
4	14831242	150	20
4	20405750	200	20
4	25980499	250	20
4	31555230	300	20
4	37129862	350	20
4	42704769	400	20
4	48279315	450	20
4	53854026	500	20
4	59428838	550	20
4	65003488	600	20
4	70578159	650	20
4	76152836	700	20
4	81727692	750	20
4	87302284	800	20
4	92877020	850	20
4	98451847	900	20
4	104026340	950	20
4	109601391	1000	20
5	3681688	50	0
5	9256389	100	0
5	14831242	150	0
5	20405750	200	0
5	25980499	250	0
5	31555230	300	0
5	37129862	350	0
5	42704769	400	0
5	48279315	450	0
5	53854026	500	0
5	59428838	550	0
5	65003488	600	0
5	70578159	650	0
5	76152836	700	0
5	81727692	750	0
5	87302284	800	0
5	92877020	850	0
5	98451847	900	0
5	104026340	950	0
5	109601391	1000	0
