#Bucket,AimdCC-delay=50ms
6.000000000000000000e+02,0.000000000000000000e+00
6.010000000000000000e+02,3.005442183505199900e+03
6.020000000000000000e+02,3.075816774643640200e+03
6.030000000000000000e+02,3.208019959107849900e+03
6.040000000000000000e+02,3.335775401083470100e+03
6.050000000000000000e+02,3.458287532071380200e+03
6.060000000000000000e+02,3.576138895050499700e+03
6.070000000000000000e+02,3.690798392275780300e+03
6.080000000000000000e+02,3.800603613557649600e+03
6.090000000000000000e+02,3.904579862060140400e+03
6.100000000000000000e+02,4.010211900711389700e+03
6.110000000000000000e+02,4.112860822515650400e+03
6.120000000000000000e+02,4.212924130291210500e+03
6.130000000000000000e+02,4.310653849112740300e+03
6.140000000000000000e+02,4.406878241866159400e+03
6.150000000000000000e+02,4.502499362049419700e+03
6.160000000000000000e+02,4.626476517536830200e+03
6.170000000000000000e+02,4.760223764116930400e+03
6.180000000000000000e+02,4.882711387940780700e+03
6.190000000000000000e+02,5.002391801773389500e+03
6.200000000000000000e+02,5.120739751024960200e+03
6.210000000000000000e+02,5.234300210033789000e+03
6.220000000000000000e+02,5.336085499393999300e+03
6.230000000000000000e+02,5.448604838539240500e+03
6.240000000000000000e+02,5.562769819108960300e+03
6.250000000000000000e+02,5.347072280570179800e+03
6.260000000000000000e+02,4.140064355713509900e+03
6.270000000000000000e+02,4.238389811395499200e+03
6.280000000000000000e+02,4.331027771418690500e+03
6.290000000000000000e+02,4.426162050148270300e+03
6.300000000000000000e+02,4.525934415185600300e+03
6.310000000000000000e+02,4.646689142372760200e+03
6.320000000000000000e+02,4.776242954955500000e+03
6.330000000000000000e+02,4.905103927419610000e+03
6.340000000000000000e+02,5.029557300952060400e+03
6.350000000000000000e+02,5.150050581354959800e+03
6.360000000000000000e+02,5.269398123394629700e+03
6.370000000000000000e+02,5.385798367530819600e+03
6.380000000000000000e+02,5.500625349103799600e+03
6.390000000000000000e+02,4.017953915839310400e+03
6.400000000000000000e+02,4.120539561090379700e+03
6.410000000000000000e+02,4.220763074111220700e+03
6.420000000000000000e+02,4.318513884899719400e+03
6.430000000000000000e+02,4.413597048806210300e+03
6.440000000000000000e+02,4.510419305403909700e+03
6.450000000000000000e+02,4.634777231539000200e+03
6.460000000000000000e+02,4.763468943855439600e+03
6.470000000000000000e+02,4.892481053726569400e+03
6.480000000000000000e+02,4.440999945665040300e+03
6.490000000000000000e+02,3.692361916849839400e+03
6.500000000000000000e+02,3.803631508159049600e+03
6.510000000000000000e+02,3.910054029382660700e+03
6.520000000000000000e+02,4.007205128523879900e+03
6.530000000000000000e+02,4.110411843852090000e+03
6.540000000000000000e+02,4.211537793510569800e+03
6.550000000000000000e+02,4.310019415244089900e+03
6.560000000000000000e+02,4.405882523760499700e+03
6.570000000000000000e+02,4.496157570588099600e+03
6.580000000000000000e+02,4.610194244225229300e+03
6.590000000000000000e+02,4.735881270756299300e+03
6.600000000000000000e+02,4.864262971303100100e+03
6.610000000000000000e+02,4.703119813894129900e+03
6.620000000000000000e+02,3.668184744070980300e+03
6.630000000000000000e+02,3.779919837923939700e+03
6.640000000000000000e+02,3.888535496269320000e+03
6.650000000000000000e+02,3.994035048390280300e+03
6.660000000000000000e+02,4.092892926777201000e+03
6.670000000000000000e+02,4.192111382670180300e+03
6.680000000000000000e+02,4.290067728347241400e+03
6.690000000000000000e+02,4.385748967372750500e+03
6.700000000000000000e+02,4.481314699605310100e+03
6.710000000000000000e+02,4.606402524534119900e+03
6.720000000000000000e+02,4.737106816295859100e+03
6.730000000000000000e+02,4.862585844420649700e+03
6.740000000000000000e+02,4.989519004093329400e+03
6.750000000000000000e+02,5.112796460221759800e+03
6.760000000000000000e+02,5.232936676049390400e+03
6.770000000000000000e+02,5.351007824616830500e+03
6.780000000000000000e+02,5.465812646422359600e+03
6.790000000000000000e+02,5.576357460433841000e+03
6.800000000000000000e+02,5.683316194389030900e+03
6.810000000000000000e+02,5.785808881273419500e+03
6.820000000000000000e+02,5.889597451727949200e+03
6.830000000000000000e+02,5.997207568338230000e+03
6.840000000000000000e+02,6.127477060946670500e+03
6.850000000000000000e+02,6.259841800733009200e+03
6.860000000000000000e+02,4.936266634680570000e+03
6.870000000000000000e+02,4.706120049228719800e+03
6.880000000000000000e+02,4.836430698422800600e+03
6.890000000000000000e+02,4.959901295501060300e+03
6.900000000000000000e+02,3.781673671059559200e+03
6.910000000000000000e+02,3.749073544893130000e+03
6.920000000000000000e+02,3.848747745290199900e+03
6.930000000000000000e+02,3.955207050993349600e+03
6.940000000000000000e+02,4.058810925781760500e+03
6.950000000000000000e+02,4.159738279266489400e+03
6.960000000000000000e+02,4.258460278919390500e+03
6.970000000000000000e+02,4.355046536653590000e+03
6.980000000000000000e+02,4.449628796083549800e+03
6.990000000000000000e+02,4.558481171577610400e+03
7.000000000000000000e+02,4.689705247929710800e+03
7.010000000000000000e+02,4.821247299284449600e+03
7.020000000000000000e+02,4.945819686083710600e+03
7.030000000000000000e+02,5.067700033584609600e+03
7.040000000000000000e+02,5.189621693534949400e+03
7.050000000000000000e+02,5.308171908270409400e+03
7.060000000000000000e+02,5.424477300378390300e+03
7.070000000000000000e+02,5.538283114226529500e+03
7.080000000000000000e+02,5.647785424690599900e+03
7.090000000000000000e+02,5.756401640128970000e+03
7.100000000000000000e+02,5.864431202322899500e+03
7.110000000000000000e+02,5.798451511566309800e+03
7.120000000000000000e+02,4.351045464964519900e+03
7.130000000000000000e+02,4.445820014521739700e+03
7.140000000000000000e+02,4.555341077342909600e+03
7.150000000000000000e+02,4.150304159562309900e+03
7.160000000000000000e+02,3.465529527933710100e+03
7.170000000000000000e+02,3.583910474516540000e+03
7.180000000000000000e+02,3.698768979822019900e+03
7.190000000000000000e+02,3.809760904136349400e+03
7.200000000000000000e+02,3.917790878319319700e+03
7.210000000000000000e+02,4.023074861435429700e+03
7.220000000000000000e+02,4.125038967221689700e+03
7.230000000000000000e+02,4.224177404819030000e+03
7.240000000000000000e+02,4.320952612721359400e+03
7.250000000000000000e+02,4.035463406388480500e+03
7.260000000000000000e+02,3.264075652057370000e+03
7.270000000000000000e+02,3.389024223807200100e+03
7.280000000000000000e+02,3.510517065588070600e+03
7.290000000000000000e+02,3.628091569094959600e+03
7.300000000000000000e+02,3.741970919672499300e+03
7.310000000000000000e+02,3.852121395091390200e+03
7.320000000000000000e+02,3.959281665737579300e+03
7.330000000000000000e+02,4.063865632050569700e+03
7.340000000000000000e+02,4.165429330308119500e+03
7.350000000000000000e+02,4.264381559120070100e+03
7.360000000000000000e+02,4.357213895226950600e+03
7.370000000000000000e+02,4.450473172938359300e+03
7.380000000000000000e+02,4.563116574215820000e+03
7.390000000000000000e+02,4.697747988942920500e+03
7.400000000000000000e+02,4.828599832356259900e+03
7.410000000000000000e+02,4.952232393226329800e+03
7.420000000000000000e+02,5.076904160932300300e+03
7.430000000000000000e+02,5.198547974840060300e+03
7.440000000000000000e+02,5.317534216054779800e+03
7.450000000000000000e+02,5.431594197123779800e+03
7.460000000000000000e+02,5.545298751273980100e+03
7.470000000000000000e+02,5.656061596987119600e+03
7.480000000000000000e+02,5.762033161685360000e+03
7.490000000000000000e+02,5.866492995837620600e+03
7.500000000000000000e+02,5.971658541561219900e+03
7.510000000000000000e+02,6.094273138318250900e+03
7.520000000000000000e+02,4.445927914972099600e+03
7.530000000000000000e+02,4.554772495995689500e+03
7.540000000000000000e+02,4.689894383317140600e+03
7.550000000000000000e+02,4.819845285187029700e+03
7.560000000000000000e+02,4.946655203679340000e+03
7.570000000000000000e+02,5.069451038788299200e+03
7.580000000000000000e+02,5.190227166354209700e+03
7.590000000000000000e+02,5.307387090585520100e+03
7.600000000000000000e+02,5.424623735845410900e+03
7.610000000000000000e+02,5.538342155930690800e+03
7.620000000000000000e+02,5.648171641340390100e+03
7.630000000000000000e+02,5.751514793379100400e+03
7.640000000000000000e+02,5.854985373214160100e+03
7.650000000000000000e+02,5.959560131258758700e+03
7.660000000000000000e+02,6.082975639128601000e+03
7.670000000000000000e+02,6.219672939633559500e+03
7.680000000000000000e+02,6.353484775020011500e+03
7.690000000000000000e+02,6.483558962552850100e+03
7.700000000000000000e+02,6.599657407677290400e+03
7.710000000000000000e+02,6.715272366322499700e+03
7.720000000000000000e+02,6.833694927322940200e+03
7.730000000000000000e+02,6.948434045548479800e+03
7.740000000000000000e+02,7.063611570500540400e+03
7.750000000000000000e+02,7.177882332000621300e+03
7.760000000000000000e+02,4.179595908444171100e+03
7.770000000000000000e+02,3.843172345597280100e+03
7.780000000000000000e+02,3.041363307337799600e+03
7.790000000000000000e+02,2.890410952237340100e+03
7.800000000000000000e+02,2.961702527636179600e+03
7.810000000000000000e+02,3.061595685035050300e+03
7.820000000000000000e+02,3.194395975736720200e+03
7.830000000000000000e+02,3.322345422597060000e+03
7.840000000000000000e+02,3.445309963080550500e+03
7.850000000000000000e+02,3.564190630410400000e+03
7.860000000000000000e+02,3.679437497848129600e+03
7.870000000000000000e+02,3.790632897244649900e+03
7.880000000000000000e+02,3.898650901629539900e+03
7.890000000000000000e+02,4.004569553373589800e+03
7.900000000000000000e+02,3.869842682592919100e+03
7.910000000000000000e+02,3.007970187426830300e+03
7.920000000000000000e+02,3.133057633458649900e+03
7.930000000000000000e+02,3.262986318003920100e+03
7.940000000000000000e+02,3.388212000824649300e+03
7.950000000000000000e+02,3.509627832642318900e+03
7.960000000000000000e+02,3.626959244271950000e+03
7.970000000000000000e+02,3.739953545791209800e+03
7.980000000000000000e+02,3.849700611795709800e+03
7.990000000000000000e+02,3.956500222562449800e+03
8.000000000000000000e+02,4.061092528955979600e+03
8.010000000000000000e+02,4.163580360105369400e+03
8.020000000000000000e+02,4.263027461083240300e+03
8.030000000000000000e+02,4.359983139678459300e+03
8.040000000000000000e+02,4.070964909377749300e+03
8.050000000000000000e+02,3.292165681987170000e+03
8.060000000000000000e+02,3.417748686316049800e+03
8.070000000000000000e+02,3.537305475942229400e+03
8.080000000000000000e+02,3.642925659957330000e+03
8.090000000000000000e+02,3.755871953066429800e+03
8.100000000000000000e+02,3.865889911185300200e+03
8.110000000000000000e+02,3.972902544758700100e+03
8.120000000000000000e+02,4.076474050174149900e+03
8.130000000000000000e+02,4.175160806826469500e+03
8.140000000000000000e+02,4.271628547999729600e+03
8.150000000000000000e+02,4.368508162795538700e+03
8.160000000000000000e+02,4.463157408409791100e+03
8.170000000000000000e+02,4.580509403587319900e+03
8.180000000000000000e+02,4.714694048924709900e+03
8.190000000000000000e+02,4.844910106411129200e+03
8.200000000000000000e+02,4.969678845599649300e+03
8.210000000000000000e+02,5.086478150863140400e+03
8.220000000000000000e+02,5.204680640617909400e+03
8.230000000000000000e+02,5.323296734813379800e+03
8.240000000000000000e+02,5.439022280710169100e+03
8.250000000000000000e+02,5.552903315610969900e+03
8.260000000000000000e+02,5.664779965210780600e+03
8.270000000000000000e+02,5.772264803528180000e+03
8.280000000000000000e+02,5.877097451003110100e+03
8.290000000000000000e+02,4.781309518255900000e+03
8.300000000000000000e+02,4.365517380838559800e+03
8.310000000000000000e+02,4.460076305888740500e+03
8.320000000000000000e+02,4.577277051203970600e+03
8.330000000000000000e+02,4.711028318125199800e+03
8.340000000000000000e+02,4.837095178123459800e+03
8.350000000000000000e+02,4.953586943090250300e+03
8.360000000000000000e+02,5.071614423892669900e+03
8.370000000000000000e+02,5.183967575405919900e+03
8.380000000000000000e+02,5.300251334016060400e+03
8.390000000000000000e+02,5.094803591006018900e+03
8.400000000000000000e+02,3.954951857557590300e+03
8.410000000000000000e+02,4.058839448978639200e+03
8.420000000000000000e+02,4.160024290042309100e+03
8.430000000000000000e+02,4.258562526901089800e+03
8.440000000000000000e+02,4.355135595931689700e+03
8.450000000000000000e+02,4.449883399186639500e+03
8.460000000000000000e+02,4.563301083139410400e+03
8.470000000000000000e+02,4.697877306623480800e+03
8.480000000000000000e+02,4.822183321190909700e+03
8.490000000000000000e+02,4.940402443283240200e+03
8.500000000000000000e+02,5.063973322323589900e+03
8.510000000000000000e+02,5.181990983126480400e+03
8.520000000000000000e+02,5.292158097334900000e+03
8.530000000000000000e+02,5.405150349489029400e+03
8.540000000000000000e+02,5.518475676454470000e+03
8.550000000000000000e+02,5.617641529648350100e+03
8.560000000000000000e+02,5.723552118978190300e+03
8.570000000000000000e+02,5.832234745735750000e+03
8.580000000000000000e+02,4.416959926198209400e+03
8.590000000000000000e+02,4.345945824150490800e+03
8.600000000000000000e+02,4.441505238610870900e+03
8.610000000000000000e+02,4.537044696500999600e+03
8.620000000000000000e+02,4.656762521156459100e+03
8.630000000000000000e+02,4.785687785342340200e+03
8.640000000000000000e+02,4.903171104759359900e+03
8.650000000000000000e+02,5.017052154385830400e+03
8.660000000000000000e+02,5.127436628369289800e+03
8.670000000000000000e+02,5.233713590122160000e+03
8.680000000000000000e+02,5.344490061025140700e+03
8.690000000000000000e+02,5.460566520148700000e+03
8.700000000000000000e+02,5.566879763812849900e+03
8.710000000000000000e+02,5.670246310112549500e+03
8.720000000000000000e+02,5.775874213386799100e+03
8.730000000000000000e+02,5.883681008696679800e+03
8.740000000000000000e+02,5.467685702726969800e+03
8.750000000000000000e+02,4.362172209646601000e+03
8.760000000000000000e+02,4.457363665657369900e+03
8.770000000000000000e+02,4.570667321458160600e+03
8.780000000000000000e+02,3.764389544962639800e+03
8.790000000000000000e+02,3.485699555277920400e+03
8.800000000000000000e+02,3.599681634223509700e+03
8.810000000000000000e+02,3.707298794958680000e+03
8.820000000000000000e+02,3.814715117358480300e+03
8.830000000000000000e+02,3.909262352649539900e+03
8.840000000000000000e+02,4.013904070805550000e+03
8.850000000000000000e+02,4.115823273950989500e+03
8.860000000000000000e+02,4.215486631481939200e+03
8.870000000000000000e+02,4.312659960136569700e+03
8.880000000000000000e+02,4.403946536904969400e+03
8.890000000000000000e+02,4.501690729666139300e+03
8.900000000000000000e+02,4.629963447696770300e+03
8.910000000000000000e+02,4.621592240184019800e+03
8.920000000000000000e+02,3.502543504522160200e+03
8.930000000000000000e+02,3.615364781392560000e+03
8.940000000000000000e+02,3.729352254739950200e+03
8.950000000000000000e+02,3.839605676684930100e+03
8.960000000000000000e+02,3.945594081878119100e+03
8.970000000000000000e+02,4.049455160998240000e+03
8.980000000000000000e+02,3.791299810044880800e+03
8.990000000000000000e+02,3.062207260146150500e+03
9.000000000000000000e+02,3.195174096494559800e+03
9.010000000000000000e+02,3.323646568009619800e+03
9.020000000000000000e+02,3.447312683963659800e+03
9.030000000000000000e+02,3.561068310087949600e+03
9.040000000000000000e+02,3.675615975025070800e+03
9.050000000000000000e+02,3.787489731086630400e+03
9.060000000000000000e+02,3.896520807546000500e+03
9.070000000000000000e+02,4.002166374308570100e+03
9.080000000000000000e+02,4.105055010166479400e+03
9.090000000000000000e+02,4.205022289700799800e+03
9.100000000000000000e+02,4.302914696304859700e+03
9.110000000000000000e+02,4.398815529976009200e+03
9.120000000000000000e+02,4.495353114606699800e+03
9.130000000000000000e+02,3.569045692006369800e+03
9.140000000000000000e+02,3.430130385325269800e+03
9.150000000000000000e+02,3.548987324025260000e+03
9.160000000000000000e+02,3.663918592836769700e+03
9.170000000000000000e+02,3.775133543212739400e+03
9.180000000000000000e+02,3.880670876979309900e+03
9.190000000000000000e+02,3.982631778647580200e+03
9.200000000000000000e+02,4.085509323023389700e+03
9.210000000000000000e+02,4.186007164038150200e+03
9.220000000000000000e+02,4.284459206051870800e+03
9.230000000000000000e+02,4.380996675710221100e+03
9.240000000000000000e+02,4.475760789138750600e+03
9.250000000000000000e+02,4.588913655211230400e+03
9.260000000000000000e+02,4.718244854946799900e+03
9.270000000000000000e+02,4.848658978191710000e+03
9.280000000000000000e+02,4.972332524801160600e+03
9.290000000000000000e+02,5.090197560871848500e+03
9.300000000000000000e+02,3.875360299873130300e+03
9.310000000000000000e+02,3.837114456985279500e+03
9.320000000000000000e+02,3.933931664237049500e+03
9.330000000000000000e+02,4.038613894530919900e+03
9.340000000000000000e+02,4.140084093088190500e+03
9.350000000000000000e+02,4.228203506449791300e+03
9.360000000000000000e+02,4.322790955107129800e+03
9.370000000000000000e+02,4.418238487903600800e+03
9.380000000000000000e+02,4.513962583317070300e+03
9.390000000000000000e+02,4.641470572130630000e+03
9.400000000000000000e+02,4.773924211360599700e+03
9.410000000000000000e+02,4.899480612010160300e+03
9.420000000000000000e+02,5.025165333553561100e+03
9.430000000000000000e+02,5.147701262854960100e+03
9.440000000000000000e+02,5.259717711783068800e+03
9.450000000000000000e+02,5.365621440394070300e+03
9.460000000000000000e+02,5.479981338012679800e+03
9.470000000000000000e+02,5.586903736572179700e+03
9.480000000000000000e+02,5.690806990053929400e+03
9.490000000000000000e+02,5.797306025107170200e+03
9.500000000000000000e+02,5.901025580520830800e+03
9.510000000000000000e+02,6.001616210669801100e+03
9.520000000000000000e+02,6.129217657052830900e+03
9.530000000000000000e+02,6.258844373247829900e+03
9.540000000000000000e+02,5.390057229300269700e+03
9.550000000000000000e+02,3.362468242552659800e+03
9.560000000000000000e+02,3.473897516783049500e+03
9.570000000000000000e+02,3.591836965377599900e+03
9.580000000000000000e+02,3.706259487066449800e+03
9.590000000000000000e+02,3.817154411113939700e+03
9.600000000000000000e+02,3.920952935931100500e+03
9.610000000000000000e+02,4.025223396281520300e+03
9.620000000000000000e+02,4.127975154654729500e+03
9.630000000000000000e+02,4.226750355153069900e+03
9.640000000000000000e+02,4.320467577202350200e+03
9.650000000000000000e+02,4.416077639623958900e+03
9.660000000000000000e+02,4.254421360324990000e+03
9.670000000000000000e+02,3.334973210545950200e+03
9.680000000000000000e+02,3.457569995437209400e+03
9.690000000000000000e+02,3.576215845298759600e+03
9.700000000000000000e+02,3.691541152230929600e+03
9.710000000000000000e+02,3.800623617601409900e+03
9.720000000000000000e+02,3.906646239335380900e+03
9.730000000000000000e+02,4.012194826856140000e+03
9.740000000000000000e+02,3.996056947830490600e+03
9.750000000000000000e+02,3.016995624929049900e+03
9.760000000000000000e+02,3.146030502997809900e+03
9.770000000000000000e+02,3.272921654964599800e+03
9.780000000000000000e+02,3.001825737829120500e+03
9.790000000000000000e+02,2.506467493037099800e+03
9.800000000000000000e+02,2.588616497175360100e+03
9.810000000000000000e+02,2.668039756634650100e+03
9.820000000000000000e+02,2.744890380256640100e+03
9.830000000000000000e+02,2.819790308835060400e+03
9.840000000000000000e+02,2.892876667154329900e+03
9.850000000000000000e+02,2.964101003438679500e+03
9.860000000000000000e+02,3.053577395682450100e+03
9.870000000000000000e+02,2.906419779107899600e+03
9.880000000000000000e+02,2.360462806941200100e+03
9.890000000000000000e+02,2.446947745970289800e+03
9.900000000000000000e+02,2.530448072659670300e+03
9.910000000000000000e+02,2.611172799605649700e+03
9.920000000000000000e+02,1.939043844234719900e+03
9.930000000000000000e+02,2.043683845970660100e+03
9.940000000000000000e+02,2.142841304142620200e+03
9.950000000000000000e+02,2.237174084410819900e+03
9.960000000000000000e+02,2.327597398074160100e+03
9.970000000000000000e+02,2.415139087329720000e+03
9.980000000000000000e+02,2.499918489635500000e+03
9.990000000000000000e+02,2.582066550473930400e+03
1.000000000000000000e+03,0.000000000000000000e+00
